id,inf_state,current_time,infected_time,ct_value,ct_type_method,number_of_bites,species,sex,current_age,death_day,sim_number,
2832015,0,452,0,40,2,0,2,1,47,109,5
2834121,0,452,0,40,2,0,2,1,29,39,5
2834172,0,452,0,40,2,0,2,1,28,6,5
2834338,0,452,0,40,2,0,2,1,28,27,5
2832582,0,452,0,40,2,2,2,1,35,18,5
2834030,0,452,0,40,2,0,2,1,27,21,5
2834459,0,452,0,40,3,0,2,1,27,32,5
2832125,0,452,0,40,3,2,2,1,34,45,5
2833040,0,452,0,40,3,1,2,1,31,45,5
2833439,0,452,0,40,3,1,2,1,29,25,5
2834362,0,452,0,40,2,0,2,1,26,53,5
2834374,0,452,0,40,3,0,2,1,26,55,5
2834577,0,452,0,40,3,0,2,1,26,34,5
2834408,0,452,0,40,3,0,2,1,25,21,5
2834448,0,452,0,40,3,0,2,1,25,44,5
2834480,0,452,0,40,2,0,2,1,25,76,5
2834584,0,452,0,40,3,0,2,1,25,37,5
2834588,0,452,0,40,2,0,2,1,25,59,5
2834748,0,452,0,40,2,0,2,1,25,51,5
2834820,0,452,0,40,3,0,2,1,25,32,5
2833362,0,452,0,40,2,1,2,1,28,53,5
2832661,0,452,0,40,3,2,2,1,31,38,5
2834455,0,452,0,40,3,1,2,1,25,21,5
2834000,0,452,0,40,3,1,2,1,28,66,5
2834562,0,452,0,40,2,0,2,1,24,51,5
2834805,0,452,0,40,2,0,2,1,24,50,5
2834828,0,452,0,40,2,0,2,1,24,41,5
2834958,0,452,0,40,2,0,2,1,24,21,5
2834960,0,452,0,40,3,0,2,1,24,28,5
2834966,0,452,0,40,3,0,2,1,24,59,5
2832958,0,452,0,40,2,1,2,1,26,74,5
2833150,0,452,0,40,3,1,2,1,27,63,5
2834481,0,452,0,40,2,1,2,1,26,52,5
2834539,0,452,0,40,2,1,2,1,25,42,5
2833481,0,452,0,40,2,1,2,1,29,51,5
2834484,0,452,0,40,3,0,2,1,23,26,5
2834763,0,452,0,40,3,0,2,1,23,32,5
2834949,0,452,0,40,3,0,2,1,23,53,5
2835096,0,452,0,40,2,0,2,1,23,77,5
2835158,0,452,0,40,2,0,2,1,23,15,5
2833195,0,452,0,40,3,1,2,1,27,20,5
2832823,0,452,0,40,2,2,2,1,25,41,5
2832996,0,452,0,40,2,2,2,1,25,25,5
2833983,0,452,0,40,2,1,2,1,25,61,5
2831795,0,452,0,40,3,2,2,1,48,45,5
2834069,0,452,0,40,3,1,2,1,29,57,5
2834847,0,452,0,40,2,0,2,1,22,36,5
2834935,0,452,0,40,3,0,2,1,22,29,5
2835077,0,452,0,40,2,0,2,1,22,25,5
2835113,0,452,0,40,2,0,2,1,22,47,5
2835193,0,452,0,40,2,0,2,1,22,66,5
2835237,0,452,0,40,2,0,2,1,22,26,5
2835317,0,452,0,40,3,0,2,1,22,33,5
2832262,0,452,0,40,2,2,2,1,34,46,5
2831514,0,452,0,40,3,4,2,1,40,52,5
2832456,0,452,0,40,3,2,2,1,35,43,5
2832182,0,452,0,40,2,3,2,1,31,26,5
2834612,0,452,0,40,2,1,2,1,23,77,5
2834687,0,452,0,40,2,0,2,1,21,7,5
2835067,0,452,0,40,3,0,2,1,21,19,5
2835260,0,452,0,40,2,0,2,1,21,32,5
2835292,0,452,0,40,3,0,2,1,21,54,5
2835360,0,452,0,40,3,0,2,1,21,55,5
2835401,0,452,0,40,2,0,2,1,21,44,5
2835509,0,452,0,40,2,0,2,1,21,42,5
2782345,0,452,0,40,2,13,2,1,81,48,5
2832735,0,452,0,40,2,2,2,1,25,15,5
2833170,0,452,0,40,2,2,2,1,24,26,5
2834319,0,452,0,40,3,1,2,1,21,42,5
2834168,0,452,0,40,3,1,2,1,23,48,5
2832616,0,452,0,40,3,3,2,1,28,41,5
2832836,0,452,0,40,2,2,2,1,30,83,5
2833819,0,452,0,40,3,1,2,1,25,62,5
2831021,0,452,0,40,3,4,2,1,49,56,5
2834282,0,452,0,40,3,1,2,1,25,39,5
2834645,0,452,0,40,2,2,2,1,22,60,5
2833116,0,452,0,40,2,2,2,1,29,31,5
2833591,0,452,0,40,2,2,2,1,27,81,5
2833779,0,452,0,40,3,2,2,1,25,58,5
2835214,0,452,0,40,3,0,2,1,20,45,5
2835410,0,452,0,40,3,0,2,1,20,29,5
2835418,0,452,0,40,2,0,2,1,20,35,5
2835422,0,452,0,40,2,0,2,1,20,49,5
2835430,0,452,0,40,2,0,2,1,20,45,5
2835486,0,452,0,40,3,0,2,1,20,29,5
2835514,0,452,0,40,2,0,2,1,20,73,5
2835544,0,452,0,40,3,0,2,1,20,54,5
2835550,0,452,0,40,3,0,2,1,20,24,5
2835588,0,452,0,40,3,0,2,1,20,38,5
2835618,0,452,0,40,3,0,2,1,20,25,5
2835644,0,452,0,40,2,0,2,1,20,71,5
2833735,0,452,0,40,2,1,2,1,20,49,5
2834018,0,452,0,40,3,1,2,1,22,52,5
2834306,0,452,0,40,2,1,2,1,22,30,5
2832626,0,452,0,40,2,2,2,1,34,82,5
2834314,0,452,0,40,3,1,2,1,25,17,5
2834286,0,452,0,40,2,2,2,1,23,36,5
2834624,0,452,0,40,3,1,2,1,22,25,5
2833643,0,452,0,40,2,2,2,1,28,24,5
2834406,0,452,0,40,2,1,2,1,24,52,5
2833604,0,452,0,40,3,2,2,1,24,54,5
2835370,0,452,0,40,3,0,2,1,19,81,5
2835533,0,452,0,40,2,0,2,1,19,60,5
2835549,0,452,0,40,3,0,2,1,19,37,5
2835609,0,452,0,40,2,0,2,1,19,74,5
2835649,0,452,0,40,3,0,2,1,19,33,5
2835696,0,452,0,40,2,0,2,1,19,34,5
2835714,0,452,0,40,2,0,2,1,19,60,5
2835718,0,452,0,40,3,0,2,1,19,15,5
2835736,0,452,0,40,3,0,2,1,19,26,5
2835758,0,452,0,40,2,0,2,1,19,41,5
2835774,0,452,0,40,3,0,2,1,19,39,5
2835776,0,452,0,40,2,0,2,1,19,57,5
2835800,0,452,0,40,3,0,2,1,19,35,5
2835804,0,452,0,40,3,0,2,1,19,64,5
2835818,0,452,0,40,3,0,2,1,19,25,5
2835852,0,452,0,40,2,0,2,1,19,47,5
2833178,0,452,0,40,2,2,2,1,23,22,5
2834021,0,452,0,40,2,1,2,1,24,36,5
2834341,0,452,0,40,3,1,2,1,21,66,5
2832710,0,452,0,40,2,2,2,1,33,84,5
2834538,0,452,0,40,3,2,2,1,21,31,5
2834567,0,452,0,40,3,1,2,1,24,83,5
2835289,0,452,0,40,3,1,2,1,20,64,5
2835324,0,452,0,40,3,1,2,1,19,65,5
2834208,0,452,0,40,3,1,2,1,27,35,5
2835592,0,452,0,40,2,1,2,1,19,25,5
2835480,0,452,0,40,3,0,2,1,18,43,5
2835687,0,452,0,40,3,0,2,1,18,54,5
2835747,0,452,0,40,2,0,2,1,18,32,5
2835755,0,452,0,40,2,0,2,1,18,35,5
2835775,0,452,0,40,3,0,2,1,18,17,5
2835827,0,452,0,40,3,0,2,1,18,36,5
2835847,0,452,0,40,3,0,2,1,18,50,5
2835922,0,452,0,40,3,0,2,1,18,79,5
2835996,0,452,0,40,3,0,2,1,18,49,5
2836038,0,452,0,40,2,0,2,1,18,21,5
2831746,0,452,0,40,3,0,2,1,28,39,5
2834144,0,452,0,40,3,1,2,1,18,31,5
2833946,0,452,0,40,2,1,2,1,22,19,5
2833076,0,452,0,40,2,2,2,1,24,37,5
2832549,0,452,0,40,3,3,2,1,31,33,5
2833330,0,452,0,40,3,2,2,1,24,19,5
2834982,0,452,0,40,3,1,2,1,19,33,5
2833808,0,452,0,40,2,2,2,1,19,76,5
2833108,0,452,0,40,2,2,2,1,27,42,5
2834709,0,452,0,40,2,1,2,1,20,29,5
2832554,0,452,0,40,2,3,2,1,26,41,5
2834691,0,452,0,40,2,1,2,1,20,86,5
2835160,0,452,0,40,3,1,2,1,20,28,5
2835368,0,452,0,40,3,1,2,1,18,31,5
2833227,0,452,0,40,2,3,2,1,27,54,5
2831554,0,452,0,40,2,4,2,1,43,47,5
2835613,0,452,0,40,3,1,2,1,18,26,5
2833813,0,452,0,40,2,1,2,1,30,50,5
2835362,0,452,0,40,2,0,2,1,17,78,5
2835551,0,452,0,40,3,0,2,1,17,8,5
2835631,0,452,0,40,3,0,2,1,17,54,5
2835781,0,452,0,40,3,0,2,1,17,55,5
2835821,0,452,0,40,2,0,2,1,17,17,5
2835897,0,452,0,40,2,0,2,1,17,34,5
2835993,0,452,0,40,2,0,2,1,17,50,5
2836029,0,452,0,40,2,0,2,1,17,26,5
2836108,0,452,0,40,2,0,2,1,17,12,5
2836114,0,452,0,40,3,0,2,1,17,28,5
2836130,0,452,0,40,2,0,2,1,17,24,5
2836134,0,452,0,40,2,0,2,1,17,23,5
2836144,0,452,0,40,3,0,2,1,17,44,5
2836162,0,452,0,40,3,0,2,1,17,82,5
2836184,0,452,0,40,2,0,2,1,17,25,5
2836190,0,452,0,40,2,0,2,1,17,54,5
2836192,0,452,0,40,3,0,2,1,17,39,5
2836200,0,452,0,40,2,0,2,1,17,31,5
2836214,0,452,0,40,3,0,2,1,17,46,5
2836220,0,452,0,40,2,0,2,1,17,35,5
2836222,0,452,0,40,3,0,2,1,17,34,5
2836242,0,452,0,40,3,0,2,1,17,22,5
2833899,0,452,0,40,2,1,2,1,18,66,5
2834009,0,452,0,40,2,2,2,1,19,72,5
2833468,0,452,0,40,3,1,2,1,26,63,5
2834615,0,452,0,40,2,1,2,1,19,38,5
2834758,0,452,0,40,3,1,2,1,18,15,5
2833229,0,452,0,40,2,1,2,1,25,76,5
2834617,0,452,0,40,2,1,2,1,20,27,5
2833068,0,452,0,40,2,2,2,1,26,56,5
2834948,0,452,0,40,2,1,2,1,19,26,5
2834058,0,452,0,40,3,1,2,1,22,72,5
2834809,0,452,0,40,3,1,2,1,20,66,5
2833752,0,452,0,40,2,2,2,1,21,34,5
2834849,0,452,0,40,3,1,2,1,19,34,5
2834219,0,452,0,40,3,2,2,1,22,78,5
2834212,0,452,0,40,3,1,2,1,25,37,5
2834255,0,452,0,40,3,1,2,1,24,80,5
2833130,0,452,0,40,3,2,2,1,25,17,5
2835208,0,452,0,40,2,1,2,1,18,45,5
2834838,0,452,0,40,3,2,2,1,18,56,5
2835560,0,452,0,40,2,1,2,1,17,26,5
2834210,0,452,0,40,2,1,2,1,26,25,5
2833879,0,452,0,40,3,2,2,1,23,36,5
2835802,0,452,0,40,3,1,2,1,17,68,5
2834611,0,452,0,40,3,1,2,1,25,62,5
2833876,0,452,0,40,3,2,2,1,25,8,5
2835440,0,452,0,40,2,0,2,1,16,39,5
2835504,0,452,0,40,2,0,2,1,16,85,5
2835575,0,452,0,40,3,0,2,1,16,29,5
2835761,0,452,0,40,2,0,2,1,16,30,5
2835967,0,452,0,40,2,0,2,1,16,33,5
2836047,0,452,0,40,2,0,2,1,16,15,5
2836079,0,452,0,40,2,0,2,1,16,62,5
2836115,0,452,0,40,3,0,2,1,16,29,5
2836171,0,452,0,40,3,0,2,1,16,85,5
2836215,0,452,0,40,3,0,2,1,16,50,5
2836251,0,452,0,40,2,0,2,1,16,32,5
2836271,0,452,0,40,2,0,2,1,16,82,5
2836289,0,452,0,40,2,0,2,1,16,11,5
2836311,0,452,0,40,2,0,2,1,16,36,5
2836315,0,452,0,40,2,0,2,1,16,35,5
2836325,0,452,0,40,2,0,2,1,16,44,5
2836337,0,452,0,40,2,0,2,1,16,19,5
2836341,0,452,0,40,2,0,2,1,16,57,5
2836373,0,452,0,40,3,0,2,1,16,33,5
2836387,0,452,0,40,2,0,2,1,16,18,5
2836413,0,452,0,40,3,0,2,1,16,53,5
2836435,0,452,0,40,2,0,2,1,16,39,5
2836451,0,452,0,40,2,0,2,1,16,37,5
2828634,0,452,0,40,2,1,2,1,33,40,5
2833888,0,452,0,40,2,0,2,1,16,34,5
2834046,0,452,0,40,3,1,2,1,16,19,5
2833910,0,452,0,40,2,1,2,1,18,38,5
2835104,0,452,0,40,2,1,2,1,16,34,5
2832983,0,452,0,40,2,2,2,1,27,48,5
2834516,0,452,0,40,2,2,2,1,19,25,5
2831381,0,452,0,40,2,4,2,1,37,35,5
2832451,0,452,0,40,3,2,2,1,33,37,5
2835425,0,452,0,40,2,1,2,1,16,21,5
2832612,0,452,0,40,3,3,2,1,28,44,5
2834774,0,452,0,40,3,1,2,1,21,50,5
2833282,0,452,0,40,2,3,2,1,24,24,5
2835094,0,452,0,40,3,1,2,1,19,40,5
2835433,0,452,0,40,3,1,2,1,17,76,5
2832992,0,452,0,40,2,2,2,1,32,39,5
2834869,0,452,0,40,3,1,2,1,20,14,5
2835506,0,452,0,40,3,1,2,1,17,80,5
2834786,0,452,0,40,3,2,2,1,22,32,5
2833388,0,452,0,40,2,3,2,1,26,46,5
2834787,0,452,0,40,2,1,2,1,22,27,5
2835883,0,452,0,40,3,0,2,1,15,60,5
2835995,0,452,0,40,3,0,2,1,15,30,5
2836041,0,452,0,40,2,0,2,1,15,60,5
2836057,0,452,0,40,3,0,2,1,15,43,5
2836073,0,452,0,40,2,0,2,1,15,64,5
2836161,0,452,0,40,2,0,2,1,15,96,5
2836241,0,452,0,40,3,0,2,1,15,66,5
2836270,0,452,0,40,3,0,2,1,15,72,5
2836278,0,452,0,40,2,0,2,1,15,63,5
2836286,0,452,0,40,2,0,2,1,15,24,5
2836314,0,452,0,40,2,0,2,1,15,26,5
2836326,0,452,0,40,3,0,2,1,15,36,5
2836366,0,452,0,40,3,0,2,1,15,38,5
2836418,0,452,0,40,3,0,2,1,15,42,5
2836438,0,452,0,40,2,0,2,1,15,49,5
2836479,0,452,0,40,3,0,2,1,15,24,5
2836483,0,452,0,40,2,0,2,1,15,28,5
2836497,0,452,0,40,2,0,2,1,15,79,5
2836509,0,452,0,40,2,0,2,1,15,43,5
2836529,0,452,0,40,3,0,2,1,15,18,5
2836539,0,452,0,40,2,0,2,1,15,32,5
2836543,0,452,0,40,2,0,2,1,15,62,5
2836545,0,452,0,40,2,0,2,1,15,33,5
2836585,0,452,0,40,2,0,2,1,15,57,5
2836599,0,452,0,40,3,0,2,1,15,26,5
2836665,0,452,0,40,2,0,2,1,15,25,5
2826821,0,452,0,40,3,0,2,1,20,26,5
2827773,0,452,0,40,3,1,2,1,27,40,5
2830173,0,452,0,40,3,0,2,1,15,48,5
2762152,0,452,0,40,3,21,2,1,94,27,5
2831140,0,452,0,40,2,0,2,1,16,53,5
2832239,0,452,0,40,2,0,2,1,17,30,5
2834216,0,452,0,40,3,1,2,1,20,25,5
2834067,0,452,0,40,2,2,2,1,19,38,5
2833414,0,452,0,40,3,1,2,1,24,80,5
2832763,0,452,0,40,2,2,2,1,22,57,5
2832702,0,452,0,40,3,2,2,1,32,55,5
2833925,0,452,0,40,2,2,2,1,20,89,5
2834867,0,452,0,40,3,1,2,1,16,38,5
2834464,0,452,0,40,2,2,2,1,16,96,5
2831758,0,452,0,40,3,5,2,1,32,58,5
2834573,0,452,0,40,2,1,2,1,23,32,5
2834321,0,452,0,40,2,1,2,1,22,46,5
2835271,0,452,0,40,2,1,2,1,19,34,5
2835460,0,452,0,40,3,1,2,1,16,22,5
2833923,0,452,0,40,2,2,2,1,26,44,5
2835878,0,452,0,40,3,1,2,1,15,34,5
2836018,0,452,0,40,3,1,2,1,15,34,5
2833773,0,452,0,40,2,1,2,1,28,65,5
2833846,0,452,0,40,2,2,2,1,27,15,5
2834853,0,452,0,40,2,1,2,1,21,53,5
2834196,0,452,0,40,2,3,2,1,22,63,5
2834671,0,452,0,40,2,1,2,1,18,40,5
2835682,0,452,0,40,2,1,2,1,17,47,5
2835786,0,452,0,40,3,1,2,1,17,54,5
2834576,0,452,0,40,3,2,2,1,16,26,5
2835965,0,452,0,40,2,1,2,1,15,105,5
2831964,0,452,0,40,3,2,2,1,23,38,5
2834689,0,452,0,40,3,1,2,1,23,31,5
2832843,0,452,0,40,3,3,2,1,22,30,5
2835229,0,452,0,40,3,2,2,1,20,48,5
2832142,0,452,0,40,2,1,2,1,18,26,5
2832105,0,452,0,40,2,4,2,1,33,61,5
2835527,0,452,0,40,3,0,2,1,14,28,5
2836035,0,452,0,40,3,0,2,1,14,27,5
2836101,0,452,0,40,3,0,2,1,14,45,5
2836117,0,452,0,40,3,0,2,1,14,26,5
2836181,0,452,0,40,2,0,2,1,14,48,5
2836244,0,452,0,40,3,0,2,1,14,21,5
2836276,0,452,0,40,2,0,2,1,14,30,5
2836464,0,452,0,40,3,0,2,1,14,41,5
2836484,0,452,0,40,3,0,2,1,14,24,5
2836504,0,452,0,40,2,0,2,1,14,68,5
2836536,0,452,0,40,3,0,2,1,14,17,5
2836580,0,452,0,40,2,0,2,1,14,61,5
2836600,0,452,0,40,3,0,2,1,14,30,5
2836620,0,452,0,40,3,0,2,1,14,19,5
2836664,0,452,0,40,3,0,2,1,14,31,5
2836676,0,452,0,40,2,0,2,1,14,51,5
2836680,0,452,0,40,3,0,2,1,14,35,5
2836712,0,452,0,40,3,0,2,1,14,63,5
2836720,0,452,0,40,3,0,2,1,14,14,5
2836732,0,452,0,40,3,0,2,1,14,45,5
2836762,0,452,0,40,2,0,2,1,14,59,5
2836772,0,452,0,40,3,0,2,1,14,80,5
2836782,0,452,0,40,3,0,2,1,14,56,5
2836786,0,452,0,40,3,0,2,1,14,30,5
2836796,0,452,0,40,3,0,2,1,14,35,5
2836822,0,452,0,40,2,0,2,1,14,24,5
2836824,0,452,0,40,3,0,2,1,14,38,5
2836828,0,452,0,40,2,0,2,1,14,54,5
2836834,0,452,0,40,2,0,2,1,14,22,5
2836850,0,452,0,40,2,0,2,1,14,51,5
2836856,0,452,0,40,2,0,2,1,14,23,5
2836874,0,452,0,40,3,0,2,1,14,51,5
2836890,0,452,0,40,3,0,2,1,14,27,5
2836892,0,452,0,40,2,0,2,1,14,44,5
2751668,0,452,0,40,3,20,2,1,113,33,5
2826709,0,452,0,40,3,2,2,1,30,32,5
2829430,0,452,0,40,2,1,2,1,25,15,5
2832119,0,452,0,40,3,0,2,1,22,58,5
2832403,0,452,0,40,2,1,2,1,22,31,5
2832664,0,452,0,40,3,3,2,1,22,32,5
2833093,0,452,0,40,3,3,2,1,19,37,5
2833759,0,452,0,40,3,1,2,1,17,62,5
2835041,0,452,0,40,3,1,2,1,14,41,5
2833233,0,452,0,40,2,1,2,1,26,55,5
2834238,0,452,0,40,2,1,2,1,21,27,5
2834361,0,452,0,40,2,1,2,1,20,67,5
2832500,0,452,0,40,2,4,2,1,22,47,5
2832039,0,452,0,40,3,4,2,1,22,45,5
2835491,0,452,0,40,3,1,2,1,14,45,5
2832945,0,452,0,40,3,2,2,1,24,37,5
2835106,0,452,0,40,3,1,2,1,17,47,5
2833546,0,452,0,40,2,2,2,1,20,41,5
2831808,0,452,0,40,2,3,2,1,40,46,5
2834653,0,452,0,40,2,1,2,1,21,37,5
2832084,0,452,0,40,3,2,2,1,32,14,5
2832299,0,452,0,40,2,3,2,1,32,15,5
2835303,0,452,0,40,3,1,2,1,17,26,5
2834812,0,452,0,40,3,2,2,1,19,44,5
2832851,0,452,0,40,2,4,2,1,21,143,5
2835338,0,452,0,40,3,1,2,1,14,57,5
2833891,0,452,0,40,2,1,2,1,26,24,5
2834099,0,452,0,40,2,1,2,1,25,40,5
2833146,0,452,0,40,2,3,2,1,19,18,5
2835554,0,452,0,40,2,1,2,1,16,32,5
2832293,0,452,0,40,3,3,2,1,31,49,5
2833634,0,452,0,40,2,1,2,1,28,39,5
2834870,0,452,0,40,3,1,2,1,21,71,5
2835004,0,452,0,40,3,1,2,1,21,14,5
2835462,0,452,0,40,3,1,2,1,17,53,5
2835651,0,452,0,40,3,1,2,1,15,54,5
2835599,0,452,0,40,3,1,2,1,14,32,5
2836078,0,452,0,40,2,1,2,1,14,34,5
2835012,0,452,0,40,2,1,2,1,21,34,5
2832605,0,452,0,40,2,3,2,1,30,65,5
2833902,0,452,0,40,3,2,2,1,21,47,5
2835048,0,452,0,40,2,2,2,1,20,55,5
2836083,0,452,0,40,3,1,2,1,14,45,5
2834171,0,452,0,40,3,1,2,1,28,41,5
2835169,0,452,0,40,2,1,2,1,21,33,5
2835904,0,452,0,40,2,1,2,1,17,29,5
2836001,0,452,0,40,3,1,2,1,16,39,5
2836072,0,452,0,40,3,2,2,1,16,40,5
2836288,0,452,0,40,2,0,2,1,13,23,5
2836470,0,452,0,40,3,0,2,1,13,38,5
2836478,0,452,0,40,3,0,2,1,13,31,5
2836566,0,452,0,40,2,0,2,1,13,49,5
2836598,0,452,0,40,3,0,2,1,13,48,5
2836630,0,452,0,40,3,0,2,1,13,40,5
2836646,0,452,0,40,2,0,2,1,13,22,5
2836654,0,452,0,40,3,0,2,1,13,28,5
2836678,0,452,0,40,2,0,2,1,13,56,5
2836685,0,452,0,40,3,0,2,1,13,46,5
2836693,0,452,0,40,3,0,2,1,13,20,5
2836737,0,452,0,40,3,0,2,1,13,19,5
2836761,0,452,0,40,3,0,2,1,13,18,5
2836773,0,452,0,40,3,0,2,1,13,33,5
2836797,0,452,0,40,2,0,2,1,13,56,5
2836805,0,452,0,40,3,0,2,1,13,36,5
2836809,0,452,0,40,2,0,2,1,13,28,5
2836817,0,452,0,40,2,0,2,1,13,67,5
2836829,0,452,0,40,2,0,2,1,13,46,5
2836837,0,452,0,40,3,0,2,1,13,38,5
2836849,0,452,0,40,3,0,2,1,13,56,5
2836861,0,452,0,40,2,0,2,1,13,49,5
2836869,0,452,0,40,2,0,2,1,13,37,5
2836881,0,452,0,40,3,0,2,1,13,45,5
2836911,0,452,0,40,2,0,2,1,13,10,5
2836917,0,452,0,40,2,0,2,1,13,51,5
2836939,0,452,0,40,2,0,2,1,13,26,5
2836959,0,452,0,40,2,0,2,1,13,40,5
2836973,0,452,0,40,3,0,2,1,13,73,5
2836979,0,452,0,40,3,0,2,1,13,46,5
2836983,0,452,0,40,2,0,2,1,13,49,5
2836997,0,452,0,40,3,0,2,1,13,69,5
2837003,0,452,0,40,3,0,2,1,13,62,5
2837015,0,452,0,40,3,0,2,1,13,29,5
2837021,0,452,0,40,3,0,2,1,13,28,5
2837029,0,452,0,40,2,0,2,1,13,33,5
2837035,0,452,0,40,3,0,2,1,13,58,5
2837045,0,452,0,40,2,0,2,1,13,31,5
2837055,0,452,0,40,2,0,2,1,13,91,5
2837057,0,452,0,40,3,0,2,1,13,81,5
2837071,0,452,0,40,3,0,2,1,13,59,5
2837075,0,452,0,40,2,0,2,1,13,28,5
2837077,0,452,0,40,3,0,2,1,13,39,5
2837095,0,452,0,40,2,0,2,1,13,19,5
2837099,0,452,0,40,3,0,2,1,13,59,5
2837115,0,452,0,40,2,0,2,1,13,26,5
2837117,0,452,0,40,3,0,2,1,13,38,5
2793146,0,452,0,40,3,12,2,1,80,35,5
2830672,0,452,0,40,3,0,2,1,13,42,5
2830562,0,452,0,40,2,1,2,1,22,40,5
2831654,0,452,0,40,2,0,2,1,13,37,5
2834445,0,452,0,40,3,1,2,1,15,76,5
2832651,0,452,0,40,2,3,2,1,19,35,5
2834942,0,452,0,40,3,1,2,1,16,20,5
2834677,0,452,0,40,2,1,2,1,17,50,5
2834468,0,452,0,40,3,1,2,1,14,29,5
2834187,0,452,0,40,3,1,2,1,21,27,5
2834861,0,452,0,40,2,1,2,1,17,37,5
2834353,0,452,0,40,3,2,2,1,17,16,5
2833430,0,452,0,40,2,3,2,1,21,63,5
2835569,0,452,0,40,2,1,2,1,13,25,5
2833718,0,452,0,40,3,1,2,1,26,86,5
2834402,0,452,0,40,2,1,2,1,21,65,5
2834290,0,452,0,40,3,2,2,1,16,50,5
2835732,0,452,0,40,2,1,2,1,14,75,5
2835778,0,452,0,40,2,1,2,1,14,33,5
2833395,0,452,0,40,3,2,2,1,26,10,5
2835367,0,452,0,40,2,1,2,1,18,43,5
2835471,0,452,0,40,2,1,2,1,17,31,5
2833953,0,452,0,40,2,2,2,1,19,16,5
2831532,0,452,0,40,2,5,2,1,36,17,5
2831154,0,452,0,40,2,1,2,1,20,66,5
2835140,0,452,0,40,2,1,2,1,20,51,5
2832714,0,452,0,40,2,3,2,1,24,44,5
2835858,0,452,0,40,2,1,2,1,15,42,5
2831634,0,452,0,40,3,3,2,1,29,55,5
2836136,0,452,0,40,2,1,2,1,14,69,5
2836224,0,452,0,40,3,1,2,1,14,54,5
2835681,0,452,0,40,3,1,2,1,13,46,5
2834909,0,452,0,40,2,1,2,1,21,21,5
2834855,0,452,0,40,3,1,2,1,20,26,5
2830705,0,452,0,40,3,4,2,1,27,31,5
2833688,0,452,0,40,2,2,2,1,25,25,5
2835850,0,452,0,40,2,2,2,1,16,40,5
2835881,0,452,0,40,3,1,2,1,15,31,5
2835771,0,452,0,40,3,2,2,1,15,44,5
2836381,0,452,0,40,2,1,2,1,14,68,5
2833855,0,452,0,40,3,2,2,1,23,43,5
2832865,0,452,0,40,3,3,2,1,32,49,5
2835110,0,452,0,40,3,2,2,1,17,56,5
2833559,0,452,0,40,3,3,2,1,27,99,5
2836157,0,452,0,40,2,0,2,1,12,70,5
2836256,0,452,0,40,2,0,2,1,12,31,5
2836280,0,452,0,40,3,0,2,1,12,34,5
2836312,0,452,0,40,3,0,2,1,12,35,5
2836408,0,452,0,40,3,0,2,1,12,45,5
2836658,0,452,0,40,2,0,2,1,12,65,5
2836735,0,452,0,40,2,0,2,1,12,57,5
2836855,0,452,0,40,3,0,2,1,12,49,5
2836887,0,452,0,40,3,0,2,1,12,50,5
2836902,0,452,0,40,3,0,2,1,12,43,5
2836918,0,452,0,40,2,0,2,1,12,87,5
2836950,0,452,0,40,2,0,2,1,12,22,5
2836978,0,452,0,40,3,0,2,1,12,68,5
2836998,0,452,0,40,2,0,2,1,12,21,5
2837026,0,452,0,40,3,0,2,1,12,52,5
2837050,0,452,0,40,3,0,2,1,12,44,5
2837070,0,452,0,40,2,0,2,1,12,75,5
2837078,0,452,0,40,3,0,2,1,12,63,5
2837086,0,452,0,40,3,0,2,1,12,80,5
2837094,0,452,0,40,2,0,2,1,12,21,5
2837098,0,452,0,40,2,0,2,1,12,17,5
2837125,0,452,0,40,2,0,2,1,12,18,5
2837127,0,452,0,40,3,0,2,1,12,52,5
2837133,0,452,0,40,2,0,2,1,12,36,5
2837139,0,452,0,40,3,0,2,1,12,11,5
2837145,0,452,0,40,2,0,2,1,12,50,5
2837157,0,452,0,40,3,0,2,1,12,42,5
2837167,0,452,0,40,3,0,2,1,12,46,5
2837185,0,452,0,40,2,0,2,1,12,51,5
2837187,0,452,0,40,2,0,2,1,12,51,5
2837197,0,452,0,40,2,0,2,1,12,66,5
2837203,0,452,0,40,3,0,2,1,12,59,5
2837205,0,452,0,40,3,0,2,1,12,40,5
2837221,0,452,0,40,2,0,2,1,12,24,5
2837241,0,452,0,40,2,0,2,1,12,89,5
2837249,0,452,0,40,2,0,2,1,12,55,5
2837255,0,452,0,40,2,0,2,1,12,38,5
2837267,0,452,0,40,2,0,2,1,12,69,5
2837271,0,452,0,40,2,0,2,1,12,25,5
2837275,0,452,0,40,3,0,2,1,12,73,5
2837283,0,452,0,40,2,0,2,1,12,51,5
2837287,0,452,0,40,2,0,2,1,12,15,5
2837293,0,452,0,40,2,0,2,1,12,85,5
2837301,0,452,0,40,2,0,2,1,12,47,5
2837315,0,452,0,40,3,0,2,1,12,29,5
2837321,0,452,0,40,3,0,2,1,12,56,5
2837327,0,452,0,40,2,0,2,1,12,71,5
2837337,0,452,0,40,2,0,2,1,12,19,5
2837347,0,452,0,40,3,0,2,1,12,41,5
2837353,0,452,0,40,2,0,2,1,12,34,5
2823776,0,452,0,40,3,1,2,1,36,48,5
2828212,0,452,0,40,2,1,2,1,15,65,5
2827782,0,452,0,40,2,1,2,1,22,30,5
2829345,0,452,0,40,2,1,2,1,20,31,5
2825132,0,452,0,40,3,2,2,1,47,91,5
2748185,0,452,0,40,3,22,2,1,110,44,5
2830897,0,452,0,40,2,0,2,1,12,54,5
2831148,0,452,0,40,2,0,2,1,12,49,5
2834442,0,452,0,40,3,1,2,1,16,35,5
2833998,0,452,0,40,2,1,2,1,18,47,5
2835353,0,452,0,40,2,1,2,1,13,35,5
2834785,0,452,0,40,3,1,2,1,16,30,5
2834799,0,452,0,40,2,1,2,1,12,67,5
2834561,0,452,0,40,3,1,2,1,19,31,5
2835082,0,452,0,40,3,1,2,1,16,80,5
2834366,0,452,0,40,2,2,2,1,15,22,5
2834159,0,452,0,40,3,2,2,1,15,20,5
2833939,0,452,0,40,2,2,2,1,20,45,5
2833421,0,452,0,40,3,2,2,1,23,51,5
2834632,0,452,0,40,2,1,2,1,19,20,5
2834957,0,452,0,40,3,1,2,1,17,21,5
2835489,0,452,0,40,3,1,2,1,15,39,5
2833027,0,452,0,40,3,3,2,1,21,14,5
2835626,0,452,0,40,2,1,2,1,14,44,5
2835918,0,452,0,40,2,1,2,1,12,63,5
2834274,0,452,0,40,2,1,2,1,23,29,5
2834535,0,452,0,40,2,2,2,1,20,59,5
2833834,0,452,0,40,3,2,2,1,17,11,5
2834358,0,452,0,40,2,2,2,1,18,42,5
2831522,0,452,0,40,3,5,2,1,26,34,5
2833014,0,452,0,40,2,2,2,1,28,33,5
2835674,0,452,0,40,2,1,2,1,15,24,5
2835420,0,452,0,40,3,1,2,1,14,54,5
2836000,0,452,0,40,3,1,2,1,13,20,5
2833473,0,452,0,40,3,2,2,1,22,61,5
2834190,0,452,0,40,2,2,2,1,21,18,5
2834939,0,452,0,40,3,1,2,1,16,69,5
2835374,0,452,0,40,2,1,2,1,16,37,5
2832877,0,452,0,40,2,3,2,1,23,27,5
2834983,0,452,0,40,2,2,2,1,14,50,5
2835034,0,452,0,40,2,2,2,1,16,61,5
2836228,0,452,0,40,3,1,2,1,13,31,5
2833218,0,452,0,40,2,3,2,1,19,40,5
2834148,0,452,0,40,2,2,2,1,20,33,5
2835097,0,452,0,40,2,2,2,1,14,40,5
2831530,0,452,0,40,2,5,2,1,30,21,5
2834266,0,452,0,40,2,1,2,1,25,38,5
2834416,0,452,0,40,3,1,2,1,22,38,5
2834889,0,452,0,40,3,1,2,1,20,31,5
2834662,0,452,0,40,2,1,2,1,19,54,5
2835476,0,452,0,40,2,1,2,1,16,25,5
2833277,0,452,0,40,2,2,2,1,18,53,5
2835623,0,452,0,40,3,1,2,1,13,55,5
2836334,0,452,0,40,2,1,2,1,12,37,5
2833575,0,452,0,40,3,2,2,1,22,22,5
2835851,0,452,0,40,2,1,2,1,16,44,5
2836156,0,452,0,40,3,1,2,1,15,32,5
2836208,0,452,0,40,3,1,2,1,15,58,5
2836143,0,452,0,40,2,1,2,1,14,29,5
2836679,0,452,0,40,3,1,2,1,13,45,5
2835249,0,452,0,40,3,2,2,1,15,43,5
2836672,0,452,0,40,2,1,2,1,12,23,5
2835005,0,452,0,40,3,1,2,1,22,74,5
2835762,0,452,0,40,3,1,2,1,18,46,5
2831547,0,452,0,40,3,6,2,1,33,51,5
2835019,0,452,0,40,2,2,2,1,17,66,5
2835723,0,452,0,40,3,1,2,1,18,30,5
2836424,0,452,0,40,3,0,2,1,11,46,5
2836474,0,452,0,40,3,0,2,1,11,42,5
2836570,0,452,0,40,3,0,2,1,11,45,5
2836634,0,452,0,40,2,0,2,1,11,34,5
2836739,0,452,0,40,2,0,2,1,11,15,5
2836787,0,452,0,40,2,0,2,1,11,49,5
2836835,0,452,0,40,2,0,2,1,11,71,5
2836916,0,452,0,40,3,0,2,1,11,64,5
2836932,0,452,0,40,2,0,2,1,11,64,5
2836964,0,452,0,40,2,0,2,1,11,39,5
2837012,0,452,0,40,3,0,2,1,11,50,5
2837108,0,452,0,40,2,0,2,1,11,29,5
2837116,0,452,0,40,2,0,2,1,11,28,5
2837132,0,452,0,40,2,0,2,1,11,35,5
2837144,0,452,0,40,3,0,2,1,11,62,5
2837164,0,452,0,40,3,0,2,1,11,31,5
2837232,0,452,0,40,3,0,2,1,11,58,5
2837236,0,452,0,40,2,0,2,1,11,49,5
2837256,0,452,0,40,2,0,2,1,11,60,5
2837280,0,452,0,40,3,0,2,1,11,52,5
2837288,0,452,0,40,3,0,2,1,11,28,5
2837304,0,452,0,40,3,0,2,1,11,74,5
2837308,0,452,0,40,2,0,2,1,11,38,5
2837336,0,452,0,40,3,0,2,1,11,25,5
2837348,0,452,0,40,2,0,2,1,11,31,5
2837352,0,452,0,40,2,0,2,1,11,39,5
2837361,0,452,0,40,2,0,2,1,11,33,5
2837365,0,452,0,40,2,0,2,1,11,36,5
2837371,0,452,0,40,3,0,2,1,11,72,5
2837375,0,452,0,40,2,0,2,1,11,45,5
2837377,0,452,0,40,2,0,2,1,11,54,5
2837379,0,452,0,40,3,0,2,1,11,43,5
2837383,0,452,0,40,2,0,2,1,11,49,5
2837389,0,452,0,40,2,0,2,1,11,38,5
2837393,0,452,0,40,2,0,2,1,11,30,5
2837401,0,452,0,40,3,0,2,1,11,18,5
2837405,0,452,0,40,3,0,2,1,11,31,5
2837411,0,452,0,40,3,0,2,1,11,39,5
2837413,0,452,0,40,3,0,2,1,11,9,5
2837421,0,452,0,40,3,0,2,1,11,45,5
2837423,0,452,0,40,3,0,2,1,11,76,5
2837427,0,452,0,40,3,0,2,1,11,35,5
2837429,0,452,0,40,2,0,2,1,11,14,5
2837441,0,452,0,40,2,0,2,1,11,22,5
2837453,0,452,0,40,3,0,2,1,11,41,5
2837457,0,452,0,40,3,0,2,1,11,51,5
2837461,0,452,0,40,2,0,2,1,11,32,5
2837463,0,452,0,40,3,0,2,1,11,67,5
2837481,0,452,0,40,2,0,2,1,11,33,5
2837495,0,452,0,40,3,0,2,1,11,48,5
2837501,0,452,0,40,3,0,2,1,11,36,5
2837507,0,452,0,40,2,0,2,1,11,25,5
2837521,0,452,0,40,2,0,2,1,11,84,5
2837523,0,452,0,40,2,0,2,1,11,98,5
2837543,0,452,0,40,2,0,2,1,11,34,5
2837555,0,452,0,40,2,0,2,1,11,23,5
2837571,0,452,0,40,3,0,2,1,11,91,5
2837579,0,452,0,40,2,0,2,1,11,49,5
2827169,0,452,0,40,3,0,2,1,17,23,5
2827150,0,452,0,40,2,2,2,1,19,56,5
2831671,0,452,0,40,2,0,2,1,15,83,5
2832829,0,452,0,40,2,0,2,1,12,59,5
2833193,0,452,0,40,3,0,2,1,11,82,5
2832887,0,452,0,40,2,0,2,1,15,17,5
2833398,0,452,0,40,3,0,2,1,12,16,5
2833901,0,452,0,40,2,2,2,1,17,31,5
2834518,0,452,0,40,3,1,2,1,14,43,5
2835207,0,452,0,40,2,1,2,1,13,55,5
2833856,0,452,0,40,2,2,2,1,23,39,5
2835473,0,452,0,40,2,1,2,1,13,40,5
2833653,0,452,0,40,2,1,2,1,25,98,5
2834419,0,452,0,40,3,2,2,1,15,27,5
2835071,0,452,0,40,3,1,2,1,13,37,5
2834807,0,452,0,40,2,2,2,1,13,76,5
2835523,0,452,0,40,3,1,2,1,11,17,5
2833626,0,452,0,40,2,1,2,1,25,24,5
2834822,0,452,0,40,3,1,2,1,19,24,5
2835185,0,452,0,40,2,1,2,1,16,43,5
2835351,0,452,0,40,2,1,2,1,16,39,5
2835431,0,452,0,40,3,1,2,1,15,57,5
2833221,0,452,0,40,3,2,2,1,26,34,5
2835606,0,452,0,40,3,1,2,1,14,91,5
2835500,0,452,0,40,3,1,2,1,13,42,5
2835712,0,452,0,40,3,1,2,1,13,43,5
2834036,0,452,0,40,3,2,2,1,19,46,5
2836106,0,452,0,40,2,1,2,1,11,16,5
2832094,0,452,0,40,2,2,2,1,32,34,5
2834449,0,452,0,40,3,1,2,1,22,42,5
2834815,0,452,0,40,3,1,2,1,16,47,5
2834259,0,452,0,40,3,2,2,1,17,28,5
2835497,0,452,0,40,2,2,2,1,14,27,5
2835563,0,452,0,40,3,1,2,1,13,43,5
2835876,0,452,0,40,2,1,2,1,13,53,5
2835253,0,452,0,40,2,2,2,1,15,62,5
2835749,0,452,0,40,2,1,2,1,12,46,5
2836176,0,452,0,40,2,1,2,1,12,34,5
2829293,0,452,0,40,2,3,2,1,19,44,5
2832951,0,452,0,40,2,2,2,1,26,66,5
2834581,0,452,0,40,2,1,2,1,22,32,5
2835315,0,452,0,40,3,1,2,1,18,50,5
2835357,0,452,0,40,3,1,2,1,18,52,5
2834377,0,452,0,40,2,2,2,1,21,54,5
2835389,0,452,0,40,2,2,2,1,14,50,5
2836513,0,452,0,40,3,1,2,1,11,87,5
2834149,0,452,0,40,2,1,2,1,26,22,5
2834555,0,452,0,40,2,1,2,1,23,52,5
2834857,0,452,0,40,2,1,2,1,20,34,5
2835137,0,452,0,40,2,1,2,1,19,44,5
2833399,0,452,0,40,2,2,2,1,25,31,5
2835566,0,452,0,40,3,1,2,1,17,58,5
2835772,0,452,0,40,2,1,2,1,16,42,5
2835579,0,452,0,40,2,1,2,1,15,12,5
2836148,0,452,0,40,2,1,2,1,14,62,5
2835166,0,452,0,40,2,2,2,1,16,31,5
2834938,0,452,0,40,3,2,2,1,18,33,5
2834976,0,452,0,40,2,2,2,1,19,31,5
2836426,0,452,0,40,3,1,2,1,12,47,5
2834497,0,452,0,40,3,3,2,1,16,46,5
2834508,0,452,0,40,2,3,2,1,16,40,5
2835547,0,452,0,40,2,2,2,1,12,72,5
2836182,0,452,0,40,2,2,2,1,12,70,5
2836544,0,452,0,40,3,1,2,1,11,37,5
2832647,0,452,0,40,3,3,2,1,30,20,5
2831764,0,452,0,40,2,3,2,1,36,14,5
2832107,0,452,0,40,2,3,2,1,36,22,5
2834390,0,452,0,40,3,2,2,1,17,51,5
2834558,0,452,0,40,3,2,2,1,15,37,5
2834502,0,452,0,40,3,2,2,1,17,19,5
2836359,0,452,0,40,2,1,2,1,14,37,5
2836445,0,452,0,40,2,1,2,1,14,77,5
2836551,0,452,0,40,2,1,2,1,13,36,5
2833861,0,452,0,40,3,3,2,1,20,30,5
2835657,0,452,0,40,3,2,2,1,16,112,5
2836460,0,452,0,40,2,1,2,1,12,34,5
2837053,0,452,0,40,3,1,2,1,11,52,5
2834477,0,452,0,40,2,1,2,1,26,31,5
2835680,0,452,0,40,3,1,2,1,18,66,5
2834162,0,452,0,40,2,2,2,1,20,13,5
2834443,0,452,0,40,3,3,2,1,20,16,5
2834897,0,452,0,40,3,2,2,1,18,46,5
2837177,0,452,0,40,3,1,2,1,11,25,5
2834773,0,452,0,40,2,3,2,1,16,31,5
2833911,0,452,0,40,2,2,2,1,27,47,5
2836586,0,452,0,40,2,0,2,1,10,56,5
2836731,0,452,0,40,3,0,2,1,10,67,5
2836811,0,452,0,40,3,0,2,1,10,64,5
2836843,0,452,0,40,3,0,2,1,10,59,5
2836891,0,452,0,40,2,0,2,1,10,50,5
2836960,0,452,0,40,3,0,2,1,10,77,5
2836976,0,452,0,40,3,0,2,1,10,16,5
2837040,0,452,0,40,2,0,2,1,10,32,5
2837056,0,452,0,40,2,0,2,1,10,42,5
2837072,0,452,0,40,2,0,2,1,10,16,5
2837088,0,452,0,40,2,0,2,1,10,30,5
2837104,0,452,0,40,3,0,2,1,10,61,5
2837130,0,452,0,40,2,0,2,1,10,74,5
2837138,0,452,0,40,3,0,2,1,10,54,5
2837146,0,452,0,40,2,0,2,1,10,65,5
2837170,0,452,0,40,2,0,2,1,10,31,5
2837178,0,452,0,40,3,0,2,1,10,62,5
2837194,0,452,0,40,3,0,2,1,10,63,5
2837226,0,452,0,40,2,0,2,1,10,64,5
2837234,0,452,0,40,3,0,2,1,10,40,5
2837274,0,452,0,40,2,0,2,1,10,22,5
2837282,0,452,0,40,2,0,2,1,10,32,5
2837314,0,452,0,40,2,0,2,1,10,36,5
2837338,0,452,0,40,3,0,2,1,10,56,5
2837358,0,452,0,40,2,0,2,1,10,96,5
2837366,0,452,0,40,2,0,2,1,10,18,5
2837374,0,452,0,40,2,0,2,1,10,32,5
2837386,0,452,0,40,3,0,2,1,10,46,5
2837398,0,452,0,40,2,0,2,1,10,38,5
2837422,0,452,0,40,3,0,2,1,10,57,5
2837434,0,452,0,40,2,0,2,1,10,55,5
2837438,0,452,0,40,3,0,2,1,10,25,5
2837466,0,452,0,40,3,0,2,1,10,29,5
2837478,0,452,0,40,2,0,2,1,10,76,5
2837494,0,452,0,40,2,0,2,1,10,45,5
2837526,0,452,0,40,2,0,2,1,10,51,5
2837554,0,452,0,40,2,0,2,1,10,49,5
2837574,0,452,0,40,2,0,2,1,10,53,5
2837582,0,452,0,40,2,0,2,1,10,15,5
2837600,0,452,0,40,3,0,2,1,10,46,5
2837616,0,452,0,40,2,0,2,1,10,34,5
2837624,0,452,0,40,2,0,2,1,10,15,5
2837636,0,452,0,40,3,0,2,1,10,33,5
2837644,0,452,0,40,3,0,2,1,10,58,5
2837648,0,452,0,40,3,0,2,1,10,49,5
2837654,0,452,0,40,2,0,2,1,10,37,5
2837656,0,452,0,40,2,0,2,1,10,40,5
2837668,0,452,0,40,3,0,2,1,10,48,5
2837680,0,452,0,40,3,0,2,1,10,66,5
2837684,0,452,0,40,3,0,2,1,10,34,5
2837686,0,452,0,40,2,0,2,1,10,52,5
2837688,0,452,0,40,2,0,2,1,10,76,5
2837694,0,452,0,40,2,0,2,1,10,37,5
2837706,0,452,0,40,2,0,2,1,10,44,5
2837710,0,452,0,40,2,0,2,1,10,42,5
2837712,0,452,0,40,3,0,2,1,10,32,5
2837716,0,452,0,40,2,0,2,1,10,14,5
2837720,0,452,0,40,3,0,2,1,10,66,5
2837724,0,452,0,40,3,0,2,1,10,52,5
2837730,0,452,0,40,3,0,2,1,10,45,5
2837738,0,452,0,40,3,0,2,1,10,31,5
2837742,0,452,0,40,3,0,2,1,10,64,5
2837744,0,452,0,40,2,0,2,1,10,50,5
2837746,0,452,0,40,3,0,2,1,10,22,5
2837758,0,452,0,40,3,0,2,1,10,62,5
2837760,0,452,0,40,2,0,2,1,10,27,5
2837772,0,452,0,40,3,0,2,1,10,74,5
2837774,0,452,0,40,2,0,2,1,10,91,5
2837792,0,452,0,40,3,0,2,1,10,19,5
2837798,0,452,0,40,3,0,2,1,10,26,5
2837810,0,452,0,40,2,0,2,1,10,78,5
2825660,0,452,0,40,3,0,2,1,24,29,5
2823293,0,452,0,40,2,4,2,1,30,95,5
2828552,0,452,0,40,3,1,2,1,13,47,5
2828782,0,452,0,40,2,1,2,1,15,59,5
2830579,0,452,0,40,3,1,2,1,18,64,5
2821315,0,452,0,40,2,6,2,1,51,18,5
2831778,0,452,0,40,2,0,2,1,11,25,5
2831934,0,452,0,40,2,0,2,1,12,16,5
2831004,0,452,0,40,3,2,2,1,34,21,5
2833833,0,452,0,40,3,0,2,1,13,51,5
2832583,0,452,0,40,3,1,2,1,18,47,5
2833443,0,452,0,40,3,1,2,1,22,66,5
2834403,0,452,0,40,3,1,2,1,18,41,5
2834072,0,452,0,40,3,2,2,1,16,14,5
2835629,0,452,0,40,3,1,2,1,10,75,5
2835796,0,452,0,40,3,1,2,1,11,33,5
2831842,0,452,0,40,3,2,2,1,35,44,5
2835247,0,452,0,40,3,1,2,1,15,40,5
2835556,0,452,0,40,2,1,2,1,13,60,5
2835726,0,452,0,40,3,1,2,1,12,46,5
2836013,0,452,0,40,2,1,2,1,10,47,5
2836058,0,452,0,40,3,1,2,1,10,21,5
2833301,0,452,0,40,3,3,2,1,24,43,5
2834944,0,452,0,40,3,1,2,1,18,39,5
2835448,0,452,0,40,3,1,2,1,12,23,5
2835719,0,452,0,40,3,1,2,1,12,34,5
2833525,0,452,0,40,3,2,2,1,16,70,5
2836204,0,452,0,40,3,1,2,1,11,46,5
2835959,0,452,0,40,3,1,2,1,10,62,5
2836249,0,452,0,40,3,1,2,1,10,40,5
2833928,0,452,0,40,3,1,2,1,24,31,5
2834675,0,452,0,40,2,1,2,1,18,66,5
2835379,0,452,0,40,2,1,2,1,16,34,5
2835238,0,452,0,40,2,1,2,1,15,34,5
2832377,0,452,0,40,3,4,2,1,28,65,5
2833659,0,452,0,40,2,2,2,1,21,37,5
2835395,0,452,0,40,3,2,2,1,16,39,5
2835929,0,452,0,40,3,1,2,1,12,27,5
2836104,0,452,0,40,2,1,2,1,12,41,5
2834655,0,452,0,40,3,2,2,1,16,42,5
2835991,0,452,0,40,3,1,2,1,11,45,5
2836323,0,452,0,40,2,1,2,1,11,49,5
2834122,0,452,0,40,3,1,2,1,22,45,5
2834821,0,452,0,40,3,1,2,1,20,53,5
2835114,0,452,0,40,2,1,2,1,19,35,5
2835093,0,452,0,40,2,1,2,1,18,19,5
2821376,0,452,0,40,2,7,2,1,35,29,5
2835711,0,452,0,40,3,1,2,1,14,43,5
2835074,0,452,0,40,2,2,2,1,14,38,5
2836155,0,452,0,40,3,1,2,1,12,34,5
2836403,0,452,0,40,2,1,2,1,12,51,5
2836427,0,452,0,40,3,1,2,1,12,80,5
2836290,0,452,0,40,3,1,2,1,11,38,5
2836581,0,452,0,40,3,1,2,1,11,36,5
2834875,0,452,0,40,2,2,2,1,15,27,5
2836788,0,452,0,40,2,1,2,1,10,51,5
2831731,0,452,0,40,2,3,2,1,35,37,5
2834260,0,452,0,40,3,2,2,1,21,52,5
2835092,0,452,0,40,2,1,2,1,20,51,5
2835213,0,452,0,40,3,1,2,1,19,31,5
2835361,0,452,0,40,3,1,2,1,19,52,5
2834237,0,452,0,40,2,2,2,1,21,44,5
2835612,0,452,0,40,2,1,2,1,17,44,5
2835839,0,452,0,40,3,1,2,1,15,19,5
2832539,0,452,0,40,3,3,2,1,27,20,5
2835793,0,452,0,40,2,1,2,1,13,19,5
2836261,0,452,0,40,3,1,2,1,13,51,5
2835541,0,452,0,40,2,2,2,1,13,47,5
2836398,0,452,0,40,2,1,2,1,12,34,5
2836471,0,452,0,40,3,1,2,1,12,35,5
2835101,0,452,0,40,3,2,2,1,15,40,5
2832946,0,452,0,40,2,5,2,1,21,33,5
2835703,0,452,0,40,2,2,2,1,14,35,5
2836252,0,452,0,40,3,1,2,1,11,60,5
2836494,0,452,0,40,3,1,2,1,10,61,5
2837085,0,452,0,40,3,1,2,1,10,32,5
2834213,0,452,0,40,2,1,2,1,24,59,5
2834506,0,452,0,40,2,1,2,1,22,49,5
2833768,0,452,0,40,3,2,2,1,21,52,5
2835803,0,452,0,40,2,1,2,1,16,70,5
2833608,0,452,0,40,2,2,2,1,25,60,5
2834882,0,452,0,40,3,2,2,1,15,9,5
2834864,0,452,0,40,3,2,2,1,16,80,5
2836415,0,452,0,40,2,1,2,1,14,33,5
2834014,0,452,0,40,2,3,2,1,19,13,5
2836961,0,452,0,40,3,1,2,1,11,87,5
2836895,0,452,0,40,3,1,2,1,10,78,5
2833535,0,452,0,40,3,1,2,1,31,50,5
2833476,0,452,0,40,3,2,2,1,29,56,5
2834878,0,452,0,40,2,1,2,1,23,33,5
2834783,0,452,0,40,2,1,2,1,20,66,5
2835720,0,452,0,40,2,1,2,1,18,20,5
2833947,0,452,0,40,2,4,2,1,18,36,5
2836871,0,452,0,40,2,1,2,1,11,49,5
2834565,0,452,0,40,2,2,2,1,14,57,5
2832062,0,452,0,40,3,3,2,1,36,35,5
2832839,0,452,0,40,2,1,2,1,10,84,5
2836202,0,452,0,40,2,1,2,1,17,41,5
2835065,0,452,0,40,2,2,2,1,17,87,5
2837227,0,452,0,40,2,1,2,1,12,84,5
2833797,0,452,0,40,3,1,2,1,11,53,5
2836456,0,452,0,40,2,0,2,1,9,40,5
2836827,0,452,0,40,2,0,2,1,9,39,5
2836936,0,452,0,40,2,0,2,1,9,16,5
2837064,0,452,0,40,3,0,2,1,9,34,5
2837206,0,452,0,40,2,0,2,1,9,38,5
2837286,0,452,0,40,2,0,2,1,9,43,5
2837350,0,452,0,40,3,0,2,1,9,77,5
2837368,0,452,0,40,3,0,2,1,9,34,5
2837376,0,452,0,40,2,0,2,1,9,48,5
2837408,0,452,0,40,2,0,2,1,9,47,5
2837416,0,452,0,40,3,0,2,1,9,62,5
2837448,0,452,0,40,2,0,2,1,9,47,5
2837488,0,452,0,40,2,0,2,1,9,58,5
2837552,0,452,0,40,2,0,2,1,9,50,5
2837568,0,452,0,40,2,0,2,1,9,54,5
2837592,0,452,0,40,2,0,2,1,9,38,5
2837617,0,452,0,40,3,0,2,1,9,61,5
2837625,0,452,0,40,3,0,2,1,9,32,5
2837629,0,452,0,40,3,0,2,1,9,87,5
2837649,0,452,0,40,2,0,2,1,9,58,5
2837661,0,452,0,40,2,0,2,1,9,95,5
2837665,0,452,0,40,3,0,2,1,9,9,5
2837669,0,452,0,40,2,0,2,1,9,28,5
2837673,0,452,0,40,2,0,2,1,9,66,5
2837677,0,452,0,40,2,0,2,1,9,44,5
2837689,0,452,0,40,3,0,2,1,9,96,5
2837701,0,452,0,40,2,0,2,1,9,41,5
2837717,0,452,0,40,3,0,2,1,9,33,5
2837725,0,452,0,40,2,0,2,1,9,41,5
2837729,0,452,0,40,3,0,2,1,9,70,5
2837745,0,452,0,40,2,0,2,1,9,45,5
2837765,0,452,0,40,2,0,2,1,9,27,5
2837769,0,452,0,40,3,0,2,1,9,36,5
2837777,0,452,0,40,3,0,2,1,9,38,5
2837793,0,452,0,40,2,0,2,1,9,60,5
2837797,0,452,0,40,2,0,2,1,9,41,5
2837832,0,452,0,40,2,0,2,1,9,40,5
2837840,0,452,0,40,2,0,2,1,9,40,5
2837842,0,452,0,40,2,0,2,1,9,14,5
2837848,0,452,0,40,2,0,2,1,9,38,5
2837850,0,452,0,40,2,0,2,1,9,46,5
2837862,0,452,0,40,2,0,2,1,9,51,5
2837864,0,452,0,40,2,0,2,1,9,35,5
2837870,0,452,0,40,2,0,2,1,9,44,5
2837874,0,452,0,40,3,0,2,1,9,38,5
2837878,0,452,0,40,3,0,2,1,9,43,5
2837880,0,452,0,40,2,0,2,1,9,24,5
2837886,0,452,0,40,3,0,2,1,9,42,5
2837888,0,452,0,40,2,0,2,1,9,37,5
2837892,0,452,0,40,3,0,2,1,9,19,5
2837894,0,452,0,40,3,0,2,1,9,32,5
2837906,0,452,0,40,2,0,2,1,9,35,5
2837910,0,452,0,40,3,0,2,1,9,20,5
2837914,0,452,0,40,3,0,2,1,9,60,5
2837918,0,452,0,40,3,0,2,1,9,55,5
2837926,0,452,0,40,3,0,2,1,9,26,5
2837930,0,452,0,40,2,0,2,1,9,65,5
2837934,0,452,0,40,3,0,2,1,9,45,5
2837936,0,452,0,40,3,0,2,1,9,32,5
2837938,0,452,0,40,3,0,2,1,9,46,5
2837940,0,452,0,40,2,0,2,1,9,21,5
2837942,0,452,0,40,3,0,2,1,9,55,5
2837944,0,452,0,40,2,0,2,1,9,94,5
2837946,0,452,0,40,2,0,2,1,9,28,5
2837948,0,452,0,40,3,0,2,1,9,18,5
2837956,0,452,0,40,2,0,2,1,9,81,5
2837960,0,452,0,40,2,0,2,1,9,40,5
2837968,0,452,0,40,3,0,2,1,9,52,5
2837970,0,452,0,40,3,0,2,1,9,28,5
2837980,0,452,0,40,3,0,2,1,9,44,5
2837988,0,452,0,40,2,0,2,1,9,30,5
2837990,0,452,0,40,3,0,2,1,9,60,5
2837992,0,452,0,40,2,0,2,1,9,25,5
2837996,0,452,0,40,3,0,2,1,9,31,5
2838002,0,452,0,40,3,0,2,1,9,69,5
2838018,0,452,0,40,2,0,2,1,9,39,5
2838020,0,452,0,40,2,0,2,1,9,23,5
2838022,0,452,0,40,2,0,2,1,9,41,5
2838024,0,452,0,40,3,0,2,1,9,47,5
2838028,0,452,0,40,2,0,2,1,9,35,5
2838036,0,452,0,40,2,0,2,1,9,49,5
2838038,0,452,0,40,2,0,2,1,9,13,5
2838044,0,452,0,40,3,0,2,1,9,55,5
2825488,0,452,0,40,2,3,2,1,22,61,5
2827092,0,452,0,40,3,0,2,1,31,45,5
2828531,0,452,0,40,2,1,2,1,20,37,5
2824621,0,452,0,40,2,4,2,1,28,44,5
2829780,0,452,0,40,2,0,2,1,13,23,5
2829659,0,452,0,40,3,0,2,1,10,56,5
2809542,0,452,0,40,3,6,2,1,64,18,5
2830452,0,452,0,40,2,0,2,1,10,35,5
2817327,0,452,0,40,2,7,2,1,54,74,5
2816445,0,452,0,40,2,5,2,1,66,24,5
2830885,0,452,0,40,2,0,2,1,10,50,5
2831462,0,452,0,40,3,0,2,1,11,31,5
2832779,0,452,0,40,2,0,2,1,11,26,5
2832099,0,452,0,40,3,1,2,1,13,39,5
2832989,0,452,0,40,2,0,2,1,11,38,5
2835105,0,452,0,40,3,1,2,1,10,26,5
2833790,0,452,0,40,3,3,2,1,14,37,5
2834595,0,452,0,40,2,1,2,1,16,57,5
2835832,0,452,0,40,3,1,2,1,9,78,5
2834545,0,452,0,40,2,2,2,1,13,31,5
2835799,0,452,0,40,3,1,2,1,9,37,5
2832470,0,452,0,40,3,3,2,1,20,109,5
2834509,0,452,0,40,3,2,2,1,14,20,5
2833377,0,452,0,40,3,4,2,1,17,25,5
2834349,0,452,0,40,3,1,2,1,19,20,5
2833502,0,452,0,40,2,2,2,1,23,37,5
2835664,0,452,0,40,2,1,2,1,13,38,5
2836152,0,452,0,40,3,1,2,1,10,14,5
2836203,0,452,0,40,2,1,2,1,9,43,5
2836273,0,452,0,40,3,1,2,1,9,70,5
2834941,0,452,0,40,2,1,2,1,17,54,5
2832529,0,452,0,40,2,2,2,1,28,22,5
2834339,0,452,0,40,2,3,2,1,16,56,5
2835857,0,452,0,40,3,1,2,1,11,61,5
2836179,0,452,0,40,3,1,2,1,10,24,5
2836362,0,452,0,40,2,1,2,1,9,46,5
2834300,0,452,0,40,3,1,2,1,23,29,5
2835191,0,452,0,40,2,1,2,1,17,26,5
2835390,0,452,0,40,3,1,2,1,15,53,5
2835577,0,452,0,40,2,1,2,1,14,43,5
2834330,0,452,0,40,2,2,2,1,21,30,5
2835679,0,452,0,40,3,1,2,1,13,47,5
2834549,0,452,0,40,2,2,2,1,15,25,5
2836087,0,452,0,40,3,1,2,1,11,38,5
2836441,0,452,0,40,3,1,2,1,11,39,5
2836113,0,452,0,40,2,1,2,1,10,46,5
2836266,0,452,0,40,2,1,2,1,10,34,5
2836609,0,452,0,40,2,1,2,1,10,16,5
2834664,0,452,0,40,3,2,2,1,12,31,5
2836069,0,452,0,40,3,1,2,1,9,26,5
2836836,0,452,0,40,2,1,2,1,9,53,5
2829760,0,452,0,40,2,2,2,1,16,55,5
2833456,0,452,0,40,3,2,2,1,24,24,5
2832391,0,452,0,40,2,2,2,1,31,22,5
2834098,0,452,0,40,3,1,2,1,19,42,5
2834410,0,452,0,40,3,2,2,1,19,22,5
2834834,0,452,0,40,2,2,2,1,15,19,5
2833531,0,452,0,40,3,3,2,1,27,41,5
2831702,0,452,0,40,3,5,2,1,29,82,5
2836195,0,452,0,40,3,1,2,1,12,56,5
2836333,0,452,0,40,2,1,2,1,12,40,5
2835499,0,452,0,40,3,2,2,1,15,34,5
2836322,0,452,0,40,3,1,2,1,11,18,5
2836637,0,452,0,40,2,1,2,1,11,29,5
2829904,0,452,0,40,3,3,2,1,26,29,5
2828274,0,452,0,40,3,2,2,1,19,47,5
2836026,0,452,0,40,3,2,2,1,13,35,5
2836967,0,452,0,40,3,1,2,1,9,50,5
2837069,0,452,0,40,3,1,2,1,9,75,5
2834708,0,452,0,40,2,1,2,1,22,119,5
2834073,0,452,0,40,3,2,2,1,23,31,5
2834751,0,452,0,40,2,1,2,1,18,66,5
2832941,0,452,0,40,2,3,2,1,26,106,5
2835890,0,452,0,40,2,1,2,1,15,34,5
2836126,0,452,0,40,3,1,2,1,14,43,5
2835570,0,452,0,40,2,2,2,1,13,24,5
2832932,0,452,0,40,3,4,2,1,24,34,5
2836645,0,452,0,40,2,1,2,1,12,44,5
2833972,0,452,0,40,3,3,2,1,20,67,5
2836094,0,452,0,40,3,2,2,1,14,66,5
2836722,0,452,0,40,3,1,2,1,11,26,5
2833882,0,452,0,40,2,2,2,1,18,33,5
2837023,0,452,0,40,3,1,2,1,10,51,5
2834778,0,452,0,40,2,2,2,1,18,28,5
2835539,0,452,0,40,2,2,2,1,11,51,5
2834836,0,452,0,40,2,3,2,1,15,48,5
2835465,0,452,0,40,2,2,2,1,16,63,5
2837074,0,452,0,40,3,1,2,1,9,86,5
2834189,0,452,0,40,2,1,2,1,24,42,5
2834648,0,452,0,40,3,1,2,1,23,27,5
2834209,0,452,0,40,2,2,2,1,21,55,5
2835280,0,452,0,40,2,1,2,1,19,35,5
2834563,0,452,0,40,2,2,2,1,21,33,5
2835638,0,452,0,40,2,1,2,1,18,95,5
2833715,0,452,0,40,3,2,2,1,24,36,5
2836154,0,452,0,40,3,1,2,1,15,48,5
2836294,0,452,0,40,2,1,2,1,13,39,5
2815563,0,452,0,40,3,6,2,1,53,50,5
2835205,0,452,0,40,3,2,2,1,16,19,5
2834803,0,452,0,40,2,2,2,1,15,32,5
2836845,0,452,0,40,3,1,2,1,11,25,5
2836897,0,452,0,40,3,1,2,1,11,46,5
2835479,0,452,0,40,2,2,2,1,14,48,5
2837006,0,452,0,40,2,1,2,1,10,22,5
2837235,0,452,0,40,2,1,2,1,10,25,5
2835054,0,452,0,40,3,2,2,1,13,48,5
2834859,0,452,0,40,3,2,2,1,12,28,5
2829968,0,452,0,40,3,4,2,1,28,33,5
2835366,0,452,0,40,2,1,2,1,19,45,5
2835610,0,452,0,40,3,1,2,1,19,35,5
2833169,0,452,0,40,2,2,2,1,31,30,5
2836583,0,452,0,40,2,1,2,1,14,50,5
2836765,0,452,0,40,2,1,2,1,12,68,5
2836807,0,452,0,40,3,1,2,1,11,37,5
2835126,0,452,0,40,2,3,2,1,14,47,5
2837511,0,452,0,40,2,1,2,1,10,29,5
2835341,0,452,0,40,3,2,2,1,13,31,5
2837290,0,452,0,40,2,1,2,1,9,43,5
2837642,0,452,0,40,3,1,2,1,9,68,5
2804285,0,452,0,40,2,13,2,1,76,24,5
2833030,0,452,0,40,2,2,2,1,33,16,5
2833086,0,452,0,40,2,2,2,1,31,40,5
2836444,0,452,0,40,3,1,2,1,14,31,5
2805723,0,452,0,40,2,9,2,1,64,70,5
2837062,0,452,0,40,2,1,2,1,12,47,5
2834425,0,452,0,40,2,3,2,1,13,46,5
2833681,0,452,0,40,3,4,2,1,20,34,5
2836779,0,452,0,40,2,0,2,1,8,39,5
2836952,0,452,0,40,2,0,2,1,8,74,5
2837016,0,452,0,40,3,0,2,1,8,29,5
2837134,0,452,0,40,3,0,2,1,8,39,5
2837198,0,452,0,40,3,0,2,1,8,43,5
2837326,0,452,0,40,2,0,2,1,8,72,5
2837356,0,452,0,40,3,0,2,1,8,41,5
2837404,0,452,0,40,3,0,2,1,8,41,5
2837420,0,452,0,40,3,0,2,1,8,29,5
2837468,0,452,0,40,2,0,2,1,8,41,5
2837516,0,452,0,40,3,0,2,1,8,50,5
2837548,0,452,0,40,3,0,2,1,8,28,5
2837564,0,452,0,40,2,0,2,1,8,60,5
2837603,0,452,0,40,3,0,2,1,8,46,5
2837619,0,452,0,40,2,0,2,1,8,45,5
2837627,0,452,0,40,3,0,2,1,8,37,5
2837651,0,452,0,40,3,0,2,1,8,23,5
2837675,0,452,0,40,3,0,2,1,8,53,5
2837727,0,452,0,40,3,0,2,1,8,45,5
2837735,0,452,0,40,2,0,2,1,8,57,5
2837751,0,452,0,40,3,0,2,1,8,54,5
2837759,0,452,0,40,3,0,2,1,8,20,5
2837775,0,452,0,40,2,0,2,1,8,34,5
2837783,0,452,0,40,2,0,2,1,8,36,5
2837799,0,452,0,40,2,0,2,1,8,31,5
2837815,0,452,0,40,2,0,2,1,8,28,5
2837827,0,452,0,40,2,0,2,1,8,49,5
2837831,0,452,0,40,2,0,2,1,8,71,5
2837839,0,452,0,40,3,0,2,1,8,40,5
2837847,0,452,0,40,3,0,2,1,8,31,5
2837863,0,452,0,40,2,0,2,1,8,49,5
2837871,0,452,0,40,3,0,2,1,8,30,5
2837883,0,452,0,40,2,0,2,1,8,24,5
2837887,0,452,0,40,3,0,2,1,8,32,5
2837895,0,452,0,40,2,0,2,1,8,48,5
2837907,0,452,0,40,2,0,2,1,8,58,5
2837923,0,452,0,40,3,0,2,1,8,35,5
2837927,0,452,0,40,3,0,2,1,8,62,5
2837935,0,452,0,40,3,0,2,1,8,34,5
2837947,0,452,0,40,3,0,2,1,8,40,5
2837951,0,452,0,40,2,0,2,1,8,122,5
2837959,0,452,0,40,2,0,2,1,8,36,5
2837967,0,452,0,40,3,0,2,1,8,38,5
2837979,0,452,0,40,3,0,2,1,8,48,5
2837983,0,452,0,40,2,0,2,1,8,31,5
2838003,0,452,0,40,3,0,2,1,8,22,5
2838011,0,452,0,40,2,0,2,1,8,35,5
2838019,0,452,0,40,3,0,2,1,8,36,5
2838043,0,452,0,40,3,0,2,1,8,33,5
2838053,0,452,0,40,3,0,2,1,8,31,5
2838055,0,452,0,40,3,0,2,1,8,63,5
2838061,0,452,0,40,3,0,2,1,8,43,5
2838065,0,452,0,40,3,0,2,1,8,67,5
2838067,0,452,0,40,2,0,2,1,8,41,5
2838069,0,452,0,40,3,0,2,1,8,45,5
2838073,0,452,0,40,2,0,2,1,8,26,5
2838087,0,452,0,40,3,0,2,1,8,18,5
2838097,0,452,0,40,3,0,2,1,8,29,5
2838099,0,452,0,40,3,0,2,1,8,54,5
2838105,0,452,0,40,3,0,2,1,8,35,5
2838107,0,452,0,40,2,0,2,1,8,51,5
2838115,0,452,0,40,3,0,2,1,8,43,5
2838117,0,452,0,40,2,0,2,1,8,57,5
2838119,0,452,0,40,2,0,2,1,8,33,5
2838131,0,452,0,40,2,0,2,1,8,44,5
2838141,0,452,0,40,2,0,2,1,8,24,5
2838147,0,452,0,40,3,0,2,1,8,33,5
2838149,0,452,0,40,3,0,2,1,8,47,5
2838161,0,452,0,40,2,0,2,1,8,108,5
2838167,0,452,0,40,3,0,2,1,8,76,5
2838171,0,452,0,40,2,0,2,1,8,41,5
2838175,0,452,0,40,2,0,2,1,8,18,5
2838177,0,452,0,40,3,0,2,1,8,33,5
2838179,0,452,0,40,3,0,2,1,8,80,5
2838181,0,452,0,40,3,0,2,1,8,40,5
2838183,0,452,0,40,2,0,2,1,8,17,5
2838187,0,452,0,40,2,0,2,1,8,103,5
2838191,0,452,0,40,2,0,2,1,8,63,5
2838203,0,452,0,40,2,0,2,1,8,107,5
2838205,0,452,0,40,2,0,2,1,8,45,5
2838209,0,452,0,40,3,0,2,1,8,24,5
2838215,0,452,0,40,2,0,2,1,8,67,5
2838217,0,452,0,40,2,0,2,1,8,53,5
2838221,0,452,0,40,2,0,2,1,8,51,5
2838223,0,452,0,40,3,0,2,1,8,35,5
2838225,0,452,0,40,2,0,2,1,8,28,5
2838229,0,452,0,40,3,0,2,1,8,36,5
2838231,0,452,0,40,2,0,2,1,8,34,5
2838233,0,452,0,40,3,0,2,1,8,58,5
2838243,0,452,0,40,2,0,2,1,8,14,5
2838255,0,452,0,40,3,0,2,1,8,56,5
2838259,0,452,0,40,2,0,2,1,8,42,5
2838265,0,452,0,40,2,0,2,1,8,47,5
2838267,0,452,0,40,3,0,2,1,8,56,5
2838273,0,452,0,40,2,0,2,1,8,47,5
2768310,0,452,0,40,3,10,2,1,98,47,5
2828535,0,452,0,40,2,0,2,1,12,21,5
2827839,0,452,0,40,3,0,2,1,19,53,5
2829221,0,452,0,40,2,0,2,1,9,35,5
2828683,0,452,0,40,3,1,2,1,13,31,5
2829752,0,452,0,40,3,1,2,1,13,30,5
2830271,0,452,0,40,3,0,2,1,8,56,5
2829737,0,452,0,40,3,1,2,1,10,46,5
2830349,0,452,0,40,2,0,2,1,9,48,5
2828490,0,452,0,40,3,1,2,1,28,24,5
2829944,0,452,0,40,2,1,2,1,12,47,5
2820898,0,452,0,40,3,7,2,1,49,49,5
2830659,0,452,0,40,3,0,2,1,14,33,5
2824945,0,452,0,40,2,8,2,1,34,39,5
2831227,0,452,0,40,2,0,2,1,9,51,5
2831358,0,452,0,40,3,0,2,1,9,26,5
2831598,0,452,0,40,3,0,2,1,8,46,5
2831262,0,452,0,40,2,2,2,1,14,57,5
2831339,0,452,0,40,3,2,2,1,19,75,5
2832521,0,452,0,40,2,0,2,1,13,20,5
2833319,0,452,0,40,3,0,2,1,10,91,5
2832545,0,452,0,40,2,2,2,1,24,48,5
2835622,0,452,0,40,3,1,2,1,8,61,5
2835024,0,452,0,40,2,1,2,1,12,27,5
2833987,0,452,0,40,2,1,2,1,20,29,5
2835834,0,452,0,40,3,1,2,1,9,29,5
2834195,0,452,0,40,2,2,2,1,14,54,5
2835636,0,452,0,40,3,1,2,1,11,40,5
2833316,0,452,0,40,3,3,2,1,14,36,5
2833016,0,452,0,40,2,2,2,1,26,32,5
2834490,0,452,0,40,2,1,2,1,16,50,5
2834915,0,452,0,40,2,1,2,1,13,33,5
2835143,0,452,0,40,3,1,2,1,11,44,5
2833655,0,452,0,40,2,4,2,1,18,34,5
2836425,0,452,0,40,3,1,2,1,8,31,5
2833406,0,452,0,40,2,1,2,1,21,65,5
2832885,0,452,0,40,2,2,2,1,28,42,5
2835487,0,452,0,40,2,1,2,1,14,62,5
2835470,0,452,0,40,3,1,2,1,13,37,5
2834426,0,452,0,40,2,2,2,1,16,61,5
2835940,0,452,0,40,2,1,2,1,11,19,5
2835969,0,452,0,40,2,1,2,1,10,76,5
2835729,0,452,0,40,2,1,2,1,9,55,5
2836219,0,452,0,40,3,1,2,1,9,28,5
2834192,0,452,0,40,3,1,2,1,22,58,5
2834736,0,452,0,40,2,1,2,1,19,44,5
2833741,0,452,0,40,2,2,2,1,21,81,5
2834825,0,452,0,40,2,1,2,1,17,68,5
2835296,0,452,0,40,3,1,2,1,15,18,5
2833325,0,452,0,40,3,2,2,1,23,116,5
2834570,0,452,0,40,2,2,2,1,16,45,5
2834650,0,452,0,40,3,2,2,1,17,32,5
2834767,0,452,0,40,2,1,2,1,12,38,5
2835159,0,452,0,40,3,1,2,1,11,27,5
2836046,0,452,0,40,2,1,2,1,11,13,5
2835176,0,452,0,40,3,2,2,1,12,71,5
2835262,0,452,0,40,2,2,2,1,12,47,5
2834703,0,452,0,40,2,2,2,1,13,58,5
2836255,0,452,0,40,2,1,2,1,10,58,5
2836421,0,452,0,40,2,1,2,1,10,18,5
2833586,0,452,0,40,3,4,2,1,16,33,5
2833667,0,452,0,40,3,3,2,1,19,39,5
2836621,0,452,0,40,2,1,2,1,9,45,5
2834843,0,452,0,40,2,2,2,1,10,29,5
2835868,0,452,0,40,3,2,2,1,10,68,5
2836508,0,452,0,40,3,1,2,1,8,82,5
2832467,0,452,0,40,3,2,2,1,34,38,5
2833628,0,452,0,40,2,3,2,1,21,32,5
2835393,0,452,0,40,3,1,2,1,16,18,5
2832708,0,452,0,40,3,3,2,1,27,20,5
2835528,0,452,0,40,2,1,2,1,15,50,5
2836009,0,452,0,40,2,1,2,1,12,54,5
2836223,0,452,0,40,3,1,2,1,11,49,5
2831028,0,452,0,40,2,6,2,1,44,39,5
2835565,0,452,0,40,3,2,2,1,12,34,5
2835875,0,452,0,40,2,1,2,1,9,67,5
2836388,0,452,0,40,2,1,2,1,9,29,5
2836846,0,452,0,40,2,1,2,1,9,67,5
2835810,0,452,0,40,2,2,2,1,9,35,5
2833378,0,452,0,40,3,5,2,1,16,58,5
2837013,0,452,0,40,2,1,2,1,8,30,5
2832173,0,452,0,40,2,2,2,1,36,28,5
2832980,0,452,0,40,3,2,2,1,29,37,5
2834460,0,452,0,40,3,1,2,1,20,35,5
2832186,0,452,0,40,2,3,2,1,27,34,5
2833466,0,452,0,40,2,2,2,1,26,28,5
2834451,0,452,0,40,2,2,2,1,18,30,5
2835872,0,452,0,40,2,1,2,1,14,40,5
2835118,0,452,0,40,3,2,2,1,15,25,5
2836349,0,452,0,40,3,1,2,1,12,103,5
2836402,0,452,0,40,2,1,2,1,11,82,5
2832746,0,452,0,40,3,3,2,1,18,40,5
2834347,0,452,0,40,2,2,2,1,16,46,5
2833598,0,452,0,40,3,2,2,1,22,45,5
2831623,0,452,0,40,3,3,2,1,19,67,5
2834902,0,452,0,40,3,2,2,1,19,41,5
2833156,0,452,0,40,3,3,2,1,17,80,5
2832208,0,452,0,40,2,5,2,1,18,47,5
2835585,0,452,0,40,2,2,2,1,13,50,5
2833933,0,452,0,40,3,4,2,1,12,75,5
2836889,0,452,0,40,2,1,2,1,9,28,5
2834513,0,452,0,40,3,3,2,1,13,42,5
2833986,0,452,0,40,2,3,2,1,21,61,5
2836954,0,452,0,40,3,1,2,1,8,55,5
2837066,0,452,0,40,3,1,2,1,8,43,5
2837183,0,452,0,40,2,1,2,1,8,43,5
2837259,0,452,0,40,3,1,2,1,8,37,5
2833981,0,452,0,40,3,1,2,1,27,56,5
2834686,0,452,0,40,3,1,2,1,22,24,5
2833209,0,452,0,40,3,2,2,1,30,42,5
2834635,0,452,0,40,3,2,2,1,22,49,5
2835310,0,452,0,40,2,1,2,1,17,19,5
2835597,0,452,0,40,3,1,2,1,16,37,5
2835555,0,452,0,40,3,1,2,1,15,15,5
2835223,0,452,0,40,3,2,2,1,17,19,5
2833782,0,452,0,40,3,3,2,1,21,65,5
2835017,0,452,0,40,2,2,2,1,17,38,5
2834132,0,452,0,40,3,3,2,1,23,24,5
2836330,0,452,0,40,2,1,2,1,12,62,5
2836597,0,452,0,40,3,1,2,1,12,60,5
2834215,0,452,0,40,2,2,2,1,16,24,5
2833307,0,452,0,40,2,3,2,1,22,35,5
2834776,0,452,0,40,2,2,2,1,18,55,5
2836364,0,452,0,40,3,1,2,1,11,32,5
2836588,0,452,0,40,3,1,2,1,11,31,5
2829963,0,452,0,40,3,1,2,1,15,52,5
2834831,0,452,0,40,3,2,2,1,17,26,5
2836526,0,452,0,40,3,1,2,1,10,28,5
2836947,0,452,0,40,3,1,2,1,10,26,5
2834239,0,452,0,40,2,2,2,1,20,62,5
2831777,0,452,0,40,2,5,2,1,34,73,5
2837129,0,452,0,40,2,1,2,1,9,57,5
2837175,0,452,0,40,2,1,2,1,9,29,5
2837239,0,452,0,40,3,1,2,1,9,22,5
2835744,0,452,0,40,3,2,2,1,9,46,5
2836243,0,452,0,40,2,2,2,1,10,38,5
2836367,0,452,0,40,2,2,2,1,13,35,5
2836996,0,452,0,40,2,1,2,1,8,17,5
2837172,0,452,0,40,2,1,2,1,8,26,5
2837240,0,452,0,40,3,1,2,1,8,47,5
2837433,0,452,0,40,2,1,2,1,8,39,5
2837467,0,452,0,40,2,1,2,1,8,75,5
2834364,0,452,0,40,3,1,2,1,22,41,5
2834997,0,452,0,40,2,1,2,1,21,92,5
2835474,0,452,0,40,2,1,2,1,18,41,5
2835537,0,452,0,40,3,1,2,1,17,46,5
2834718,0,452,0,40,2,2,2,1,18,18,5
2835745,0,452,0,40,3,1,2,1,14,43,5
2836233,0,452,0,40,3,1,2,1,13,53,5
2833087,0,452,0,40,3,3,2,1,22,59,5
2836736,0,452,0,40,2,1,2,1,12,42,5
2836977,0,452,0,40,3,1,2,1,11,67,5
2833698,0,452,0,40,2,2,2,1,17,43,5
2832621,0,452,0,40,3,4,2,1,23,21,5
2833213,0,452,0,40,2,2,2,1,26,64,5
2836883,0,452,0,40,3,1,2,1,9,62,5
2834220,0,452,0,40,3,2,2,1,16,71,5
2833238,0,452,0,40,3,2,2,1,28,39,5
2836076,0,452,0,40,2,2,2,1,12,15,5
2834294,0,452,0,40,3,2,2,1,24,18,5
2835894,0,452,0,40,3,2,2,1,14,52,5
2835520,0,452,0,40,3,2,2,1,17,49,5
2833913,0,452,0,40,2,2,2,1,26,65,5
2835441,0,452,0,40,3,1,2,1,20,50,5
2834597,0,452,0,40,2,2,2,1,19,36,5
2836049,0,452,0,40,2,1,2,1,14,44,5
2836493,0,452,0,40,3,1,2,1,14,38,5
2836556,0,452,0,40,2,1,2,1,13,22,5
2834981,0,452,0,40,2,2,2,1,18,40,5
2835171,0,452,0,40,2,2,2,1,18,42,5
2834061,0,452,0,40,3,3,2,1,23,32,5
2837549,0,452,0,40,2,1,2,1,10,35,5
2833006,0,452,0,40,2,4,2,1,16,40,5
2837562,0,452,0,40,2,1,2,1,9,50,5
2831202,0,452,0,40,2,1,2,1,14,31,5
2837270,0,452,0,40,2,1,2,1,8,39,5
2837560,0,452,0,40,2,1,2,1,8,12,5
2837741,0,452,0,40,3,1,2,1,8,20,5
2834817,0,452,0,40,2,1,2,1,24,19,5
2835984,0,452,0,40,3,2,2,1,11,30,5
2837612,0,452,0,40,3,1,2,1,10,60,5
2834652,0,452,0,40,2,3,2,1,15,36,5
2837915,0,452,0,40,3,1,2,1,8,38,5
2838207,0,452,0,40,2,1,2,1,8,45,5
2837150,0,452,0,40,2,0,2,1,7,27,5
2837246,0,452,0,40,3,0,2,1,7,60,5
2837310,0,452,0,40,2,0,2,1,7,39,5
2837460,0,452,0,40,2,0,2,1,7,23,5
2837508,0,452,0,40,2,0,2,1,7,21,5
2837556,0,452,0,40,2,0,2,1,7,14,5
2837588,0,452,0,40,3,0,2,1,7,20,5
2837623,0,452,0,40,2,0,2,1,7,38,5
2837687,0,452,0,40,2,0,2,1,7,32,5
2837703,0,452,0,40,3,0,2,1,7,58,5
2837779,0,452,0,40,2,0,2,1,7,13,5
2837821,0,452,0,40,3,0,2,1,7,62,5
2837829,0,452,0,40,3,0,2,1,7,28,5
2837853,0,452,0,40,2,0,2,1,7,58,5
2837861,0,452,0,40,3,0,2,1,7,38,5
2837877,0,452,0,40,2,0,2,1,7,66,5
2837893,0,452,0,40,3,0,2,1,7,60,5
2837909,0,452,0,40,2,0,2,1,7,72,5
2837925,0,452,0,40,2,0,2,1,7,61,5
2837941,0,452,0,40,3,0,2,1,7,20,5
2837949,0,452,0,40,2,0,2,1,7,37,5
2837957,0,452,0,40,3,0,2,1,7,46,5
2838013,0,452,0,40,2,0,2,1,7,55,5
2838037,0,452,0,40,3,0,2,1,7,10,5
2838045,0,452,0,40,2,0,2,1,7,26,5
2838080,0,452,0,40,2,0,2,1,7,70,5
2838088,0,452,0,40,3,0,2,1,7,25,5
2838116,0,452,0,40,3,0,2,1,7,80,5
2838124,0,452,0,40,3,0,2,1,7,23,5
2838128,0,452,0,40,3,0,2,1,7,59,5
2838132,0,452,0,40,2,0,2,1,7,39,5
2838148,0,452,0,40,2,0,2,1,7,66,5
2838152,0,452,0,40,3,0,2,1,7,26,5
2838156,0,452,0,40,2,0,2,1,7,14,5
2838168,0,452,0,40,3,0,2,1,7,40,5
2838180,0,452,0,40,2,0,2,1,7,87,5
2838184,0,452,0,40,2,0,2,1,7,98,5
2838200,0,452,0,40,2,0,2,1,7,68,5
2838208,0,452,0,40,2,0,2,1,7,64,5
2838212,0,452,0,40,2,0,2,1,7,21,5
2838228,0,452,0,40,2,0,2,1,7,31,5
2838240,0,452,0,40,3,0,2,1,7,35,5
2838244,0,452,0,40,2,0,2,1,7,53,5
2838248,0,452,0,40,3,0,2,1,7,36,5
2838264,0,452,0,40,2,0,2,1,7,53,5
2838268,0,452,0,40,3,0,2,1,7,55,5
2838280,0,452,0,40,2,0,2,1,7,22,5
2838287,0,452,0,40,2,0,2,1,7,74,5
2838289,0,452,0,40,3,0,2,1,7,71,5
2838291,0,452,0,40,3,0,2,1,7,79,5
2838295,0,452,0,40,3,0,2,1,7,50,5
2838297,0,452,0,40,3,0,2,1,7,68,5
2838303,0,452,0,40,3,0,2,1,7,29,5
2838307,0,452,0,40,2,0,2,1,7,56,5
2838309,0,452,0,40,2,0,2,1,7,54,5
2838311,0,452,0,40,2,0,2,1,7,29,5
2838317,0,452,0,40,2,0,2,1,7,18,5
2838319,0,452,0,40,2,0,2,1,7,39,5
2838323,0,452,0,40,3,0,2,1,7,70,5
2838325,0,452,0,40,3,0,2,1,7,28,5
2838329,0,452,0,40,2,0,2,1,7,59,5
2838331,0,452,0,40,2,0,2,1,7,89,5
2838333,0,452,0,40,2,0,2,1,7,62,5
2838335,0,452,0,40,3,0,2,1,7,75,5
2838341,0,452,0,40,3,0,2,1,7,31,5
2838343,0,452,0,40,3,0,2,1,7,16,5
2838353,0,452,0,40,2,0,2,1,7,40,5
2838355,0,452,0,40,3,0,2,1,7,45,5
2838359,0,452,0,40,2,0,2,1,7,39,5
2838365,0,452,0,40,2,0,2,1,7,44,5
2838367,0,452,0,40,3,0,2,1,7,41,5
2838369,0,452,0,40,3,0,2,1,7,60,5
2838371,0,452,0,40,2,0,2,1,7,128,5
2838373,0,452,0,40,3,0,2,1,7,34,5
2838375,0,452,0,40,3,0,2,1,7,55,5
2838379,0,452,0,40,2,0,2,1,7,35,5
2838383,0,452,0,40,2,0,2,1,7,49,5
2838391,0,452,0,40,2,0,2,1,7,38,5
2838393,0,452,0,40,3,0,2,1,7,42,5
2838417,0,452,0,40,2,0,2,1,7,34,5
2838419,0,452,0,40,3,0,2,1,7,47,5
2838429,0,452,0,40,3,0,2,1,7,31,5
2838431,0,452,0,40,2,0,2,1,7,23,5
2838433,0,452,0,40,3,0,2,1,7,65,5
2838439,0,452,0,40,2,0,2,1,7,30,5
2838449,0,452,0,40,3,0,2,1,7,40,5
2838455,0,452,0,40,2,0,2,1,7,47,5
2838459,0,452,0,40,3,0,2,1,7,32,5
2838467,0,452,0,40,2,0,2,1,7,87,5
2838469,0,452,0,40,3,0,2,1,7,40,5
2838473,0,452,0,40,2,0,2,1,7,28,5
2838477,0,452,0,40,3,0,2,1,7,35,5
2838481,0,452,0,40,2,0,2,1,7,46,5
2838485,0,452,0,40,2,0,2,1,7,56,5
2838487,0,452,0,40,2,0,2,1,7,37,5
2838489,0,452,0,40,3,0,2,1,7,28,5
2838497,0,452,0,40,2,0,2,1,7,70,5
2838503,0,452,0,40,3,0,2,1,7,89,5
2838505,0,452,0,40,2,0,2,1,7,35,5
2838507,0,452,0,40,3,0,2,1,7,60,5
2821077,0,452,0,40,2,1,2,1,29,20,5
2723630,0,452,0,40,2,15,2,1,158,35,5
2826417,0,452,0,40,2,1,2,1,14,62,5
2826365,0,452,0,40,3,2,2,1,17,43,5
2828554,0,452,0,40,3,0,2,1,9,65,5
2750853,0,452,0,40,3,15,2,1,132,66,5
2829770,0,452,0,40,3,0,2,1,7,36,5
2759084,1,452,201,40,2,19,2,1,102,60,5
2828063,0,452,0,40,2,1,2,1,23,78,5
2829530,0,452,0,40,3,2,2,1,12,45,5
2826369,0,452,0,40,3,4,2,1,28,21,5
2827714,0,452,0,40,3,2,2,1,20,47,5
2827939,0,452,0,40,2,2,2,1,30,17,5
2830787,0,452,0,40,3,0,2,1,7,53,5
2830813,0,452,0,40,2,0,2,1,12,47,5
2828405,0,452,0,40,3,3,2,1,34,50,5
2815172,0,452,0,40,2,9,2,1,58,59,5
2831363,0,452,0,40,2,0,2,1,7,34,5
2831365,0,452,0,40,3,1,2,1,11,48,5
2831614,0,452,0,40,2,0,2,1,11,32,5
2831604,0,452,0,40,3,0,2,1,16,41,5
2831291,0,452,0,40,3,1,2,1,13,31,5
2831693,0,452,0,40,3,2,2,1,12,58,5
2833070,0,452,0,40,3,0,2,1,8,44,5
2833223,0,452,0,40,2,0,2,1,9,39,5
2832392,0,452,0,40,2,0,2,1,18,66,5
2833341,0,452,0,40,2,0,2,1,13,44,5
2832037,0,452,0,40,3,2,2,1,20,55,5
2833973,0,452,0,40,3,0,2,1,11,21,5
2831377,0,452,0,40,2,3,2,1,30,43,5
2834450,0,452,0,40,3,0,2,1,7,54,5
2834309,0,452,0,40,2,1,2,1,13,65,5
2834295,0,452,0,40,2,2,2,1,15,45,5
2834771,0,452,0,40,2,2,2,1,9,14,5
2834606,0,452,0,40,3,1,2,1,11,48,5
2834263,0,452,0,40,2,3,2,1,15,27,5
2835548,0,452,0,40,3,1,2,1,11,23,5
2834109,0,452,0,40,2,2,2,1,17,17,5
2836231,0,452,0,40,2,1,2,1,7,72,5
2834543,0,452,0,40,2,1,2,1,18,42,5
2835134,0,452,0,40,3,1,2,1,15,41,5
2836006,0,452,0,40,3,1,2,1,10,38,5
2836128,0,452,0,40,2,1,2,1,9,39,5
2835304,0,452,0,40,3,2,2,1,9,55,5
2836309,0,452,0,40,3,1,2,1,8,45,5
2833530,0,452,0,40,3,3,2,1,23,49,5
2833838,0,452,0,40,2,1,2,1,24,31,5
2833588,0,452,0,40,2,1,2,1,20,28,5
2833368,0,452,0,40,3,2,2,1,23,20,5
2832728,0,452,0,40,2,4,2,1,23,38,5
2833954,0,452,0,40,3,2,2,1,16,68,5
2834522,0,452,0,40,2,2,2,1,14,81,5
2836071,0,452,0,40,2,1,2,1,9,23,5
2836447,0,452,0,40,2,1,2,1,9,61,5
2831625,0,452,0,40,3,4,2,1,32,76,5
2836549,0,452,0,40,2,1,2,1,8,47,5
2836105,0,452,0,40,2,2,2,1,8,42,5
2836488,0,452,0,40,2,1,2,1,7,46,5
2836780,0,452,0,40,2,1,2,1,7,52,5
2836832,0,452,0,40,3,1,2,1,7,38,5
2834033,0,452,0,40,3,1,2,1,23,50,5
2834964,0,452,0,40,2,1,2,1,18,66,5
2834727,0,452,0,40,3,1,2,1,16,51,5
2834157,0,452,0,40,3,2,2,1,18,46,5
2835423,0,452,0,40,2,1,2,1,15,28,5
2835668,0,452,0,40,2,1,2,1,14,40,5
2833676,0,452,0,40,2,2,2,1,17,39,5
2834587,0,452,0,40,2,2,2,1,19,42,5
2835902,0,452,0,40,2,1,2,1,12,30,5
2834249,0,452,0,40,3,2,2,1,12,79,5
2836062,0,452,0,40,3,1,2,1,11,54,5
2836232,0,452,0,40,3,1,2,1,11,40,5
2834382,0,452,0,40,3,2,2,1,17,47,5
2836371,0,452,0,40,2,1,2,1,10,39,5
2836605,0,452,0,40,2,1,2,1,9,49,5
2834618,0,452,0,40,3,2,2,1,12,55,5
2836552,0,452,0,40,2,1,2,1,8,32,5
2835124,0,452,0,40,2,2,2,1,9,22,5
2837025,0,452,0,40,3,1,2,1,7,65,5
2833606,0,452,0,40,2,1,2,1,26,18,5
2833984,0,452,0,40,3,1,2,1,24,23,5
2833988,0,452,0,40,2,2,2,1,22,69,5
2833862,0,452,0,40,2,2,2,1,20,43,5
2834205,0,452,0,40,2,2,2,1,19,48,5
2832722,0,452,0,40,3,4,2,1,22,46,5
2831355,0,452,0,40,3,5,2,1,41,31,5
2816266,0,452,0,40,2,3,2,1,47,30,5
2835746,0,452,0,40,3,1,2,1,14,93,5
2832915,0,452,0,40,2,1,2,1,14,52,5
2835994,0,452,0,40,3,1,2,1,13,53,5
2835999,0,452,0,40,2,1,2,1,11,52,5
2836385,0,452,0,40,2,1,2,1,11,19,5
2833890,0,452,0,40,3,2,2,1,16,34,5
2833580,0,452,0,40,2,2,2,1,19,27,5
2835867,0,452,0,40,2,1,2,1,10,87,5
2836434,0,452,0,40,2,1,2,1,10,59,5
2835709,0,452,0,40,3,2,2,1,10,53,5
2836560,0,452,0,40,3,1,2,1,9,43,5
2836746,0,452,0,40,3,1,2,1,9,41,5
2836808,0,452,0,40,3,1,2,1,9,31,5
2835978,0,452,0,40,2,2,2,1,9,28,5
2836951,0,452,0,40,3,1,2,1,8,23,5
2834884,0,452,0,40,2,2,2,1,14,18,5
2834918,0,452,0,40,2,2,2,1,16,56,5
2834954,0,452,0,40,2,3,2,1,16,44,5
2836514,0,452,0,40,3,1,2,1,7,81,5
2836974,0,452,0,40,2,1,2,1,7,76,5
2834114,0,452,0,40,2,1,2,1,21,44,5
2833841,0,452,0,40,3,2,2,1,19,63,5
2832902,0,452,0,40,3,2,2,1,25,32,5
2833058,0,452,0,40,2,3,2,1,27,22,5
2831838,0,452,0,40,2,6,2,1,26,50,5
2831322,0,452,0,40,2,5,2,1,45,27,5
2834436,0,452,0,40,3,2,2,1,14,29,5
2836175,0,452,0,40,3,1,2,1,12,64,5
2836279,0,452,0,40,2,1,2,1,12,46,5
2836553,0,452,0,40,3,1,2,1,11,46,5
2836603,0,452,0,40,3,1,2,1,11,38,5
2833708,0,452,0,40,2,3,2,1,16,62,5
2834175,0,452,0,40,2,2,2,1,23,51,5
2836472,0,452,0,40,2,1,2,1,10,35,5
2835591,0,452,0,40,2,1,2,1,9,26,5
2836825,0,452,0,40,2,1,2,1,9,66,5
2836963,0,452,0,40,2,1,2,1,9,59,5
2835635,0,452,0,40,2,2,2,1,9,30,5
2833935,0,452,0,40,2,3,2,1,20,37,5
2833927,0,452,0,40,2,3,2,1,15,43,5
2836466,0,452,0,40,2,1,2,1,8,50,5
2836687,0,452,0,40,2,1,2,1,8,16,5
2831460,0,452,0,40,2,7,2,1,27,41,5
2835913,0,452,0,40,3,2,2,1,12,36,5
2837020,0,452,0,40,2,1,2,1,7,32,5
2837184,0,452,0,40,3,1,2,1,7,47,5
2837320,0,452,0,40,3,1,2,1,7,44,5
2837407,0,452,0,40,3,1,2,1,7,43,5
2837479,0,452,0,40,3,1,2,1,7,55,5
2837559,0,452,0,40,3,1,2,1,7,39,5
2837577,0,452,0,40,2,1,2,1,7,19,5
2834027,0,452,0,40,2,2,2,1,24,24,5
2834789,0,452,0,40,2,1,2,1,21,28,5
2835033,0,452,0,40,2,1,2,1,19,46,5
2835231,0,452,0,40,2,1,2,1,19,39,5
2834103,0,452,0,40,2,2,2,1,19,34,5
2833666,0,452,0,40,2,2,2,1,22,77,5
2835286,0,452,0,40,2,1,2,1,17,24,5
2834585,0,452,0,40,3,2,2,1,20,28,5
2835346,0,452,0,40,3,1,2,1,15,65,5
2835063,0,452,0,40,3,1,2,1,14,93,5
2835757,0,452,0,40,2,1,2,1,14,32,5
2836080,0,452,0,40,3,1,2,1,14,22,5
2834922,0,452,0,40,3,3,2,1,17,56,5
2836491,0,452,0,40,3,1,2,1,12,37,5
2836661,0,452,0,40,3,1,2,1,12,13,5
2834503,0,452,0,40,2,2,2,1,19,47,5
2836300,0,452,0,40,3,1,2,1,11,18,5
2833428,0,452,0,40,3,3,2,1,21,106,5
2834430,0,452,0,40,2,3,2,1,12,43,5
2834901,0,452,0,40,2,2,2,1,15,26,5
2833952,0,452,0,40,2,3,2,1,17,32,5
2836346,0,452,0,40,2,2,2,1,10,29,5
2836906,0,452,0,40,3,1,2,1,9,50,5
2837038,0,452,0,40,3,1,2,1,9,56,5
2837201,0,452,0,40,2,1,2,1,9,40,5
2837291,0,452,0,40,3,1,2,1,9,49,5
2837329,0,452,0,40,2,1,2,1,9,16,5
2835264,0,452,0,40,3,2,2,1,11,45,5
2832063,0,452,0,40,3,5,2,1,31,67,5
2836602,0,452,0,40,2,1,2,1,8,11,5
2837148,0,452,0,40,3,1,2,1,8,40,5
2837216,0,452,0,40,2,1,2,1,8,22,5
2834798,0,452,0,40,2,3,2,1,16,39,5
2834566,0,452,0,40,2,2,2,1,17,56,5
2833958,0,452,0,40,3,3,2,1,19,28,5
2833433,0,452,0,40,2,4,2,1,14,57,5
2836109,0,452,0,40,3,2,2,1,9,57,5
2768677,0,452,0,40,2,11,2,1,95,36,5
2834407,0,452,0,40,2,1,2,1,25,36,5
2834780,0,452,0,40,2,2,2,1,22,59,5
2835503,0,452,0,40,3,1,2,1,19,26,5
2835530,0,452,0,40,3,1,2,1,18,34,5
2835274,0,452,0,40,3,1,2,1,17,30,5
2835783,0,452,0,40,2,1,2,1,16,42,5
2835741,0,452,0,40,3,1,2,1,15,36,5
2835977,0,452,0,40,2,1,2,1,15,64,5
2834998,0,452,0,40,3,2,2,1,16,49,5
2836357,0,452,0,40,3,1,2,1,14,47,5
2827317,0,452,0,40,2,1,2,1,22,40,5
2835559,0,452,0,40,2,1,2,1,13,38,5
2836097,0,452,0,40,3,1,2,1,13,46,5
2836559,0,452,0,40,2,1,2,1,13,24,5
2833992,0,452,0,40,2,3,2,1,16,35,5
2833556,0,452,0,40,3,3,2,1,29,45,5
2836085,0,452,0,40,3,1,2,1,12,29,5
2836660,0,452,0,40,3,1,2,1,12,31,5
2835589,0,452,0,40,2,2,2,1,13,33,5
2836793,0,452,0,40,3,1,2,1,11,46,5
2836873,0,452,0,40,2,1,2,1,11,19,5
2836530,0,452,0,40,2,1,2,1,10,33,5
2836994,0,452,0,40,3,1,2,1,10,34,5
2837245,0,452,0,40,2,1,2,1,10,74,5
2837188,0,452,0,40,2,1,2,1,9,73,5
2833176,0,452,0,40,2,1,2,1,10,10,5
2833073,0,452,0,40,2,3,2,1,22,51,5
2834135,0,452,0,40,3,3,2,1,20,54,5
2837008,0,452,0,40,3,1,2,1,8,46,5
2835179,0,452,0,40,2,2,2,1,12,66,5
2831500,0,452,0,40,3,5,2,1,41,43,5
2836050,0,452,0,40,2,2,2,1,12,56,5
2836054,0,452,0,40,3,3,2,1,11,47,5
2837222,0,452,0,40,2,1,2,1,7,56,5
2837749,0,452,0,40,2,1,2,1,7,14,5
2826315,0,452,0,40,2,4,2,1,17,20,5
2833852,0,452,0,40,3,1,2,1,30,34,5
2834668,0,452,0,40,2,1,2,1,24,31,5
2836146,0,452,0,40,3,1,2,1,16,23,5
2836667,0,452,0,40,3,1,2,1,14,32,5
2836420,0,452,0,40,2,1,2,1,13,90,5
2834258,0,452,0,40,3,3,2,1,18,73,5
2833557,0,452,0,40,3,3,2,1,18,45,5
2832623,0,452,0,40,2,4,2,1,30,47,5
2836867,0,452,0,40,2,1,2,1,10,34,5
2814649,0,452,0,40,2,5,2,1,48,15,5
2834876,0,452,0,40,3,2,2,1,18,81,5
2833692,0,452,0,40,3,3,2,1,24,48,5
2832196,0,452,0,40,2,1,2,1,9,31,5
2837860,0,452,0,40,2,1,2,1,8,36,5
2831314,0,452,0,40,2,2,2,1,15,62,5
2834586,0,452,0,40,3,2,2,1,19,26,5
2836169,0,452,0,40,2,2,2,1,11,45,5
2836404,0,452,0,40,2,2,2,1,10,27,5
2838057,0,452,0,40,3,1,2,1,7,61,5
2837027,0,452,0,40,3,1,2,1,13,26,5
2835269,0,452,0,40,3,2,2,1,15,19,5
2835215,0,452,0,40,2,3,2,1,11,52,5
2837278,0,452,0,40,3,0,2,1,6,35,5
2837524,0,452,0,40,2,0,2,1,6,31,5
2837755,0,452,0,40,2,0,2,1,6,16,5
2837817,0,452,0,40,2,0,2,1,6,37,5
2837849,0,452,0,40,3,0,2,1,6,69,5
2837913,0,452,0,40,2,0,2,1,6,24,5
2837977,0,452,0,40,3,0,2,1,6,16,5
2838025,0,452,0,40,3,0,2,1,6,27,5
2838041,0,452,0,40,3,0,2,1,6,16,5
2838070,0,452,0,40,3,0,2,1,6,31,5
2838078,0,452,0,40,2,0,2,1,6,49,5
2838086,0,452,0,40,2,0,2,1,6,39,5
2838110,0,452,0,40,2,0,2,1,6,24,5
2838126,0,452,0,40,2,0,2,1,6,62,5
2838142,0,452,0,40,2,0,2,1,6,44,5
2838150,0,452,0,40,2,0,2,1,6,40,5
2838158,0,452,0,40,2,0,2,1,6,31,5
2838174,0,452,0,40,2,0,2,1,6,57,5
2838182,0,452,0,40,2,0,2,1,6,49,5
2838190,0,452,0,40,3,0,2,1,6,57,5
2838206,0,452,0,40,3,0,2,1,6,34,5
2838230,0,452,0,40,3,0,2,1,6,67,5
2838246,0,452,0,40,3,0,2,1,6,41,5
2838254,0,452,0,40,2,0,2,1,6,42,5
2838262,0,452,0,40,3,0,2,1,6,40,5
2838278,0,452,0,40,3,0,2,1,6,53,5
2838284,0,452,0,40,2,0,2,1,6,18,5
2838292,0,452,0,40,2,0,2,1,6,45,5
2838296,0,452,0,40,3,0,2,1,6,19,5
2838308,0,452,0,40,3,0,2,1,6,35,5
2838312,0,452,0,40,3,0,2,1,6,20,5
2838316,0,452,0,40,2,0,2,1,6,64,5
2838320,0,452,0,40,2,0,2,1,6,21,5
2838328,0,452,0,40,2,0,2,1,6,58,5
2838332,0,452,0,40,3,0,2,1,6,30,5
2838340,0,452,0,40,2,0,2,1,6,64,5
2838344,0,452,0,40,2,0,2,1,6,47,5
2838368,0,452,0,40,3,0,2,1,6,27,5
2838372,0,452,0,40,3,0,2,1,6,43,5
2838376,0,452,0,40,3,0,2,1,6,92,5
2838388,0,452,0,40,2,0,2,1,6,57,5
2838396,0,452,0,40,3,0,2,1,6,20,5
2838400,0,452,0,40,3,0,2,1,6,58,5
2838404,0,452,0,40,3,0,2,1,6,48,5
2838408,0,452,0,40,2,0,2,1,6,33,5
2838412,0,452,0,40,2,0,2,1,6,80,5
2838420,0,452,0,40,2,0,2,1,6,57,5
2838428,0,452,0,40,3,0,2,1,6,43,5
2838432,0,452,0,40,2,0,2,1,6,37,5
2838436,0,452,0,40,3,0,2,1,6,27,5
2838452,0,452,0,40,3,0,2,1,6,28,5
2838456,0,452,0,40,3,0,2,1,6,30,5
2838460,0,452,0,40,3,0,2,1,6,23,5
2838464,0,452,0,40,3,0,2,1,6,43,5
2838468,0,452,0,40,3,0,2,1,6,54,5
2838472,0,452,0,40,2,0,2,1,6,23,5
2838476,0,452,0,40,3,0,2,1,6,38,5
2838480,0,452,0,40,3,0,2,1,6,58,5
2838484,0,452,0,40,2,0,2,1,6,4,5
2838492,0,452,0,40,3,0,2,1,6,23,5
2838496,0,452,0,40,2,0,2,1,6,39,5
2838500,0,452,0,40,3,0,2,1,6,52,5
2838514,0,452,0,40,2,0,2,1,6,39,5
2838520,0,452,0,40,3,0,2,1,6,35,5
2838522,0,452,0,40,3,0,2,1,6,71,5
2838526,0,452,0,40,2,0,2,1,6,29,5
2838530,0,452,0,40,2,0,2,1,6,33,5
2838536,0,452,0,40,3,0,2,1,6,21,5
2838538,0,452,0,40,3,0,2,1,6,32,5
2838540,0,452,0,40,2,0,2,1,6,32,5
2838548,0,452,0,40,3,0,2,1,6,33,5
2838550,0,452,0,40,2,0,2,1,6,58,5
2838552,0,452,0,40,3,0,2,1,6,13,5
2838556,0,452,0,40,3,0,2,1,6,33,5
2838558,0,452,0,40,2,0,2,1,6,29,5
2838560,0,452,0,40,3,0,2,1,6,38,5
2838562,0,452,0,40,3,0,2,1,6,53,5
2838566,0,452,0,40,2,0,2,1,6,47,5
2838568,0,452,0,40,3,0,2,1,6,45,5
2838570,0,452,0,40,3,0,2,1,6,71,5
2838574,0,452,0,40,2,0,2,1,6,44,5
2838576,0,452,0,40,3,0,2,1,6,36,5
2838578,0,452,0,40,3,0,2,1,6,29,5
2838582,0,452,0,40,2,0,2,1,6,69,5
2838586,0,452,0,40,3,0,2,1,6,57,5
2838588,0,452,0,40,2,0,2,1,6,85,5
2838596,0,452,0,40,2,0,2,1,6,44,5
2838600,0,452,0,40,3,0,2,1,6,32,5
2838604,0,452,0,40,3,0,2,1,6,51,5
2838610,0,452,0,40,3,0,2,1,6,41,5
2838618,0,452,0,40,3,0,2,1,6,46,5
2838620,0,452,0,40,3,0,2,1,6,42,5
2838630,0,452,0,40,3,0,2,1,6,64,5
2838632,0,452,0,40,3,0,2,1,6,37,5
2838636,0,452,0,40,2,0,2,1,6,22,5
2838640,0,452,0,40,2,0,2,1,6,41,5
2838642,0,452,0,40,2,0,2,1,6,72,5
2838646,0,452,0,40,3,0,2,1,6,32,5
2838656,0,452,0,40,3,0,2,1,6,36,5
2838658,0,452,0,40,3,0,2,1,6,32,5
2838660,0,452,0,40,2,0,2,1,6,18,5
2838666,0,452,0,40,3,0,2,1,6,53,5
2838668,0,452,0,40,3,0,2,1,6,36,5
2838672,0,452,0,40,3,0,2,1,6,37,5
2838674,0,452,0,40,3,0,2,1,6,53,5
2838680,0,452,0,40,3,0,2,1,6,25,5
2838694,0,452,0,40,2,0,2,1,6,57,5
2838700,0,452,0,40,3,0,2,1,6,21,5
2838702,0,452,0,40,2,0,2,1,6,43,5
2838708,0,452,0,40,2,0,2,1,6,76,5
2838714,0,452,0,40,2,0,2,1,6,25,5
2838720,0,452,0,40,3,0,2,1,6,39,5
2838722,0,452,0,40,2,0,2,1,6,65,5
2838724,0,452,0,40,3,0,2,1,6,41,5
2838728,0,452,0,40,2,0,2,1,6,56,5
2838730,0,452,0,40,2,0,2,1,6,30,5
2838734,0,452,0,40,2,0,2,1,6,29,5
2838738,0,452,0,40,2,0,2,1,6,61,5
2838742,0,452,0,40,2,0,2,1,6,25,5
2838744,0,452,0,40,3,0,2,1,6,79,5
2838754,0,452,0,40,3,0,2,1,6,42,5
2838756,0,452,0,40,3,0,2,1,6,31,5
2838762,0,452,0,40,3,0,2,1,6,52,5
2785973,0,452,0,40,2,10,2,1,51,35,5
2826805,0,452,0,40,3,1,2,1,8,46,5
2809233,0,452,0,40,2,6,2,1,47,46,5
2828562,0,452,0,40,2,1,2,1,7,26,5
2826423,0,452,0,40,3,2,2,1,14,41,5
2829602,0,452,0,40,3,0,2,1,6,29,5
2829525,0,452,0,40,3,0,2,1,8,62,5
2824739,0,452,0,40,2,3,2,1,23,27,5
2829754,0,452,0,40,3,0,2,1,11,23,5
2819396,0,452,0,40,3,4,2,1,55,69,5
2827284,0,452,0,40,3,2,2,1,29,65,5
2829348,0,452,0,40,3,2,2,1,12,55,5
2830390,0,452,0,40,2,0,2,1,6,46,5
2805929,0,452,0,40,3,11,2,1,61,52,5
2830320,0,452,0,40,3,0,2,1,11,60,5
2827233,0,452,0,40,3,4,2,1,28,51,5
2820352,0,452,0,40,2,5,2,1,41,23,5
2830532,0,452,0,40,3,0,2,1,6,46,5
2830753,0,452,0,40,2,0,2,1,6,20,5
2830630,0,452,0,40,3,1,2,1,11,34,5
2830314,0,452,0,40,2,1,2,1,15,23,5
2830771,0,452,0,40,2,1,2,1,22,30,5
2830994,0,452,0,40,2,0,2,1,8,44,5
2831159,0,452,0,40,2,0,2,1,12,45,5
2831526,0,452,0,40,3,0,2,1,8,25,5
2831171,0,452,0,40,3,1,2,1,16,42,5
2832007,0,452,0,40,3,0,2,1,6,41,5
2832305,0,452,0,40,3,0,2,1,9,37,5
2832498,0,452,0,40,2,0,2,1,8,30,5
2832476,0,452,0,40,3,0,2,1,6,57,5
2831793,0,452,0,40,3,1,2,1,17,65,5
2831945,0,452,0,40,2,1,2,1,12,29,5
2833249,0,452,0,40,3,0,2,1,6,42,5
2833516,0,452,0,40,2,0,2,1,8,24,5
2833472,0,452,0,40,3,0,2,1,9,99,5
2833563,0,452,0,40,2,0,2,1,9,81,5
2834287,0,452,0,40,2,0,2,1,6,39,5
2833829,0,452,0,40,3,2,2,1,14,73,5
2834302,0,452,0,40,3,2,2,1,8,49,5
2832587,0,452,0,40,3,3,2,1,14,92,5
2832488,0,452,0,40,2,2,2,1,25,46,5
2831913,0,452,0,40,3,4,2,1,30,43,5
2835912,0,452,0,40,3,1,2,1,8,29,5
2834500,0,452,0,40,3,1,2,1,16,94,5
2834991,0,452,0,40,2,1,2,1,13,21,5
2834744,0,452,0,40,2,2,2,1,14,58,5
2835643,0,452,0,40,2,1,2,1,9,60,5
2836132,0,452,0,40,3,1,2,1,8,40,5
2836397,0,452,0,40,3,1,2,1,7,42,5
2833835,0,452,0,40,2,1,2,1,21,19,5
2834360,0,452,0,40,3,1,2,1,17,75,5
2834470,0,452,0,40,2,2,2,1,13,57,5
2835860,0,452,0,40,3,1,2,1,10,124,5
2833035,0,452,0,40,2,3,2,1,16,54,5
2833534,0,452,0,40,2,3,2,1,23,44,5
2836239,0,452,0,40,3,1,2,1,8,34,5
2835146,0,452,0,40,2,2,2,1,10,41,5
2836225,0,452,0,40,2,1,2,1,7,21,5
2834616,0,452,0,40,2,3,2,1,12,16,5
2836324,0,452,0,40,2,1,2,1,6,24,5
2833712,0,452,0,40,2,2,2,1,21,19,5
2835349,0,452,0,40,3,1,2,1,15,31,5
2835459,0,452,0,40,3,1,2,1,14,20,5
2835562,0,452,0,40,3,1,2,1,13,31,5
2834898,0,452,0,40,2,2,2,1,14,61,5
2835798,0,452,0,40,3,1,2,1,12,36,5
2835512,0,452,0,40,2,1,2,1,11,65,5
2835948,0,452,0,40,2,1,2,1,11,15,5
2836031,0,452,0,40,2,1,2,1,9,60,5
2833883,0,452,0,40,3,3,2,1,12,29,5
2836485,0,452,0,40,2,1,2,1,8,56,5
2836643,0,452,0,40,2,1,2,1,8,20,5
2835843,0,452,0,40,2,2,2,1,8,67,5
2836173,0,452,0,40,2,1,2,1,6,33,5
2836991,0,452,0,40,2,1,2,1,6,63,5
2834186,0,452,0,40,3,1,2,1,22,75,5
2834359,0,452,0,40,3,2,2,1,20,41,5
2834969,0,452,0,40,2,1,2,1,17,36,5
2835452,0,452,0,40,2,1,2,1,13,26,5
2835014,0,452,0,40,2,2,2,1,13,84,5
2833051,0,452,0,40,2,4,2,1,17,27,5
2832814,0,452,0,40,2,3,2,1,27,35,5
2835945,0,452,0,40,3,1,2,1,11,42,5
2836295,0,452,0,40,3,1,2,1,10,71,5
2836391,0,452,0,40,3,1,2,1,10,31,5
2836185,0,452,0,40,3,1,2,1,9,47,5
2835602,0,452,0,40,3,2,2,1,9,64,5
2836436,0,452,0,40,2,1,2,1,8,45,5
2836718,0,452,0,40,3,1,2,1,8,78,5
2836766,0,452,0,40,3,1,2,1,8,48,5
2836872,0,452,0,40,3,1,2,1,8,62,5
2835848,0,452,0,40,2,2,2,1,9,72,5
2835571,0,452,0,40,2,2,2,1,11,94,5
2831237,0,452,0,40,3,1,2,1,7,64,5
2835242,0,452,0,40,2,2,2,1,8,29,5
2834496,0,452,0,40,3,3,2,1,9,30,5
2833807,0,452,0,40,2,3,2,1,14,36,5
2836642,0,452,0,40,2,1,2,1,6,30,5
2837195,0,452,0,40,2,1,2,1,6,57,5
2833148,0,452,0,40,3,2,2,1,30,11,5
2834865,0,452,0,40,3,1,2,1,18,26,5
2835078,0,452,0,40,2,1,2,1,18,49,5
2832805,0,452,0,40,2,2,2,1,27,16,5
2835387,0,452,0,40,3,1,2,1,16,33,5
2832153,0,452,0,40,3,3,2,1,29,35,5
2835525,0,452,0,40,3,1,2,1,14,56,5
2834829,0,452,0,40,3,2,2,1,15,54,5
2834797,0,452,0,40,3,2,2,1,17,20,5
2835944,0,452,0,40,2,1,2,1,13,24,5
2833740,0,452,0,40,2,3,2,1,20,21,5
2832112,0,452,0,40,2,5,2,1,22,27,5
2832879,0,452,0,40,2,3,2,1,26,41,5
2836151,0,452,0,40,3,1,2,1,11,27,5
2836191,0,452,0,40,2,1,2,1,11,16,5
2836121,0,452,0,40,3,1,2,1,10,14,5
2836442,0,452,0,40,2,1,2,1,10,36,5
2836639,0,452,0,40,3,1,2,1,10,44,5
2832390,0,452,0,40,2,4,2,1,19,87,5
2835907,0,452,0,40,2,1,2,1,9,67,5
2836880,0,452,0,40,3,1,2,1,9,16,5
2835704,0,452,0,40,3,2,2,1,9,57,5
2835534,0,452,0,40,2,2,2,1,8,16,5
2834975,0,452,0,40,2,2,2,1,13,24,5
2836196,0,452,0,40,2,2,2,1,8,50,5
2836431,0,452,0,40,2,2,2,1,8,68,5
2836791,0,452,0,40,2,1,2,1,7,18,5
2837161,0,452,0,40,3,1,2,1,7,39,5
2837323,0,452,0,40,3,1,2,1,7,77,5
2835576,0,452,0,40,3,2,2,1,10,35,5
2834647,0,452,0,40,2,3,2,1,14,28,5
2828584,0,452,0,40,3,3,2,1,20,49,5
2836360,0,452,0,40,3,1,2,1,6,51,5
2837060,0,452,0,40,3,1,2,1,6,53,5
2837367,0,452,0,40,2,1,2,1,6,102,5
2832329,0,452,0,40,3,3,2,1,33,40,5
2833339,0,452,0,40,3,2,2,1,25,88,5
2833445,0,452,0,40,3,2,2,1,22,20,5
2835373,0,452,0,40,3,1,2,1,18,65,5
2834732,0,452,0,40,3,2,2,1,20,68,5
2835640,0,452,0,40,3,1,2,1,16,36,5
2831993,0,452,0,40,2,5,2,1,32,47,5
2835258,0,452,0,40,3,2,2,1,15,16,5
2835531,0,452,0,40,2,1,2,1,14,63,5
2833547,0,452,0,40,2,2,2,1,26,31,5
2835663,0,452,0,40,3,1,2,1,13,60,5
2836064,0,452,0,40,2,1,2,1,13,32,5
2835463,0,452,0,40,3,2,2,1,12,78,5
2836310,0,452,0,40,2,1,2,1,11,57,5
2836487,0,452,0,40,2,1,2,1,11,59,5
2828296,0,452,0,40,3,2,2,1,17,26,5
2835347,0,452,0,40,2,2,2,1,10,56,5
2834974,0,452,0,40,3,2,2,1,13,22,5
2831985,0,452,0,40,3,5,2,1,23,47,5
2835372,0,452,0,40,2,2,2,1,16,57,5
2836713,0,452,0,40,3,1,2,1,9,37,5
2837005,0,452,0,40,2,1,2,1,9,40,5
2836008,0,452,0,40,3,2,2,1,10,87,5
2834070,0,452,0,40,2,2,2,1,20,32,5
2837303,0,452,0,40,2,1,2,1,8,50,5
2835706,0,452,0,40,3,2,2,1,13,66,5
2837284,0,452,0,40,2,1,2,1,7,52,5
2837561,0,452,0,40,2,1,2,1,7,86,5
2837585,0,452,0,40,2,1,2,1,7,39,5
2830032,0,452,0,40,2,1,2,1,11,14,5
2833687,0,452,0,40,3,4,2,1,17,29,5
2833061,0,452,0,40,3,4,2,1,21,64,5
2833697,0,452,0,40,3,2,2,1,27,39,5
2837402,0,452,0,40,3,1,2,1,6,31,5
2837740,0,452,0,40,2,1,2,1,6,30,5
2833391,0,452,0,40,3,1,2,1,7,19,5
2832400,0,452,0,40,2,3,2,1,28,68,5
2835100,0,452,0,40,2,1,2,1,20,64,5
2833665,0,452,0,40,3,2,2,1,26,32,5
2832071,0,452,0,40,3,4,2,1,31,70,5
2833650,0,452,0,40,3,3,2,1,20,31,5
2832620,0,452,0,40,3,5,2,1,28,106,5
2835886,0,452,0,40,3,1,2,1,15,31,5
2836034,0,452,0,40,2,1,2,1,15,40,5
2836100,0,452,0,40,3,1,2,1,14,60,5
2835713,0,452,0,40,2,1,2,1,13,56,5
2836291,0,452,0,40,3,1,2,1,13,10,5
2836374,0,452,0,40,3,1,2,1,12,30,5
2829911,0,452,0,40,2,1,2,1,12,54,5
2833980,0,452,0,40,3,2,2,1,18,25,5
2835268,0,452,0,40,2,2,2,1,15,19,5
2834385,0,452,0,40,3,4,2,1,19,28,5
2836648,0,452,0,40,3,1,2,1,11,84,5
2836740,0,452,0,40,2,1,2,1,11,51,5
2835285,0,452,0,40,3,2,2,1,13,106,5
2834676,0,452,0,40,3,2,2,1,18,27,5
2836725,0,452,0,40,2,1,2,1,10,60,5
2834731,0,452,0,40,2,2,2,1,11,69,5
2834713,0,452,0,40,3,2,2,1,16,73,5
2833139,0,452,0,40,2,4,2,1,23,35,5
2836703,0,452,0,40,2,1,2,1,9,38,5
2837289,0,452,0,40,3,1,2,1,9,35,5
2834979,0,452,0,40,3,2,2,1,14,10,5
2835406,0,452,0,40,2,2,2,1,14,35,5
2832384,0,452,0,40,2,4,2,1,28,46,5
2837292,0,452,0,40,2,1,2,1,8,26,5
2837487,0,452,0,40,2,1,2,1,8,30,5
2826458,0,452,0,40,2,1,2,1,23,55,5
2826876,0,452,0,40,2,3,2,1,18,22,5
2833382,0,452,0,40,3,2,2,1,24,27,5
2836356,0,452,0,40,3,2,2,1,9,40,5
2837120,0,452,0,40,2,1,2,1,7,36,5
2837794,0,452,0,40,2,1,2,1,7,20,5
2835064,0,452,0,40,2,3,2,1,14,40,5
2836407,0,452,0,40,3,2,2,1,10,62,5
2837302,0,452,0,40,2,1,2,1,6,40,5
2837480,0,452,0,40,3,1,2,1,6,12,5
2837761,0,452,0,40,2,1,2,1,6,34,5
2837920,0,452,0,40,2,1,2,1,6,38,5
2827673,0,452,0,40,3,1,2,1,16,66,5
2835580,0,452,0,40,3,1,2,1,18,37,5
2833648,0,452,0,40,3,2,2,1,18,28,5
2834040,0,452,0,40,2,2,2,1,20,15,5
2835795,0,452,0,40,3,1,2,1,16,39,5
2834777,0,452,0,40,2,2,2,1,20,44,5
2835227,0,452,0,40,3,2,2,1,16,23,5
2835045,0,452,0,40,2,2,2,1,17,11,5
2836734,0,452,0,40,3,1,2,1,12,39,5
2836800,0,452,0,40,3,1,2,1,12,35,5
2835305,0,452,0,40,3,2,2,1,13,48,5
2834770,0,452,0,40,2,3,2,1,16,32,5
2833842,0,452,0,40,3,2,2,1,22,28,5
2831007,0,452,0,40,2,2,2,1,20,41,5
2837102,0,452,0,40,2,1,2,1,10,33,5
2835426,0,452,0,40,2,2,2,1,11,33,5
2833616,0,452,0,40,2,3,2,1,20,65,5
2837136,0,452,0,40,2,1,2,1,9,81,5
2837300,0,452,0,40,3,1,2,1,9,86,5
2837359,0,452,0,40,2,1,2,1,9,16,5
2837415,0,452,0,40,3,1,2,1,9,69,5
2837485,0,452,0,40,3,1,2,1,9,35,5
2834307,0,452,0,40,2,2,2,1,18,49,5
2836476,0,452,0,40,3,2,2,1,9,31,5
2836928,0,452,0,40,2,1,2,1,8,71,5
2837628,0,452,0,40,2,1,2,1,8,37,5
2834636,0,452,0,40,2,3,2,1,12,101,5
2834841,0,452,0,40,3,3,2,1,11,28,5
2835615,0,452,0,40,2,2,2,1,10,38,5
2835339,0,452,0,40,2,2,2,1,16,45,5
2836481,0,452,0,40,2,2,2,1,11,34,5
2837737,0,452,0,40,2,1,2,1,7,37,5
2825967,0,452,0,40,3,5,2,1,22,10,5
2831695,0,452,0,40,2,5,2,1,29,35,5
2834336,0,452,0,40,2,4,2,1,17,21,5
2835874,0,452,0,40,2,3,2,1,10,61,5
2833347,0,452,0,40,3,2,2,1,29,49,5
2835660,0,452,0,40,3,3,2,1,11,41,5
2835363,0,452,0,40,3,2,2,1,18,28,5
2833780,0,452,0,40,3,4,2,1,16,37,5
2837484,0,452,0,40,3,1,2,1,6,29,5
2837819,0,452,0,40,2,1,2,1,6,28,5
2838169,0,452,0,40,2,1,2,1,6,36,5
2838219,0,452,0,40,2,1,2,1,6,31,5
2834092,0,452,0,40,2,1,2,1,27,29,5
2836216,0,452,0,40,2,1,2,1,16,34,5
2836677,0,452,0,40,2,1,2,1,14,32,5
2836548,0,452,0,40,2,1,2,1,13,34,5
2835383,0,452,0,40,3,2,2,1,16,38,5
2834181,0,452,0,40,3,3,2,1,19,27,5
2836919,0,452,0,40,2,1,2,1,12,62,5
2837223,0,452,0,40,2,1,2,1,11,81,5
2828762,0,452,0,40,2,2,2,1,27,115,5
2834741,0,452,0,40,2,3,2,1,15,20,5
2835701,0,452,0,40,2,2,2,1,12,45,5
2833760,0,452,0,40,3,3,2,1,21,34,5
2837272,0,452,0,40,3,1,2,1,10,43,5
2760480,0,452,0,40,3,14,2,1,98,35,5
2837510,0,452,0,40,2,1,2,1,9,41,5
2837672,0,452,0,40,3,1,2,1,9,52,5
2837718,0,452,0,40,2,1,2,1,9,6,5
2835949,0,452,0,40,2,2,2,1,10,46,5
2837890,0,452,0,40,3,1,2,1,8,42,5
2832890,0,452,0,40,3,1,2,1,12,18,5
2836496,0,452,0,40,3,2,2,1,8,40,5
2838063,0,452,0,40,2,1,2,1,7,56,5
2838216,0,452,0,40,3,1,2,1,6,61,5
2838411,0,452,0,40,2,1,2,1,6,28,5
2838451,0,452,0,40,3,1,2,1,6,48,5
2833982,0,452,0,40,3,2,2,1,18,78,5
2835434,0,452,0,40,3,2,2,1,16,22,5
2837044,0,452,0,40,3,1,2,1,11,38,5
2837539,0,452,0,40,2,1,2,1,11,78,5
2837626,0,452,0,40,2,1,2,1,10,13,5
2835402,0,452,0,40,2,2,2,1,12,24,5
2838682,0,452,0,40,3,1,2,1,6,56,5
2837599,0,452,0,40,2,0,2,1,5,58,5
2837695,0,452,0,40,3,0,2,1,5,9,5
2837803,0,452,0,40,3,0,2,1,5,59,5
2837873,0,452,0,40,2,0,2,1,5,42,5
2837905,0,452,0,40,3,0,2,1,5,53,5
2837969,0,452,0,40,2,0,2,1,5,24,5
2838033,0,452,0,40,2,0,2,1,5,16,5
2838082,0,452,0,40,3,0,2,1,5,22,5
2838130,0,452,0,40,2,0,2,1,5,58,5
2838162,0,452,0,40,3,0,2,1,5,40,5
2838210,0,452,0,40,2,0,2,1,5,69,5
2838226,0,452,0,40,3,0,2,1,5,40,5
2838242,0,452,0,40,3,0,2,1,5,30,5
2838258,0,452,0,40,2,0,2,1,5,32,5
2838274,0,452,0,40,2,0,2,1,5,48,5
2838286,0,452,0,40,2,0,2,1,5,38,5
2838294,0,452,0,40,3,0,2,1,5,52,5
2838302,0,452,0,40,2,0,2,1,5,66,5
2838318,0,452,0,40,2,0,2,1,5,25,5
2838326,0,452,0,40,3,0,2,1,5,35,5
2838358,0,452,0,40,3,0,2,1,5,30,5
2838366,0,452,0,40,2,0,2,1,5,42,5
2838382,0,452,0,40,3,0,2,1,5,32,5
2838390,0,452,0,40,3,0,2,1,5,53,5
2838406,0,452,0,40,3,0,2,1,5,40,5
2838414,0,452,0,40,2,0,2,1,5,71,5
2838454,0,452,0,40,2,0,2,1,5,47,5
2838470,0,452,0,40,2,0,2,1,5,17,5
2838478,0,452,0,40,3,0,2,1,5,31,5
2838486,0,452,0,40,3,0,2,1,5,37,5
2838509,0,452,0,40,2,0,2,1,5,53,5
2838513,0,452,0,40,3,0,2,1,5,57,5
2838517,0,452,0,40,2,0,2,1,5,13,5
2838529,0,452,0,40,3,0,2,1,5,23,5
2838537,0,452,0,40,3,0,2,1,5,61,5
2838545,0,452,0,40,3,0,2,1,5,83,5
2838549,0,452,0,40,3,0,2,1,5,12,5
2838557,0,452,0,40,3,0,2,1,5,68,5
2838561,0,452,0,40,3,0,2,1,5,55,5
2838565,0,452,0,40,3,0,2,1,5,63,5
2838569,0,452,0,40,2,0,2,1,5,40,5
2838577,0,452,0,40,3,0,2,1,5,33,5
2838581,0,452,0,40,3,0,2,1,5,55,5
2838585,0,452,0,40,3,0,2,1,5,40,5
2838597,0,452,0,40,2,0,2,1,5,31,5
2838601,0,452,0,40,3,0,2,1,5,26,5
2838605,0,452,0,40,2,0,2,1,5,62,5
2838609,0,452,0,40,3,0,2,1,5,38,5
2838613,0,452,0,40,2,0,2,1,5,38,5
2838625,0,452,0,40,3,0,2,1,5,48,5
2838633,0,452,0,40,2,0,2,1,5,41,5
2838641,0,452,0,40,2,0,2,1,5,59,5
2838649,0,452,0,40,2,0,2,1,5,32,5
2838653,0,452,0,40,3,0,2,1,5,41,5
2838657,0,452,0,40,3,0,2,1,5,64,5
2838661,0,452,0,40,3,0,2,1,5,31,5
2838665,0,452,0,40,2,0,2,1,5,45,5
2838673,0,452,0,40,2,0,2,1,5,77,5
2838677,0,452,0,40,3,0,2,1,5,76,5
2838689,0,452,0,40,2,0,2,1,5,17,5
2838693,0,452,0,40,2,0,2,1,5,60,5
2838697,0,452,0,40,2,0,2,1,5,37,5
2838701,0,452,0,40,3,0,2,1,5,31,5
2838709,0,452,0,40,3,0,2,1,5,33,5
2838713,0,452,0,40,2,0,2,1,5,38,5
2838725,0,452,0,40,2,0,2,1,5,85,5
2838729,0,452,0,40,3,0,2,1,5,36,5
2838733,0,452,0,40,3,0,2,1,5,24,5
2838737,0,452,0,40,3,0,2,1,5,45,5
2838745,0,452,0,40,3,0,2,1,5,17,5
2838749,0,452,0,40,3,0,2,1,5,37,5
2838765,0,452,0,40,2,0,2,1,5,56,5
2838767,0,452,0,40,3,0,2,1,5,27,5
2838775,0,452,0,40,3,0,2,1,5,42,5
2838777,0,452,0,40,2,0,2,1,5,35,5
2838781,0,452,0,40,3,0,2,1,5,18,5
2838785,0,452,0,40,2,0,2,1,5,38,5
2838789,0,452,0,40,3,0,2,1,5,41,5
2838791,0,452,0,40,2,0,2,1,5,57,5
2838793,0,452,0,40,2,0,2,1,5,34,5
2838797,0,452,0,40,2,0,2,1,5,44,5
2838799,0,452,0,40,2,0,2,1,5,44,5
2838801,0,452,0,40,3,0,2,1,5,48,5
2838805,0,452,0,40,2,0,2,1,5,107,5
2838807,0,452,0,40,3,0,2,1,5,48,5
2838809,0,452,0,40,2,0,2,1,5,66,5
2838811,0,452,0,40,3,0,2,1,5,26,5
2838813,0,452,0,40,2,0,2,1,5,62,5
2838815,0,452,0,40,3,0,2,1,5,77,5
2838817,0,452,0,40,2,0,2,1,5,30,5
2838821,0,452,0,40,2,0,2,1,5,116,5
2838823,0,452,0,40,3,0,2,1,5,67,5
2838825,0,452,0,40,3,0,2,1,5,40,5
2838827,0,452,0,40,3,0,2,1,5,32,5
2838829,0,452,0,40,2,0,2,1,5,31,5
2838831,0,452,0,40,3,0,2,1,5,35,5
2838833,0,452,0,40,3,0,2,1,5,68,5
2838837,0,452,0,40,3,0,2,1,5,86,5
2838839,0,452,0,40,3,0,2,1,5,52,5
2838841,0,452,0,40,3,0,2,1,5,28,5
2838845,0,452,0,40,3,0,2,1,5,40,5
2838847,0,452,0,40,2,0,2,1,5,49,5
2838849,0,452,0,40,3,0,2,1,5,47,5
2838851,0,452,0,40,3,0,2,1,5,65,5
2838857,0,452,0,40,2,0,2,1,5,55,5
2838859,0,452,0,40,2,0,2,1,5,56,5
2838863,0,452,0,40,3,0,2,1,5,18,5
2838865,0,452,0,40,3,0,2,1,5,71,5
2838867,0,452,0,40,3,0,2,1,5,19,5
2838869,0,452,0,40,3,0,2,1,5,21,5
2838873,0,452,0,40,2,0,2,1,5,39,5
2838877,0,452,0,40,3,0,2,1,5,56,5
2838879,0,452,0,40,3,0,2,1,5,21,5
2838883,0,452,0,40,2,0,2,1,5,33,5
2838885,0,452,0,40,3,0,2,1,5,31,5
2838889,0,452,0,40,3,0,2,1,5,58,5
2838891,0,452,0,40,3,0,2,1,5,28,5
2838893,0,452,0,40,2,0,2,1,5,51,5
2838899,0,452,0,40,2,0,2,1,5,28,5
2838901,0,452,0,40,3,0,2,1,5,36,5
2838903,0,452,0,40,3,0,2,1,5,61,5
2838905,0,452,0,40,2,0,2,1,5,27,5
2838907,0,452,0,40,2,0,2,1,5,76,5
2838913,0,452,0,40,3,0,2,1,5,20,5
2838919,0,452,0,40,2,0,2,1,5,58,5
2838921,0,452,0,40,2,0,2,1,5,48,5
2838923,0,452,0,40,3,0,2,1,5,62,5
2838925,0,452,0,40,3,0,2,1,5,62,5
2838927,0,452,0,40,2,0,2,1,5,75,5
2838933,0,452,0,40,2,0,2,1,5,50,5
2838935,0,452,0,40,2,0,2,1,5,28,5
2838939,0,452,0,40,2,0,2,1,5,29,5
2838941,0,452,0,40,3,0,2,1,5,56,5
2838945,0,452,0,40,2,0,2,1,5,13,5
2838947,0,452,0,40,2,0,2,1,5,17,5
2838949,0,452,0,40,2,0,2,1,5,44,5
2838951,0,452,0,40,2,0,2,1,5,23,5
2838953,0,452,0,40,3,0,2,1,5,78,5
2838957,0,452,0,40,3,0,2,1,5,81,5
2838959,0,452,0,40,3,0,2,1,5,18,5
2838961,0,452,0,40,3,0,2,1,5,73,5
2838965,0,452,0,40,2,0,2,1,5,33,5
2838969,0,452,0,40,3,0,2,1,5,66,5
2838971,0,452,0,40,2,0,2,1,5,51,5
2838973,0,452,0,40,2,0,2,1,5,43,5
2838975,0,452,0,40,2,0,2,1,5,52,5
2838977,0,452,0,40,3,0,2,1,5,42,5
2838979,0,452,0,40,2,0,2,1,5,23,5
2838981,0,452,0,40,2,0,2,1,5,87,5
2838985,0,452,0,40,2,0,2,1,5,56,5
2838989,0,452,0,40,3,0,2,1,5,43,5
2838991,0,452,0,40,3,0,2,1,5,35,5
2838993,0,452,0,40,3,0,2,1,5,28,5
2838995,0,452,0,40,3,0,2,1,5,28,5
2838999,0,452,0,40,3,0,2,1,5,56,5
2839001,0,452,0,40,3,0,2,1,5,47,5
2839005,0,452,0,40,3,0,2,1,5,51,5
2839007,0,452,0,40,2,0,2,1,5,54,5
2827311,0,452,0,40,3,0,2,1,9,59,5
2827327,0,452,0,40,3,0,2,1,12,91,5
2824425,0,452,0,40,3,2,2,1,18,59,5
2805021,0,452,0,40,3,9,2,1,50,30,5
2826492,0,452,0,40,2,2,2,1,11,49,5
2827127,0,452,0,40,3,1,2,1,16,19,5
2829370,0,452,0,40,3,0,2,1,9,38,5
2827729,0,452,0,40,2,2,2,1,11,36,5
2823575,0,452,0,40,2,5,2,1,20,51,5
2829081,0,452,0,40,3,0,2,1,8,47,5
2829209,0,452,0,40,3,1,2,1,6,59,5
2827671,0,452,0,40,2,3,2,1,14,47,5
2805487,0,452,0,40,3,6,2,1,68,65,5
2826941,0,452,0,40,3,2,2,1,17,29,5
2829966,0,452,0,40,3,0,2,1,5,51,5
2777041,0,452,0,40,3,10,2,1,98,25,5
2829845,0,452,0,40,2,0,2,1,10,34,5
2828608,0,452,0,40,2,1,2,1,18,48,5
2829253,0,452,0,40,3,1,2,1,13,59,5
2828974,0,452,0,40,3,1,2,1,16,52,5
2829952,0,452,0,40,3,0,2,1,12,44,5
2828525,0,452,0,40,3,2,2,1,20,109,5
2820243,0,452,0,40,2,5,2,1,39,34,5
2830318,0,452,0,40,3,0,2,1,10,39,5
2822123,0,452,0,40,2,4,2,1,46,51,5
2759219,0,452,0,40,2,19,2,1,104,21,5
2773631,0,452,0,40,2,17,2,1,87,61,5
2830298,0,452,0,40,3,2,2,1,10,65,5
2789755,0,452,0,40,3,15,2,1,87,35,5
2818810,0,452,0,40,2,7,2,1,67,53,5
2830382,0,452,0,40,2,2,2,1,12,24,5
2830913,0,452,0,40,3,0,2,1,8,41,5
2830637,0,452,0,40,2,2,2,1,20,60,5
2831082,0,452,0,40,2,0,2,1,5,45,5
2831134,0,452,0,40,2,0,2,1,5,55,5
2831297,0,452,0,40,3,0,2,1,6,37,5
2831611,0,452,0,40,3,0,2,1,5,21,5
2831066,0,452,0,40,3,2,2,1,16,55,5
2831362,0,452,0,40,2,1,2,1,7,76,5
2832156,0,452,0,40,3,0,2,1,11,51,5
2832075,0,452,0,40,3,1,2,1,10,64,5
2832327,0,452,0,40,3,0,2,1,8,27,5
2832214,0,452,0,40,2,0,2,1,10,57,5
2831351,0,452,0,40,2,1,2,1,22,20,5
2832854,0,452,0,40,2,1,2,1,8,37,5
2834065,0,452,0,40,2,0,2,1,5,30,5
2831455,0,452,0,40,3,3,2,1,26,47,5
2833840,0,452,0,40,3,0,2,1,9,17,5
2833390,0,452,0,40,3,2,2,1,14,57,5
2832673,0,452,0,40,3,2,2,1,22,34,5
2835330,0,452,0,40,3,1,2,1,5,76,5
2835382,0,452,0,40,3,1,2,1,10,29,5
2835345,0,452,0,40,2,2,2,1,10,49,5
2836575,0,452,0,40,2,1,2,1,5,37,5
2835469,0,452,0,40,2,1,2,1,12,55,5
2835942,0,452,0,40,2,1,2,1,9,42,5
2835997,0,452,0,40,2,1,2,1,8,40,5
2835911,0,452,0,40,3,1,2,1,7,67,5
2833350,0,452,0,40,3,3,2,1,12,55,5
2834322,0,452,0,40,3,1,2,1,20,95,5
2833704,0,452,0,40,3,2,2,1,17,86,5
2835288,0,452,0,40,3,1,2,1,13,14,5
2835846,0,452,0,40,2,1,2,1,11,39,5
2836160,0,452,0,40,2,1,2,1,9,43,5
2836235,0,452,0,40,3,1,2,1,8,67,5
2835899,0,452,0,40,2,1,2,1,7,29,5
2833720,0,452,0,40,3,3,2,1,20,52,5
2836792,0,452,0,40,2,1,2,1,6,47,5
2831765,0,452,0,40,2,4,2,1,27,96,5
2836975,0,452,0,40,2,1,2,1,5,22,5
2832285,0,452,0,40,3,2,2,1,35,38,5
2834512,0,452,0,40,2,1,2,1,18,15,5
2832694,0,452,0,40,2,3,2,1,24,51,5
2835130,0,452,0,40,3,1,2,1,16,43,5
2835447,0,452,0,40,2,1,2,1,14,59,5
2835650,0,452,0,40,3,1,2,1,13,33,5
2832270,0,452,0,40,2,3,2,1,22,56,5
2836044,0,452,0,40,2,1,2,1,10,35,5
2833965,0,452,0,40,3,3,2,1,17,19,5
2831467,0,452,0,40,2,2,2,1,10,35,5
2836120,0,452,0,40,2,2,2,1,9,16,5
2836450,0,452,0,40,2,1,2,1,8,53,5
2836604,0,452,0,40,2,1,2,1,7,56,5
2829046,0,452,0,40,2,2,2,1,13,47,5
2833905,0,452,0,40,2,2,2,1,20,49,5
2834832,0,452,0,40,2,2,2,1,15,31,5
2836614,0,452,0,40,2,1,2,1,6,40,5
2836482,0,452,0,40,2,1,2,1,5,33,5
2831814,0,452,0,40,2,5,2,1,34,30,5
2834438,0,452,0,40,2,1,2,1,20,65,5
2831715,0,452,0,40,2,3,2,1,33,29,5
2835157,0,452,0,40,3,1,2,1,16,49,5
2835485,0,452,0,40,2,1,2,1,15,47,5
2835119,0,452,0,40,2,1,2,1,14,46,5
2834197,0,452,0,40,3,2,2,1,17,112,5
2832313,0,452,0,40,2,4,2,1,23,40,5
2836036,0,452,0,40,2,1,2,1,12,27,5
2836052,0,452,0,40,3,1,2,1,11,36,5
2836172,0,452,0,40,2,1,2,1,11,59,5
2835265,0,452,0,40,3,2,2,1,12,53,5
2836127,0,452,0,40,2,1,2,1,10,68,5
2836335,0,452,0,40,3,1,2,1,10,73,5
2834083,0,452,0,40,3,3,2,1,18,37,5
2835329,0,452,0,40,2,2,2,1,14,35,5
2835653,0,452,0,40,2,2,2,1,10,39,5
2836684,0,452,0,40,3,1,2,1,8,58,5
2834411,0,452,0,40,2,3,2,1,13,54,5
2834959,0,452,0,40,2,2,2,1,12,79,5
2836913,0,452,0,40,3,1,2,1,7,54,5
2834556,0,452,0,40,2,3,2,1,12,42,5
2835891,0,452,0,40,3,1,2,1,6,41,5
2836966,0,452,0,40,3,1,2,1,6,55,5
2837217,0,452,0,40,2,1,2,1,6,29,5
2837335,0,452,0,40,2,1,2,1,6,72,5
2820972,0,452,0,40,2,6,2,1,29,62,5
2834298,0,452,0,40,2,3,2,1,15,46,5
2835731,0,452,0,40,2,2,2,1,6,43,5
2833159,0,452,0,40,2,2,2,1,6,86,5
2837228,0,452,0,40,2,1,2,1,5,77,5
2837449,0,452,0,40,3,1,2,1,5,41,5
2837573,0,452,0,40,3,1,2,1,5,94,5
2834230,0,452,0,40,3,1,2,1,23,25,5
2832794,0,452,0,40,3,2,2,1,22,26,5
2834682,0,452,0,40,2,1,2,1,20,99,5
2835178,0,452,0,40,2,1,2,1,18,14,5
2835085,0,452,0,40,3,1,2,1,17,23,5
2834851,0,452,0,40,3,1,2,1,16,44,5
2835055,0,452,0,40,2,1,2,1,15,64,5
2835458,0,452,0,40,2,1,2,1,15,24,5
2835380,0,452,0,40,3,1,2,1,14,29,5
2835669,0,452,0,40,2,1,2,1,14,68,5
2835670,0,452,0,40,2,2,2,1,14,48,5
2833315,0,452,0,40,3,3,2,1,19,22,5
2835209,0,452,0,40,2,2,2,1,14,22,5
2836033,0,452,0,40,2,1,2,1,12,69,5
2836370,0,452,0,40,2,1,2,1,10,58,5
2836565,0,452,0,40,2,1,2,1,10,21,5
2834604,0,452,0,40,2,2,2,1,17,51,5
2836838,0,452,0,40,2,1,2,1,9,52,5
2834622,0,452,0,40,3,2,2,1,11,45,5
2829222,0,452,0,40,3,2,2,1,17,60,5
2837037,0,452,0,40,2,1,2,1,8,24,5
2835790,0,452,0,40,3,2,2,1,8,48,5
2835298,0,452,0,40,3,2,2,1,9,57,5
2835620,0,452,0,40,3,2,2,1,13,49,5
2823683,0,452,0,40,2,6,2,1,41,48,5
2836926,0,452,0,40,2,1,2,1,7,21,5
2837018,0,452,0,40,2,1,2,1,7,60,5
2837219,0,452,0,40,2,1,2,1,7,61,5
2830383,0,452,0,40,2,1,2,1,11,33,5
2834297,0,452,0,40,3,3,2,1,11,44,5
2835614,0,452,0,40,2,2,2,1,11,75,5
2834251,0,452,0,40,2,3,2,1,14,25,5
2837004,0,452,0,40,2,1,2,1,6,31,5
2837435,0,452,0,40,3,1,2,1,6,37,5
2837469,0,452,0,40,2,1,2,1,6,32,5
2837537,0,452,0,40,2,1,2,1,6,101,5
2837591,0,452,0,40,3,1,2,1,6,61,5
2835855,0,452,0,40,2,2,2,1,6,31,5
2834486,0,452,0,40,3,2,2,1,18,68,5
2834250,0,452,0,40,3,3,2,1,21,89,5
2837690,0,452,0,40,3,1,2,1,5,75,5
2833669,0,452,0,40,2,2,2,1,25,51,5
2832271,0,452,0,40,3,4,2,1,28,59,5
2834165,0,452,0,40,2,2,2,1,20,41,5
2832969,0,452,0,40,2,4,2,1,25,31,5
2835217,0,452,0,40,3,1,2,1,18,27,5
2834883,0,452,0,40,2,1,2,1,17,32,5
2835634,0,452,0,40,3,1,2,1,16,29,5
2834854,0,452,0,40,2,2,2,1,16,41,5
2835716,0,452,0,40,3,1,2,1,15,65,5
2835976,0,452,0,40,3,1,2,1,14,49,5
2834177,0,452,0,40,2,2,2,1,15,35,5
2833934,0,452,0,40,2,2,2,1,17,59,5
2835603,0,452,0,40,3,2,2,1,14,43,5
2836307,0,452,0,40,3,1,2,1,12,71,5
2833001,0,452,0,40,2,4,2,1,28,42,5
2836663,0,452,0,40,2,1,2,1,11,48,5
2836692,0,452,0,40,3,1,2,1,10,32,5
2833618,0,452,0,40,2,2,2,1,21,40,5
2835122,0,452,0,40,3,2,2,1,14,20,5
2835888,0,452,0,40,3,2,2,1,10,37,5
2836582,0,452,0,40,2,1,2,1,9,67,5
2837033,0,452,0,40,2,1,2,1,9,53,5
2835445,0,452,0,40,2,2,2,1,13,51,5
2834589,0,452,0,40,3,3,2,1,15,40,5
2837149,0,452,0,40,2,1,2,1,8,76,5
2837309,0,452,0,40,2,1,2,1,8,64,5
2835142,0,452,0,40,2,3,2,1,12,57,5
2835199,0,452,0,40,3,2,2,1,14,44,5
2835183,0,452,0,40,2,3,2,1,12,51,5
2836525,0,452,0,40,3,2,2,1,8,51,5
2836469,0,452,0,40,3,2,2,1,9,50,5
2837385,0,452,0,40,2,1,2,1,7,58,5
2811532,0,452,0,40,2,9,2,1,47,45,5
2833909,0,452,0,40,2,3,2,1,17,24,5
2796366,0,452,0,40,2,7,2,1,67,50,5
2836406,0,452,0,40,3,2,2,1,9,29,5
2837534,0,452,0,40,3,1,2,1,6,44,5
2837652,0,452,0,40,3,1,2,1,6,70,5
2832438,0,452,0,40,3,1,2,1,10,67,5
2834267,0,452,0,40,2,2,2,1,15,46,5
2835484,0,452,0,40,3,2,2,1,7,33,5
2834626,0,452,0,40,3,2,2,1,15,45,5
2834823,0,452,0,40,2,3,2,1,14,70,5
2833596,0,452,0,40,2,3,2,1,20,36,5
2837030,0,452,0,40,2,2,2,1,6,38,5
2837400,0,452,0,40,3,1,2,1,5,51,5
2837653,0,452,0,40,2,1,2,1,5,59,5
2837785,0,452,0,40,3,1,2,1,5,35,5
2837872,0,452,0,40,3,1,2,1,5,48,5
2832351,0,452,0,40,2,1,2,1,9,22,5
2834888,0,452,0,40,3,1,2,1,21,35,5
2833792,0,452,0,40,3,2,2,1,22,124,5
2834241,0,452,0,40,3,2,2,1,18,22,5
2835036,0,452,0,40,3,2,2,1,16,55,5
2835639,0,452,0,40,2,1,2,1,12,69,5
2834236,0,452,0,40,2,2,2,1,20,52,5
2835302,0,452,0,40,3,2,2,1,12,34,5
2836480,0,452,0,40,3,1,2,1,11,39,5
2836612,0,452,0,40,3,1,2,1,11,33,5
2836896,0,452,0,40,3,1,2,1,11,85,5
2834920,0,452,0,40,2,2,2,1,17,34,5
2836729,0,452,0,40,2,1,2,1,10,42,5
2836969,0,452,0,40,3,1,2,1,10,83,5
2833949,0,452,0,40,3,3,2,1,18,61,5
2832559,0,452,0,40,3,2,2,1,35,46,5
2836376,0,452,0,40,3,1,2,1,9,52,5
2837171,0,452,0,40,3,1,2,1,9,55,5
2834580,0,452,0,40,3,2,2,1,17,63,5
2833781,0,452,0,40,3,4,2,1,14,20,5
2834462,0,452,0,40,2,2,2,1,23,24,5
2837557,0,452,0,40,3,1,2,1,8,8,5
2833376,0,452,0,40,3,4,2,1,19,20,5
2835186,0,452,0,40,3,2,2,1,13,23,5
2837442,0,452,0,40,2,1,2,1,7,36,5
2835608,0,452,0,40,2,2,2,1,12,23,5
2835518,0,452,0,40,2,2,2,1,13,23,5
2836453,0,452,0,40,2,2,2,1,9,17,5
2836188,0,452,0,40,2,2,2,1,11,57,5
2836606,0,452,0,40,2,2,2,1,7,54,5
2837544,0,452,0,40,3,1,2,1,6,83,5
2837828,0,452,0,40,3,1,2,1,6,16,5
2830492,0,452,0,40,2,3,2,1,12,38,5
2832808,0,452,0,40,2,4,2,1,20,64,5
2836263,0,452,0,40,2,2,2,1,10,17,5
2837387,0,452,0,40,2,2,2,1,6,28,5
2838039,0,452,0,40,2,1,2,1,5,34,5
2838101,0,452,0,40,3,1,2,1,5,44,5
2838279,0,452,0,40,3,1,2,1,5,52,5
2834808,0,452,0,40,2,1,2,1,23,36,5
2835076,0,452,0,40,2,1,2,1,21,40,5
2833526,0,452,0,40,2,3,2,1,21,78,5
2834130,0,452,0,40,3,2,2,1,21,52,5
2834482,0,452,0,40,2,2,2,1,17,11,5
2836507,0,452,0,40,3,1,2,1,13,39,5
2835705,0,452,0,40,3,1,2,1,11,82,5
2836749,0,452,0,40,2,1,2,1,11,18,5
2836945,0,452,0,40,3,1,2,1,11,58,5
2837034,0,452,0,40,2,1,2,1,10,25,5
2834333,0,452,0,40,2,3,2,1,16,53,5
2837124,0,452,0,40,3,1,2,1,9,34,5
2834988,0,452,0,40,3,2,2,1,12,62,5
2837186,0,452,0,40,2,1,2,1,8,12,5
2837696,0,452,0,40,2,1,2,1,8,26,5
2830293,0,452,0,40,3,1,2,1,8,24,5
2832206,0,452,0,40,3,1,2,1,8,39,5
2837254,0,452,0,40,3,1,2,1,7,40,5
2837789,0,452,0,40,3,1,2,1,7,78,5
2838042,0,452,0,40,2,1,2,1,7,16,5
2834743,0,452,0,40,2,2,2,1,15,56,5
2834164,0,452,0,40,3,2,2,1,22,55,5
2835163,0,452,0,40,2,3,2,1,14,58,5
2837879,0,452,0,40,3,1,2,1,6,25,5
2836348,0,452,0,40,2,2,2,1,6,24,5
2823194,0,452,0,40,2,4,2,1,24,18,5
2836943,0,452,0,40,2,2,2,1,9,21,5
2838256,0,452,0,40,2,1,2,1,5,26,5
2838405,0,452,0,40,2,1,2,1,5,42,5
2838423,0,452,0,40,3,1,2,1,5,37,5
2827117,0,452,0,40,2,3,2,1,10,64,5
2829945,0,452,0,40,2,2,2,1,12,31,5
2835133,0,452,0,40,2,1,2,1,21,32,5
2832683,0,452,0,40,3,3,2,1,25,33,5
2836275,0,452,0,40,3,1,2,1,15,65,5
2832458,0,452,0,40,3,2,2,1,36,40,5
2835138,0,452,0,40,2,2,2,1,18,41,5
2830471,0,452,0,40,2,2,2,1,16,66,5
2834334,0,452,0,40,3,2,2,1,21,59,5
2834398,0,452,0,40,3,4,2,1,18,51,5
2831643,0,452,0,40,2,2,2,1,17,80,5
2834575,0,452,0,40,3,2,2,1,19,37,5
2836816,0,452,0,40,3,2,2,1,10,31,5
2834569,0,452,0,40,3,2,2,1,20,26,5
2834685,0,452,0,40,2,3,2,1,17,55,5
2837504,0,452,0,40,2,1,2,1,8,17,5
2837838,0,452,0,40,3,1,2,1,8,44,5
2833932,0,452,0,40,3,1,2,1,9,28,5
2833700,0,452,0,40,3,2,2,1,22,63,5
2837452,0,452,0,40,3,1,2,1,7,23,5
2837875,0,452,0,40,2,1,2,1,7,27,5
2838092,0,452,0,40,3,1,2,1,6,62,5
2835355,0,452,0,40,2,3,2,1,9,26,5
2838134,0,452,0,40,3,1,2,1,5,37,5
2838624,0,452,0,40,3,1,2,1,5,84,5
2833789,0,452,0,40,2,3,2,1,24,55,5
2835787,0,452,0,40,3,2,2,1,17,66,5
2837570,0,452,0,40,3,1,2,1,10,42,5
2834317,0,452,0,40,2,4,2,1,14,36,5
2837602,0,452,0,40,2,2,2,1,8,27,5
2838705,0,452,0,40,2,1,2,1,5,36,5
2837857,0,452,0,40,2,0,2,1,4,30,5
2837921,0,452,0,40,2,0,2,1,4,40,5
2837985,0,452,0,40,2,0,2,1,4,53,5
2838049,0,452,0,40,2,0,2,1,4,33,5
2838074,0,452,0,40,3,0,2,1,4,46,5
2838138,0,452,0,40,3,0,2,1,4,27,5
2838170,0,452,0,40,2,0,2,1,4,39,5
2838202,0,452,0,40,2,0,2,1,4,54,5
2838290,0,452,0,40,2,0,2,1,4,89,5
2838306,0,452,0,40,2,0,2,1,4,29,5
2838322,0,452,0,40,3,0,2,1,4,31,5
2838338,0,452,0,40,2,0,2,1,4,20,5
2838370,0,452,0,40,3,0,2,1,4,28,5
2838386,0,452,0,40,2,0,2,1,4,55,5
2838418,0,452,0,40,3,0,2,1,4,23,5
2838450,0,452,0,40,3,0,2,1,4,36,5
2838466,0,452,0,40,2,0,2,1,4,44,5
2838482,0,452,0,40,3,0,2,1,4,42,5
2838511,0,452,0,40,3,0,2,1,4,49,5
2838519,0,452,0,40,3,0,2,1,4,47,5
2838527,0,452,0,40,2,0,2,1,4,44,5
2838535,0,452,0,40,2,0,2,1,4,57,5
2838543,0,452,0,40,2,0,2,1,4,92,5
2838551,0,452,0,40,3,0,2,1,4,54,5
2838559,0,452,0,40,2,0,2,1,4,48,5
2838567,0,452,0,40,3,0,2,1,4,60,5
2838575,0,452,0,40,2,0,2,1,4,15,5
2838583,0,452,0,40,2,0,2,1,4,24,5
2838591,0,452,0,40,2,0,2,1,4,55,5
2838607,0,452,0,40,3,0,2,1,4,34,5
2838631,0,452,0,40,2,0,2,1,4,51,5
2838655,0,452,0,40,2,0,2,1,4,58,5
2838663,0,452,0,40,3,0,2,1,4,85,5
2838679,0,452,0,40,3,0,2,1,4,54,5
2838695,0,452,0,40,2,0,2,1,4,52,5
2838703,0,452,0,40,3,0,2,1,4,52,5
2838711,0,452,0,40,2,0,2,1,4,84,5
2838719,0,452,0,40,3,0,2,1,4,34,5
2838727,0,452,0,40,2,0,2,1,4,37,5
2838743,0,452,0,40,2,0,2,1,4,41,5
2838759,0,452,0,40,3,0,2,1,4,84,5
2838766,0,452,0,40,2,0,2,1,4,68,5
2838774,0,452,0,40,3,0,2,1,4,25,5
2838778,0,452,0,40,3,0,2,1,4,33,5
2838782,0,452,0,40,2,0,2,1,4,60,5
2838786,0,452,0,40,3,0,2,1,4,31,5
2838790,0,452,0,40,2,0,2,1,4,21,5
2838798,0,452,0,40,3,0,2,1,4,58,5
2838802,0,452,0,40,2,0,2,1,4,24,5
2838806,0,452,0,40,3,0,2,1,4,40,5
2838810,0,452,0,40,2,0,2,1,4,45,5
2838814,0,452,0,40,3,0,2,1,4,30,5
2838826,0,452,0,40,2,0,2,1,4,78,5
2838830,0,452,0,40,3,0,2,1,4,37,5
2838834,0,452,0,40,3,0,2,1,4,64,5
2838838,0,452,0,40,3,0,2,1,4,43,5
2838842,0,452,0,40,3,0,2,1,4,60,5
2838846,0,452,0,40,3,0,2,1,4,41,5
2838854,0,452,0,40,2,0,2,1,4,18,5
2838858,0,452,0,40,2,0,2,1,4,41,5
2838862,0,452,0,40,3,0,2,1,4,22,5
2838866,0,452,0,40,2,0,2,1,4,39,5
2838870,0,452,0,40,2,0,2,1,4,33,5
2838874,0,452,0,40,2,0,2,1,4,35,5
2838878,0,452,0,40,2,0,2,1,4,28,5
2838882,0,452,0,40,3,0,2,1,4,41,5
2838886,0,452,0,40,2,0,2,1,4,98,5
2838890,0,452,0,40,3,0,2,1,4,44,5
2838902,0,452,0,40,2,0,2,1,4,25,5
2838906,0,452,0,40,3,0,2,1,4,34,5
2838910,0,452,0,40,2,0,2,1,4,32,5
2838918,0,452,0,40,2,0,2,1,4,58,5
2838922,0,452,0,40,3,0,2,1,4,28,5
2838926,0,452,0,40,2,0,2,1,4,68,5
2838930,0,452,0,40,3,0,2,1,4,67,5
2838934,0,452,0,40,2,0,2,1,4,44,5
2838938,0,452,0,40,2,0,2,1,4,44,5
2838950,0,452,0,40,3,0,2,1,4,24,5
2838954,0,452,0,40,2,0,2,1,4,32,5
2838958,0,452,0,40,2,0,2,1,4,37,5
2838966,0,452,0,40,3,0,2,1,4,59,5
2838970,0,452,0,40,2,0,2,1,4,38,5
2838982,0,452,0,40,2,0,2,1,4,48,5
2838986,0,452,0,40,2,0,2,1,4,64,5
2838990,0,452,0,40,2,0,2,1,4,21,5
2838994,0,452,0,40,2,0,2,1,4,43,5
2839002,0,452,0,40,2,0,2,1,4,63,5
2839009,0,452,0,40,2,0,2,1,4,24,5
2839011,0,452,0,40,2,0,2,1,4,30,5
2839013,0,452,0,40,2,0,2,1,4,34,5
2839015,0,452,0,40,3,0,2,1,4,57,5
2839017,0,452,0,40,2,0,2,1,4,42,5
2839023,0,452,0,40,2,0,2,1,4,20,5
2839027,0,452,0,40,3,0,2,1,4,27,5
2839031,0,452,0,40,3,0,2,1,4,29,5
2839033,0,452,0,40,2,0,2,1,4,37,5
2839037,0,452,0,40,3,0,2,1,4,21,5
2839039,0,452,0,40,3,0,2,1,4,70,5
2839043,0,452,0,40,2,0,2,1,4,56,5
2839045,0,452,0,40,2,0,2,1,4,58,5
2839047,0,452,0,40,2,0,2,1,4,71,5
2839049,0,452,0,40,2,0,2,1,4,65,5
2839051,0,452,0,40,2,0,2,1,4,45,5
2839055,0,452,0,40,2,0,2,1,4,34,5
2839059,0,452,0,40,3,0,2,1,4,79,5
2839061,0,452,0,40,2,0,2,1,4,33,5
2839063,0,452,0,40,3,0,2,1,4,62,5
2839065,0,452,0,40,3,0,2,1,4,85,5
2839069,0,452,0,40,2,0,2,1,4,23,5
2839073,0,452,0,40,2,0,2,1,4,19,5
2839075,0,452,0,40,3,0,2,1,4,48,5
2839079,0,452,0,40,2,0,2,1,4,41,5
2839081,0,452,0,40,3,0,2,1,4,76,5
2839083,0,452,0,40,3,0,2,1,4,39,5
2839085,0,452,0,40,3,0,2,1,4,33,5
2839087,0,452,0,40,3,0,2,1,4,25,5
2839089,0,452,0,40,3,0,2,1,4,33,5
2839093,0,452,0,40,2,0,2,1,4,58,5
2839097,0,452,0,40,2,0,2,1,4,63,5
2839099,0,452,0,40,3,0,2,1,4,24,5
2839101,0,452,0,40,2,0,2,1,4,42,5
2839105,0,452,0,40,3,0,2,1,4,86,5
2839107,0,452,0,40,2,0,2,1,4,40,5
2839109,0,452,0,40,3,0,2,1,4,40,5
2839115,0,452,0,40,2,0,2,1,4,86,5
2839117,0,452,0,40,3,0,2,1,4,39,5
2839119,0,452,0,40,2,0,2,1,4,39,5
2839121,0,452,0,40,3,0,2,1,4,57,5
2839123,0,452,0,40,3,0,2,1,4,57,5
2839125,0,452,0,40,3,0,2,1,4,32,5
2839127,0,452,0,40,2,0,2,1,4,31,5
2839133,0,452,0,40,2,0,2,1,4,65,5
2839135,0,452,0,40,2,0,2,1,4,27,5
2839137,0,452,0,40,2,0,2,1,4,39,5
2839141,0,452,0,40,2,0,2,1,4,19,5
2839143,0,452,0,40,2,0,2,1,4,21,5
2839145,0,452,0,40,3,0,2,1,4,93,5
2839147,0,452,0,40,2,0,2,1,4,41,5
2839149,0,452,0,40,3,0,2,1,4,58,5
2839153,0,452,0,40,2,0,2,1,4,72,5
2839157,0,452,0,40,3,0,2,1,4,71,5
2839161,0,452,0,40,2,0,2,1,4,54,5
2839165,0,452,0,40,3,0,2,1,4,23,5
2839167,0,452,0,40,2,0,2,1,4,38,5
2839171,0,452,0,40,2,0,2,1,4,56,5
2839175,0,452,0,40,2,0,2,1,4,56,5
2839177,0,452,0,40,3,0,2,1,4,39,5
2839179,0,452,0,40,2,0,2,1,4,50,5
2839183,0,452,0,40,3,0,2,1,4,25,5
2839185,0,452,0,40,3,0,2,1,4,27,5
2839189,0,452,0,40,3,0,2,1,4,41,5
2839191,0,452,0,40,2,0,2,1,4,35,5
2839195,0,452,0,40,2,0,2,1,4,71,5
2839199,0,452,0,40,3,0,2,1,4,33,5
2839201,0,452,0,40,2,0,2,1,4,17,5
2839203,0,452,0,40,3,0,2,1,4,46,5
2839205,0,452,0,40,3,0,2,1,4,29,5
2839209,0,452,0,40,2,0,2,1,4,51,5
2839213,0,452,0,40,2,0,2,1,4,69,5
2839219,0,452,0,40,3,0,2,1,4,52,5
2839221,0,452,0,40,3,0,2,1,4,54,5
2839225,0,452,0,40,2,0,2,1,4,26,5
2839227,0,452,0,40,2,0,2,1,4,35,5
2839229,0,452,0,40,3,0,2,1,4,41,5
2839231,0,452,0,40,3,0,2,1,4,53,5
2839233,0,452,0,40,2,0,2,1,4,41,5
2839237,0,452,0,40,3,0,2,1,4,26,5
2839241,0,452,0,40,3,0,2,1,4,62,5
2839243,0,452,0,40,2,0,2,1,4,63,5
2839247,0,452,0,40,2,0,2,1,4,27,5
2839251,0,452,0,40,3,0,2,1,4,42,5
2839257,0,452,0,40,2,0,2,1,4,32,5
2839259,0,452,0,40,3,0,2,1,4,67,5
2839261,0,452,0,40,3,0,2,1,4,82,5
2839263,0,452,0,40,3,0,2,1,4,32,5
2839265,0,452,0,40,2,0,2,1,4,32,5
2839267,0,452,0,40,2,0,2,1,4,56,5
2839271,0,452,0,40,3,0,2,1,4,15,5
2839273,0,452,0,40,2,0,2,1,4,86,5
2839275,0,452,0,40,3,0,2,1,4,46,5
2839277,0,452,0,40,3,0,2,1,4,57,5
2839279,0,452,0,40,2,0,2,1,4,46,5
2839281,0,452,0,40,2,0,2,1,4,25,5
2839283,0,452,0,40,2,0,2,1,4,40,5
2839285,0,452,0,40,2,0,2,1,4,84,5
2839287,0,452,0,40,2,0,2,1,4,55,5
2826115,0,452,0,40,3,0,2,1,8,22,5
2818585,0,452,0,40,2,1,2,1,38,56,5
2817688,0,452,0,40,3,4,2,1,26,70,5
2759798,0,452,0,40,2,15,2,1,83,40,5
2826567,0,452,0,40,2,2,2,1,13,70,5
2825456,0,452,0,40,2,1,2,1,16,43,5
2828705,0,452,0,40,3,0,2,1,6,56,5
2827497,0,452,0,40,3,1,2,1,13,26,5
2822244,0,452,0,40,3,3,2,1,31,54,5
2827079,0,452,0,40,2,0,2,1,20,41,5
2826470,0,452,0,40,2,1,2,1,15,22,5
2827772,0,452,0,40,2,1,2,1,11,20,5
2825727,0,452,0,40,3,3,2,1,14,67,5
2829192,0,452,0,40,2,1,2,1,5,68,5
2828726,0,452,0,40,2,1,2,1,11,68,5
2828761,0,452,0,40,3,1,2,1,11,37,5
2787045,0,452,0,40,2,11,2,1,85,23,5
2827680,0,452,0,40,3,2,2,1,11,28,5
2828432,0,452,0,40,2,1,2,1,12,47,5
2829383,0,452,0,40,3,0,2,1,7,55,5
2829423,0,452,0,40,3,0,2,1,9,40,5
2828321,0,452,0,40,3,1,2,1,18,67,5
2829608,0,452,0,40,3,1,2,1,10,47,5
2788420,0,452,0,40,3,15,2,1,76,57,5
2828852,0,452,0,40,3,1,2,1,13,45,5
2826286,0,452,0,40,3,3,2,1,22,104,5
2829683,0,452,0,40,3,0,2,1,8,91,5
2829810,0,452,0,40,3,0,2,1,9,33,5
2828633,0,452,0,40,3,2,2,1,17,38,5
2830273,0,452,0,40,2,0,2,1,7,54,5
2829860,0,452,0,40,3,0,2,1,15,54,5
2826556,0,452,0,40,3,3,2,1,11,57,5
2817767,0,452,0,40,3,6,2,1,47,42,5
2828146,0,452,0,40,3,2,2,1,22,71,5
2830074,0,452,0,40,3,2,2,1,8,37,5
2828625,0,452,0,40,2,1,2,1,25,39,5
2827033,0,452,0,40,2,3,2,1,23,64,5
2830389,0,452,0,40,3,0,2,1,12,68,5
2828842,0,452,0,40,3,2,2,1,25,81,5
2828380,0,452,0,40,3,2,2,1,25,60,5
2830586,0,452,0,40,3,1,2,1,8,49,5
2830124,0,452,0,40,3,2,2,1,17,25,5
2829330,0,452,0,40,2,2,2,1,26,101,5
2830422,0,452,0,40,3,2,2,1,11,51,5
2830841,0,452,0,40,3,0,2,1,6,52,5
2829226,0,452,0,40,3,4,2,1,24,47,5
2830838,0,452,0,40,3,0,2,1,9,28,5
2830719,0,452,0,40,2,2,2,1,15,49,5
2830850,0,452,0,40,3,2,2,1,12,52,5
2831024,0,452,0,40,2,0,2,1,4,30,5
2831288,0,452,0,40,3,0,2,1,5,52,5
2831491,0,452,0,40,3,0,2,1,5,51,5
2831665,0,452,0,40,3,0,2,1,5,30,5
2831406,0,452,0,40,2,0,2,1,16,25,5
2831490,0,452,0,40,3,1,2,1,9,38,5
2832273,0,452,0,40,3,1,2,1,5,64,5
2832055,0,452,0,40,3,0,2,1,11,62,5
2832244,0,452,0,40,2,0,2,1,7,67,5
2831712,0,452,0,40,2,1,2,1,12,34,5
2831976,0,452,0,40,3,1,2,1,9,96,5
2833042,0,452,0,40,2,0,2,1,4,114,5
2832909,0,452,0,40,3,0,2,1,12,55,5
2833762,0,452,0,40,2,0,2,1,6,31,5
2833895,0,452,0,40,2,0,2,1,5,34,5
2832820,0,452,0,40,2,1,2,1,8,40,5
2833680,0,452,0,40,3,0,2,1,8,54,5
2833991,0,452,0,40,2,0,2,1,8,76,5
2832606,0,452,0,40,3,1,2,1,8,21,5
2834269,0,452,0,40,2,0,2,1,4,68,5
2833555,0,452,0,40,3,1,2,1,19,53,5
2825189,0,452,0,40,3,3,2,1,17,48,5
2835777,0,452,0,40,2,1,2,1,5,77,5
2835244,0,452,0,40,2,1,2,1,11,42,5
2836060,0,452,0,40,2,1,2,1,7,16,5
2835962,0,452,0,40,3,2,2,1,5,50,5
2835148,0,452,0,40,3,1,2,1,14,64,5
2835167,0,452,0,40,2,1,2,1,11,25,5
2833413,0,452,0,40,2,3,2,1,15,25,5
2834782,0,452,0,40,2,2,2,1,9,26,5
2832905,0,452,0,40,2,3,2,1,16,49,5
2835350,0,452,0,40,3,2,2,1,8,15,5
2834551,0,452,0,40,2,2,2,1,10,32,5
2837061,0,452,0,40,3,1,2,1,4,40,5
2834936,0,452,0,40,3,1,2,1,16,49,5
2834951,0,452,0,40,2,1,2,1,14,53,5
2835414,0,452,0,40,2,1,2,1,12,45,5
2833774,0,452,0,40,2,2,2,1,19,33,5
2834733,0,452,0,40,2,2,2,1,10,41,5
2832987,0,452,0,40,3,3,2,1,19,26,5
2834762,0,452,0,40,3,2,2,1,14,88,5
2836515,0,452,0,40,3,1,2,1,7,71,5
2833576,0,452,0,40,3,2,2,1,19,90,5
2836814,0,452,0,40,2,1,2,1,6,34,5
2832255,0,452,0,40,2,3,2,1,12,20,5
2834541,0,452,0,40,2,3,2,1,12,43,5
2834375,0,452,0,40,3,3,2,1,11,67,5
2837121,0,452,0,40,2,1,2,1,5,19,5
2834356,0,452,0,40,3,2,2,1,13,63,5
2837163,0,452,0,40,3,1,2,1,4,41,5
2834049,0,452,0,40,2,1,2,1,22,64,5
2835435,0,452,0,40,2,1,2,1,14,49,5
2835517,0,452,0,40,3,1,2,1,14,32,5
2835766,0,452,0,40,2,1,2,1,12,22,5
2833204,0,452,0,40,3,4,2,1,16,49,5
2836112,0,452,0,40,3,1,2,1,10,50,5
2833298,0,452,0,40,2,3,2,1,19,18,5
2833136,0,452,0,40,2,4,2,1,19,62,5
2836163,0,452,0,40,2,1,2,1,9,60,5
2832199,0,452,0,40,3,5,2,1,23,67,5
2836011,0,452,0,40,2,1,2,1,8,35,5
2836567,0,452,0,40,3,1,2,1,8,40,5
2835695,0,452,0,40,2,2,2,1,9,47,5
2824255,0,452,0,40,2,5,2,1,43,51,5
2833821,0,452,0,40,3,3,2,1,18,97,5
2836865,0,452,0,40,3,1,2,1,6,7,5
2835594,0,452,0,40,2,2,2,1,7,44,5
2831405,0,452,0,40,2,7,2,1,29,53,5
2837103,0,452,0,40,2,2,2,1,6,41,5
2836938,0,452,0,40,3,1,2,1,5,27,5
2837225,0,452,0,40,3,1,2,1,5,41,5
2833299,0,452,0,40,3,2,2,1,21,46,5
2834881,0,452,0,40,3,3,2,1,11,29,5
2837312,0,452,0,40,2,1,2,1,4,53,5
2837503,0,452,0,40,2,1,2,1,4,28,5
2790925,0,452,0,40,3,8,2,1,75,56,5
2834323,0,452,0,40,3,1,2,1,21,9,5
2834544,0,452,0,40,2,1,2,1,19,28,5
2834654,0,452,0,40,2,1,2,1,17,10,5
2833892,0,452,0,40,2,2,2,1,18,42,5
2835578,0,452,0,40,2,1,2,1,14,68,5
2835698,0,452,0,40,2,1,2,1,13,61,5
2835072,0,452,0,40,3,2,2,1,14,58,5
2836016,0,452,0,40,2,1,2,1,12,56,5
2833512,0,452,0,40,3,2,2,1,26,13,5
2836122,0,452,0,40,3,1,2,1,11,6,5
2836437,0,452,0,40,2,1,2,1,10,63,5
2836683,0,452,0,40,3,1,2,1,9,38,5
2832410,0,452,0,40,3,5,2,1,25,58,5
2833334,0,452,0,40,3,2,2,1,18,61,5
2834280,0,452,0,40,3,3,2,1,15,52,5
2836697,0,452,0,40,2,1,2,1,7,34,5
2833455,0,452,0,40,2,2,2,1,21,13,5
2834004,0,452,0,40,3,4,2,1,10,51,5
2836166,0,452,0,40,3,2,2,1,8,35,5
2837002,0,452,0,40,3,1,2,1,6,49,5
2837193,0,452,0,40,3,1,2,1,6,32,5
2833370,0,452,0,40,2,3,2,1,12,33,5
2836449,0,452,0,40,2,2,2,1,6,44,5
2836361,0,452,0,40,2,2,2,1,7,59,5
2833161,0,452,0,40,3,5,2,1,16,36,5
2837200,0,452,0,40,2,1,2,1,5,50,5
2837455,0,452,0,40,2,1,2,1,5,40,5
2837533,0,452,0,40,3,1,2,1,5,64,5
2831923,0,452,0,40,3,2,2,1,13,59,5
2833749,0,452,0,40,3,3,2,1,10,47,5
2835003,0,452,0,40,2,2,2,1,9,44,5
2834100,0,452,0,40,3,4,2,1,14,15,5
2835951,0,452,0,40,2,2,2,1,7,94,5
2836193,0,452,0,40,2,2,2,1,7,37,5
2837538,0,452,0,40,3,1,2,1,4,54,5
2837748,0,452,0,40,2,1,2,1,4,57,5
2833668,0,452,0,40,3,2,2,1,22,39,5
2834896,0,452,0,40,2,1,2,1,19,59,5
2834917,0,452,0,40,3,1,2,1,18,57,5
2832102,0,452,0,40,2,4,2,1,26,32,5
2833483,0,452,0,40,2,2,2,1,21,29,5
2833142,0,452,0,40,2,2,2,1,16,59,5
2834891,0,452,0,40,3,1,2,1,14,51,5
2835436,0,452,0,40,2,1,2,1,14,43,5
2834986,0,452,0,40,2,2,2,1,14,47,5
2834916,0,452,0,40,3,2,2,1,15,78,5
2834695,0,452,0,40,2,2,2,1,13,18,5
2835943,0,452,0,40,3,1,2,1,11,83,5
2836429,0,452,0,40,3,1,2,1,11,26,5
2835721,0,452,0,40,2,1,2,1,10,21,5
2833828,0,452,0,40,2,3,2,1,18,35,5
2836284,0,452,0,40,2,1,2,1,9,13,5
2836730,0,452,0,40,3,1,2,1,9,58,5
2835336,0,452,0,40,2,2,2,1,11,24,5
2835494,0,452,0,40,2,2,2,1,12,78,5
2836907,0,452,0,40,2,1,2,1,8,41,5
2835128,0,452,0,40,3,3,2,1,9,26,5
2836344,0,452,0,40,3,1,2,1,7,35,5
2837169,0,452,0,40,3,1,2,1,7,50,5
2837257,0,452,0,40,2,1,2,1,7,45,5
2833039,0,452,0,40,3,3,2,1,14,29,5
2828446,0,452,0,40,3,2,2,1,19,66,5
2835291,0,452,0,40,3,2,2,1,14,17,5
2834600,0,452,0,40,3,2,2,1,18,10,5
2837168,0,452,0,40,2,1,2,1,6,32,5
2837431,0,452,0,40,2,1,2,1,6,66,5
2837483,0,452,0,40,2,1,2,1,6,65,5
2835567,0,452,0,40,3,2,2,1,7,37,5
2834277,0,452,0,40,3,3,2,1,15,23,5
2836700,0,452,0,40,3,2,2,1,6,27,5
2836767,0,452,0,40,3,2,2,1,6,49,5
2837486,0,452,0,40,2,1,2,1,5,71,5
2834673,0,452,0,40,3,3,2,1,12,44,5
2834672,0,452,0,40,3,3,2,1,13,52,5
2833763,0,452,0,40,2,3,2,1,18,38,5
2828660,0,452,0,40,2,4,2,1,10,22,5
2837531,0,452,0,40,2,2,2,1,5,41,5
2837174,0,452,0,40,2,1,2,1,4,52,5
2837621,0,452,0,40,2,1,2,1,4,60,5
2837854,0,452,0,40,2,1,2,1,4,27,5
2830119,0,452,0,40,2,1,2,1,6,48,5
2831829,0,452,0,40,2,4,2,1,36,30,5
2834568,0,452,0,40,2,1,2,1,21,38,5
2831555,0,452,0,40,2,4,2,1,33,21,5
2834141,0,452,0,40,2,2,2,1,21,73,5
2835109,0,452,0,40,2,1,2,1,18,17,5
2834372,0,452,0,40,3,1,2,1,17,49,5
2835616,0,452,0,40,2,1,2,1,16,57,5
2834151,0,452,0,40,2,3,2,1,20,55,5
2835416,0,452,0,40,3,1,2,1,14,44,5
2833510,0,452,0,40,2,3,2,1,17,46,5
2835919,0,452,0,40,3,1,2,1,12,24,5
2836075,0,452,0,40,3,1,2,1,12,27,5
2832177,0,452,0,40,2,4,2,1,30,47,5
2833053,0,452,0,40,3,3,2,1,20,23,5
2834524,0,452,0,40,2,3,2,1,13,44,5
2834704,0,452,0,40,2,3,2,1,14,38,5
2836308,0,452,0,40,2,1,2,1,10,36,5
2836790,0,452,0,40,2,1,2,1,10,25,5
2833500,0,452,0,40,3,4,2,1,17,38,5
2835062,0,452,0,40,3,2,2,1,15,31,5
2834790,0,452,0,40,3,2,2,1,19,27,5
2836590,0,452,0,40,2,1,2,1,9,12,5
2836785,0,452,0,40,2,1,2,1,9,24,5
2837001,0,452,0,40,2,1,2,1,9,47,5
2837031,0,452,0,40,3,1,2,1,9,29,5
2837111,0,452,0,40,3,1,2,1,9,72,5
2836375,0,452,0,40,3,2,2,1,11,45,5
2837237,0,452,0,40,3,1,2,1,8,32,5
2834256,0,452,0,40,3,3,2,1,14,22,5
2837569,0,452,0,40,3,1,2,1,7,45,5
2832287,0,452,0,40,2,1,2,1,9,36,5
2835521,0,452,0,40,2,2,2,1,7,96,5
2834342,0,452,0,40,2,4,2,1,10,47,5
2835941,0,452,0,40,2,2,2,1,9,59,5
2836857,0,452,0,40,3,2,2,1,8,76,5
2837658,0,452,0,40,3,1,2,1,6,79,5
2833924,0,452,0,40,3,4,2,1,13,32,5
2834412,0,452,0,40,2,4,2,1,15,31,5
2836227,0,452,0,40,2,2,2,1,10,15,5
2833772,0,452,0,40,3,4,2,1,21,22,5
2837834,0,452,0,40,2,1,2,1,5,54,5
2833172,0,452,0,40,2,4,2,1,13,52,5
2720815,0,452,0,40,2,16,2,1,142,44,5
2834880,0,452,0,40,2,3,2,1,11,72,5
2835854,0,452,0,40,2,2,2,1,11,41,5
2834582,0,452,0,40,2,3,2,1,10,31,5
2836542,0,452,0,40,2,2,2,1,6,79,5
2835829,0,452,0,40,3,2,2,1,11,59,5
2834326,0,452,0,40,3,4,2,1,15,37,5
2836618,0,452,0,40,3,1,2,1,4,40,5
2837388,0,452,0,40,3,1,2,1,4,46,5
2837995,0,452,0,40,2,1,2,1,4,27,5
2838235,0,452,0,40,2,1,2,1,4,44,5
2815862,0,452,0,40,3,6,2,1,49,46,5
2833694,0,452,0,40,2,1,2,1,28,76,5
2833847,0,452,0,40,3,1,2,1,25,17,5
2833881,0,452,0,40,3,2,2,1,25,14,5
2835001,0,452,0,40,2,1,2,1,20,25,5
2835162,0,452,0,40,2,1,2,1,20,19,5
2834927,0,452,0,40,3,1,2,1,19,29,5
2833252,0,452,0,40,3,3,2,1,25,37,5
2835261,0,452,0,40,3,2,2,1,17,70,5
2834019,0,452,0,40,2,2,2,1,23,21,5
2835090,0,452,0,40,3,2,2,1,15,35,5
2835405,0,452,0,40,2,2,2,1,17,31,5
2833769,0,452,0,40,2,3,2,1,16,18,5
2833920,0,452,0,40,2,2,2,1,25,15,5
2836459,0,452,0,40,2,1,2,1,13,40,5
2833363,0,452,0,40,3,2,2,1,26,51,5
2834176,0,452,0,40,3,3,2,1,18,52,5
2835513,0,452,0,40,2,2,2,1,13,28,5
2836316,0,452,0,40,3,1,2,1,11,60,5
2836694,0,452,0,40,2,1,2,1,11,38,5
2836820,0,452,0,40,2,1,2,1,11,29,5
2832979,0,452,0,40,3,3,2,1,17,24,5
2834313,0,452,0,40,3,3,2,1,14,25,5
2836368,0,452,0,40,3,1,2,1,10,51,5
2832876,0,452,0,40,3,4,2,1,19,22,5
2833654,0,452,0,40,2,4,2,1,19,38,5
2836815,0,452,0,40,3,1,2,1,9,33,5
2837343,0,452,0,40,2,1,2,1,9,56,5
2832860,0,452,0,40,2,4,2,1,19,66,5
2836393,0,452,0,40,2,2,2,1,9,69,5
2834877,0,452,0,40,3,2,2,1,18,26,5
2837471,0,452,0,40,2,1,2,1,8,20,5
2835692,0,452,0,40,2,2,2,1,9,29,5
2832788,0,452,0,40,2,5,2,1,18,33,5
2836702,0,452,0,40,3,2,2,1,10,55,5
2837750,0,452,0,40,2,1,2,1,7,32,5
2833726,0,452,0,40,3,1,2,1,9,47,5
2831925,0,452,0,40,2,4,2,1,24,39,5
2835046,0,452,0,40,2,3,2,1,13,54,5
2837685,0,452,0,40,3,1,2,1,6,51,5
2837733,0,452,0,40,3,1,2,1,6,46,5
2838030,0,452,0,40,3,1,2,1,6,30,5
2831271,0,452,0,40,3,1,2,1,8,41,5
2833480,0,452,0,40,2,1,2,1,7,53,5
2836299,0,452,0,40,2,2,2,1,9,69,5
2827725,0,452,0,40,2,3,2,1,14,36,5
2836568,0,452,0,40,3,2,2,1,8,30,5
2837212,0,452,0,40,2,2,2,1,6,75,5
2837230,0,452,0,40,2,1,2,1,5,43,5
2837987,0,452,0,40,2,1,2,1,5,57,5
2838047,0,452,0,40,3,1,2,1,5,15,5
2838085,0,452,0,40,3,1,2,1,5,35,5
2838275,0,452,0,40,2,1,2,1,5,95,5
2835648,0,452,0,40,3,2,2,1,12,52,5
2835454,0,452,0,40,2,3,2,1,8,57,5
2831521,0,452,0,40,3,6,2,1,40,54,5
2836336,0,452,0,40,3,2,2,1,8,33,5
2836903,0,452,0,40,2,2,2,1,9,43,5
2837973,0,452,0,40,3,1,2,1,4,21,5
2838351,0,452,0,40,2,1,2,1,4,38,5
2838395,0,452,0,40,2,1,2,1,4,45,5
2838445,0,452,0,40,3,1,2,1,4,25,5
2833005,0,452,0,40,2,1,2,1,9,24,5
2832609,0,452,0,40,3,2,2,1,30,87,5
2835385,0,452,0,40,3,1,2,1,19,90,5
2835210,0,452,0,40,3,1,2,1,17,47,5
2835794,0,452,0,40,2,1,2,1,17,115,5
2835432,0,452,0,40,3,1,2,1,16,54,5
2835956,0,452,0,40,2,1,2,1,16,55,5
2834214,0,452,0,40,2,2,2,1,18,32,5
2834520,0,452,0,40,2,2,2,1,19,56,5
2834479,0,452,0,40,2,2,2,1,21,53,5
2835322,0,452,0,40,2,2,2,1,16,75,5
2836533,0,452,0,40,3,1,2,1,13,63,5
2836576,0,452,0,40,2,1,2,1,12,24,5
2836804,0,452,0,40,2,1,2,1,12,19,5
2836915,0,452,0,40,3,1,2,1,11,88,5
2833454,0,452,0,40,2,2,2,1,27,39,5
2836930,0,452,0,40,3,1,2,1,10,56,5
2834914,0,452,0,40,3,2,2,1,17,33,5
2834124,0,452,0,40,3,2,2,1,26,47,5
2837551,0,452,0,40,2,1,2,1,9,59,5
2833930,0,452,0,40,2,3,2,1,18,66,5
2834446,0,452,0,40,2,3,2,1,16,36,5
2837210,0,452,0,40,3,1,2,1,8,42,5
2837322,0,452,0,40,3,1,2,1,8,70,5
2835916,0,452,0,40,3,2,2,1,14,44,5
2837773,0,452,0,40,2,1,2,1,7,46,5
2835417,0,452,0,40,3,2,2,1,12,79,5
2833747,0,452,0,40,3,2,2,1,21,44,5
2836714,0,452,0,40,3,2,2,1,7,20,5
2834273,0,452,0,40,3,3,2,1,15,31,5
2833635,0,452,0,40,2,4,2,1,20,37,5
2834724,0,452,0,40,2,3,2,1,15,20,5
2837999,0,452,0,40,2,1,2,1,6,25,5
2838263,0,452,0,40,2,1,2,1,6,39,5
2835915,0,452,0,40,3,2,2,1,7,61,5
2835708,0,452,0,40,2,2,2,1,12,72,5
2837122,0,452,0,40,2,2,2,1,6,17,5
2835895,0,452,0,40,2,2,2,1,11,39,5
2838447,0,452,0,40,3,1,2,1,5,57,5
2835871,0,452,0,40,3,2,2,1,7,43,5
2834781,0,452,0,40,3,2,2,1,17,45,5
2838027,0,452,0,40,3,2,2,1,5,29,5
2838270,0,452,0,40,3,1,2,1,4,60,5
2838532,0,452,0,40,2,1,2,1,4,37,5
2838628,0,452,0,40,2,1,2,1,4,26,5
2829096,0,452,0,40,2,1,2,1,5,11,5
2833867,0,452,0,40,2,1,2,1,28,31,5
2831952,0,452,0,40,3,4,2,1,32,10,5
2834240,0,452,0,40,3,2,2,1,23,12,5
2836592,0,452,0,40,2,1,2,1,13,60,5
2834178,0,452,0,40,3,3,2,1,25,36,5
2833541,0,452,0,40,3,2,2,1,27,19,5
2837251,0,452,0,40,3,1,2,1,11,46,5
2836061,0,452,0,40,3,1,2,1,10,25,5
2836707,0,452,0,40,2,1,2,1,10,38,5
2833132,0,452,0,40,3,3,2,1,26,16,5
2837606,0,452,0,40,2,1,2,1,9,47,5
2834254,0,452,0,40,2,3,2,1,18,27,5
2836554,0,452,0,40,2,1,2,1,8,73,5
2833296,0,452,0,40,2,1,2,1,8,44,5
2833706,0,452,0,40,2,3,2,1,17,22,5
2835219,0,452,0,40,3,2,2,1,17,39,5
2835546,0,452,0,40,3,2,2,1,17,51,5
2836851,0,452,0,40,3,2,2,1,8,114,5
2837711,0,452,0,40,3,1,2,1,7,36,5
2837931,0,452,0,40,2,1,2,1,7,38,5
2833257,0,452,0,40,3,3,2,1,22,78,5
2836535,0,452,0,40,2,2,2,1,11,22,5
2836056,0,452,0,40,3,2,2,1,15,24,5
2838427,0,452,0,40,2,1,2,1,6,47,5
2835647,0,452,0,40,3,2,2,1,7,58,5
2834233,0,452,0,40,2,4,2,1,13,63,5
2829874,0,452,0,40,3,2,2,1,16,27,5
2836956,0,452,0,40,2,2,2,1,7,41,5
2825036,0,452,0,40,3,2,2,1,32,49,5
2836987,0,452,0,40,2,3,2,1,7,44,5
2838594,0,452,0,40,3,1,2,1,5,34,5
2832209,0,452,0,40,2,1,2,1,6,41,5
2831766,0,452,0,40,2,2,2,1,11,24,5
2836486,0,452,0,40,2,2,2,1,7,38,5
2835797,0,452,0,40,3,3,2,1,12,45,5
2837412,0,452,0,40,2,1,2,1,4,63,5
2832916,0,452,0,40,2,2,2,1,32,50,5
2834993,0,452,0,40,2,3,2,1,16,43,5
2837704,0,452,0,40,3,1,2,1,10,37,5
2837107,0,452,0,40,3,2,2,1,11,36,5
2762822,0,452,0,40,2,16,2,1,96,92,5
2836267,0,452,0,40,3,2,2,1,6,60,5
2835516,0,452,0,40,2,3,2,1,13,33,5
2835975,0,452,0,40,3,3,2,1,9,68,5
2838687,0,452,0,40,3,1,2,1,4,26,5
2837825,0,452,0,40,2,0,2,1,3,25,5
2837953,0,452,0,40,3,0,2,1,3,76,5
2838090,0,452,0,40,3,0,2,1,3,23,5
2838154,0,452,0,40,3,0,2,1,3,23,5
2838218,0,452,0,40,3,0,2,1,3,44,5
2838282,0,452,0,40,2,0,2,1,3,21,5
2838314,0,452,0,40,3,0,2,1,3,22,5
2838346,0,452,0,40,2,0,2,1,3,71,5
2838378,0,452,0,40,2,0,2,1,3,42,5
2838410,0,452,0,40,2,0,2,1,3,32,5
2838442,0,452,0,40,3,0,2,1,3,58,5
2838474,0,452,0,40,2,0,2,1,3,35,5
2838523,0,452,0,40,2,0,2,1,3,54,5
2838539,0,452,0,40,3,0,2,1,3,16,5
2838555,0,452,0,40,3,0,2,1,3,31,5
2838571,0,452,0,40,3,0,2,1,3,42,5
2838587,0,452,0,40,3,0,2,1,3,68,5
2838603,0,452,0,40,3,0,2,1,3,56,5
2838619,0,452,0,40,2,0,2,1,3,39,5
2838635,0,452,0,40,2,0,2,1,3,36,5
2838651,0,452,0,40,2,0,2,1,3,31,5
2838667,0,452,0,40,2,0,2,1,3,77,5
2838683,0,452,0,40,3,0,2,1,3,23,5
2838707,0,452,0,40,2,0,2,1,3,49,5
2838723,0,452,0,40,3,0,2,1,3,47,5
2838739,0,452,0,40,2,0,2,1,3,46,5
2838768,0,452,0,40,3,0,2,1,3,37,5
2838776,0,452,0,40,3,0,2,1,3,32,5
2838784,0,452,0,40,3,0,2,1,3,12,5
2838792,0,452,0,40,3,0,2,1,3,48,5
2838800,0,452,0,40,2,0,2,1,3,28,5
2838816,0,452,0,40,2,0,2,1,3,52,5
2838824,0,452,0,40,2,0,2,1,3,57,5
2838832,0,452,0,40,2,0,2,1,3,15,5
2838848,0,452,0,40,2,0,2,1,3,75,5
2838856,0,452,0,40,3,0,2,1,3,36,5
2838864,0,452,0,40,2,0,2,1,3,64,5
2838872,0,452,0,40,2,0,2,1,3,36,5
2838880,0,452,0,40,2,0,2,1,3,30,5
2838896,0,452,0,40,2,0,2,1,3,44,5
2838904,0,452,0,40,2,0,2,1,3,22,5
2838912,0,452,0,40,2,0,2,1,3,36,5
2838920,0,452,0,40,2,0,2,1,3,28,5
2838936,0,452,0,40,2,0,2,1,3,32,5
2838944,0,452,0,40,2,0,2,1,3,41,5
2838952,0,452,0,40,2,0,2,1,3,82,5
2838960,0,452,0,40,3,0,2,1,3,42,5
2838976,0,452,0,40,3,0,2,1,3,113,5
2838984,0,452,0,40,2,0,2,1,3,22,5
2838992,0,452,0,40,3,0,2,1,3,41,5
2839008,0,452,0,40,2,0,2,1,3,80,5
2839012,0,452,0,40,3,0,2,1,3,32,5
2839020,0,452,0,40,3,0,2,1,3,42,5
2839024,0,452,0,40,2,0,2,1,3,31,5
2839028,0,452,0,40,3,0,2,1,3,52,5
2839032,0,452,0,40,2,0,2,1,3,66,5
2839036,0,452,0,40,3,0,2,1,3,24,5
2839044,0,452,0,40,2,0,2,1,3,16,5
2839048,0,452,0,40,3,0,2,1,3,35,5
2839052,0,452,0,40,3,0,2,1,3,37,5
2839056,0,452,0,40,3,0,2,1,3,37,5
2839060,0,452,0,40,2,0,2,1,3,26,5
2839068,0,452,0,40,3,0,2,1,3,41,5
2839076,0,452,0,40,2,0,2,1,3,40,5
2839080,0,452,0,40,2,0,2,1,3,30,5
2839084,0,452,0,40,3,0,2,1,3,54,5
2839088,0,452,0,40,2,0,2,1,3,26,5
2839092,0,452,0,40,2,0,2,1,3,32,5
2839096,0,452,0,40,2,0,2,1,3,33,5
2839100,0,452,0,40,3,0,2,1,3,71,5
2839104,0,452,0,40,3,0,2,1,3,50,5
2839108,0,452,0,40,2,0,2,1,3,31,5
2839112,0,452,0,40,2,0,2,1,3,20,5
2839116,0,452,0,40,2,0,2,1,3,44,5
2839120,0,452,0,40,2,0,2,1,3,74,5
2839124,0,452,0,40,3,0,2,1,3,35,5
2839132,0,452,0,40,2,0,2,1,3,18,5
2839136,0,452,0,40,3,0,2,1,3,37,5
2839140,0,452,0,40,3,0,2,1,3,53,5
2839144,0,452,0,40,2,0,2,1,3,46,5
2839148,0,452,0,40,2,0,2,1,3,30,5
2839152,0,452,0,40,3,0,2,1,3,97,5
2839156,0,452,0,40,2,0,2,1,3,36,5
2839160,0,452,0,40,2,0,2,1,3,49,5
2839164,0,452,0,40,2,0,2,1,3,35,5
2839172,0,452,0,40,2,0,2,1,3,41,5
2839176,0,452,0,40,3,0,2,1,3,20,5
2839180,0,452,0,40,3,0,2,1,3,43,5
2839184,0,452,0,40,3,0,2,1,3,10,5
2839192,0,452,0,40,2,0,2,1,3,99,5
2839200,0,452,0,40,2,0,2,1,3,50,5
2839204,0,452,0,40,2,0,2,1,3,35,5
2839208,0,452,0,40,3,0,2,1,3,91,5
2839212,0,452,0,40,2,0,2,1,3,34,5
2839216,0,452,0,40,3,0,2,1,3,59,5
2839220,0,452,0,40,2,0,2,1,3,40,5
2839228,0,452,0,40,3,0,2,1,3,50,5
2839232,0,452,0,40,3,0,2,1,3,48,5
2839236,0,452,0,40,2,0,2,1,3,43,5
2839240,0,452,0,40,2,0,2,1,3,47,5
2839244,0,452,0,40,3,0,2,1,3,27,5
2839252,0,452,0,40,2,0,2,1,3,60,5
2839256,0,452,0,40,3,0,2,1,3,60,5
2839260,0,452,0,40,3,0,2,1,3,65,5
2839264,0,452,0,40,3,0,2,1,3,40,5
2839268,0,452,0,40,2,0,2,1,3,51,5
2839272,0,452,0,40,2,0,2,1,3,59,5
2839276,0,452,0,40,2,0,2,1,3,27,5
2839280,0,452,0,40,2,0,2,1,3,37,5
2839288,0,452,0,40,2,0,2,1,3,12,5
2839290,0,452,0,40,3,0,2,1,3,31,5
2839292,0,452,0,40,2,0,2,1,3,19,5
2839294,0,452,0,40,2,0,2,1,3,43,5
2839296,0,452,0,40,3,0,2,1,3,36,5
2839298,0,452,0,40,2,0,2,1,3,52,5
2839300,0,452,0,40,3,0,2,1,3,51,5
2839302,0,452,0,40,3,0,2,1,3,65,5
2839306,0,452,0,40,2,0,2,1,3,15,5
2839308,0,452,0,40,3,0,2,1,3,40,5
2839310,0,452,0,40,3,0,2,1,3,7,5
2839312,0,452,0,40,2,0,2,1,3,20,5
2839314,0,452,0,40,3,0,2,1,3,50,5
2839316,0,452,0,40,3,0,2,1,3,36,5
2839318,0,452,0,40,3,0,2,1,3,67,5
2839320,0,452,0,40,3,0,2,1,3,54,5
2839322,0,452,0,40,2,0,2,1,3,30,5
2839324,0,452,0,40,2,0,2,1,3,34,5
2839326,0,452,0,40,2,0,2,1,3,19,5
2839328,0,452,0,40,3,0,2,1,3,57,5
2839330,0,452,0,40,2,0,2,1,3,32,5
2839334,0,452,0,40,2,0,2,1,3,26,5
2839336,0,452,0,40,2,0,2,1,3,30,5
2839338,0,452,0,40,2,0,2,1,3,49,5
2839342,0,452,0,40,3,0,2,1,3,17,5
2839344,0,452,0,40,3,0,2,1,3,56,5
2839346,0,452,0,40,2,0,2,1,3,28,5
2839348,0,452,0,40,3,0,2,1,3,82,5
2839350,0,452,0,40,3,0,2,1,3,80,5
2839352,0,452,0,40,2,0,2,1,3,72,5
2839354,0,452,0,40,3,0,2,1,3,18,5
2839356,0,452,0,40,3,0,2,1,3,26,5
2839358,0,452,0,40,2,0,2,1,3,34,5
2839362,0,452,0,40,3,0,2,1,3,53,5
2839366,0,452,0,40,2,0,2,1,3,42,5
2839370,0,452,0,40,2,0,2,1,3,46,5
2839372,0,452,0,40,3,0,2,1,3,51,5
2839376,0,452,0,40,3,0,2,1,3,44,5
2839380,0,452,0,40,2,0,2,1,3,51,5
2839382,0,452,0,40,3,0,2,1,3,66,5
2839386,0,452,0,40,3,0,2,1,3,22,5
2839388,0,452,0,40,3,0,2,1,3,36,5
2839390,0,452,0,40,3,0,2,1,3,41,5
2839392,0,452,0,40,2,0,2,1,3,27,5
2839394,0,452,0,40,3,0,2,1,3,42,5
2839396,0,452,0,40,2,0,2,1,3,36,5
2839398,0,452,0,40,3,0,2,1,3,71,5
2839400,0,452,0,40,3,0,2,1,3,86,5
2839402,0,452,0,40,2,0,2,1,3,36,5
2839404,0,452,0,40,3,0,2,1,3,71,5
2839406,0,452,0,40,2,0,2,1,3,60,5
2839410,0,452,0,40,3,0,2,1,3,44,5
2839414,0,452,0,40,2,0,2,1,3,62,5
2839418,0,452,0,40,2,0,2,1,3,10,5
2839420,0,452,0,40,2,0,2,1,3,62,5
2839422,0,452,0,40,2,0,2,1,3,14,5
2839424,0,452,0,40,3,0,2,1,3,50,5
2839428,0,452,0,40,3,0,2,1,3,58,5
2839430,0,452,0,40,3,0,2,1,3,41,5
2839434,0,452,0,40,3,0,2,1,3,32,5
2839438,0,452,0,40,2,0,2,1,3,64,5
2839440,0,452,0,40,2,0,2,1,3,64,5
2839442,0,452,0,40,2,0,2,1,3,31,5
2839444,0,452,0,40,2,0,2,1,3,31,5
2839446,0,452,0,40,3,0,2,1,3,56,5
2839448,0,452,0,40,3,0,2,1,3,49,5
2839450,0,452,0,40,3,0,2,1,3,93,5
2839452,0,452,0,40,3,0,2,1,3,42,5
2839454,0,452,0,40,2,0,2,1,3,53,5
2839456,0,452,0,40,3,0,2,1,3,42,5
2839460,0,452,0,40,3,0,2,1,3,122,5
2839462,0,452,0,40,2,0,2,1,3,70,5
2839464,0,452,0,40,2,0,2,1,3,64,5
2839466,0,452,0,40,2,0,2,1,3,73,5
2839468,0,452,0,40,2,0,2,1,3,56,5
2839470,0,452,0,40,2,0,2,1,3,52,5
2839472,0,452,0,40,2,0,2,1,3,22,5
2839474,0,452,0,40,2,0,2,1,3,32,5
2839476,0,452,0,40,2,0,2,1,3,93,5
2839480,0,452,0,40,3,0,2,1,3,23,5
2839482,0,452,0,40,3,0,2,1,3,35,5
2839484,0,452,0,40,2,0,2,1,3,23,5
2839486,0,452,0,40,3,0,2,1,3,29,5
2839488,0,452,0,40,3,0,2,1,3,37,5
2839490,0,452,0,40,3,0,2,1,3,73,5
2839494,0,452,0,40,3,0,2,1,3,78,5
2839498,0,452,0,40,2,0,2,1,3,43,5
2839500,0,452,0,40,2,0,2,1,3,42,5
2839504,0,452,0,40,3,0,2,1,3,34,5
2839506,0,452,0,40,2,0,2,1,3,140,5
2839508,0,452,0,40,3,0,2,1,3,91,5
2839512,0,452,0,40,2,0,2,1,3,38,5
2839514,0,452,0,40,2,0,2,1,3,25,5
2839516,0,452,0,40,3,0,2,1,3,38,5
2839518,0,452,0,40,3,0,2,1,3,55,5
2839520,0,452,0,40,3,0,2,1,3,57,5
2839522,0,452,0,40,3,0,2,1,3,48,5
2839524,0,452,0,40,2,0,2,1,3,22,5
2839526,0,452,0,40,3,0,2,1,3,56,5
2839528,0,452,0,40,2,0,2,1,3,36,5
2839530,0,452,0,40,3,0,2,1,3,48,5
2839534,0,452,0,40,3,0,2,1,3,47,5
2839536,0,452,0,40,2,0,2,1,3,46,5
2767555,0,452,0,40,2,17,2,1,77,49,5
2824587,0,452,0,40,3,2,2,1,14,35,5
2827993,0,452,0,40,3,0,2,1,3,57,5
2771252,0,452,0,40,3,15,2,1,75,12,5
2826366,0,452,0,40,3,0,2,1,14,91,5
2820150,0,452,0,40,3,3,2,1,12,87,5
2827522,0,452,0,40,3,0,2,1,10,46,5
2823997,0,452,0,40,3,3,2,1,18,46,5
2786297,0,452,0,40,2,11,2,1,54,38,5
2823022,0,452,0,40,3,2,2,1,28,60,5
2819461,0,452,0,40,2,5,2,1,29,29,5
2828708,0,452,0,40,3,0,2,1,6,44,5
2814029,0,452,0,40,2,3,2,1,45,38,5
2791325,0,452,0,40,2,11,2,1,64,21,5
2768994,0,452,0,40,3,14,2,1,79,50,5
2828369,0,452,0,40,2,1,2,1,6,24,5
2820657,0,452,0,40,3,4,2,1,34,19,5
2829636,0,452,0,40,3,0,2,1,4,29,5
2822004,0,452,0,40,3,4,2,1,36,44,5
2821880,0,452,0,40,2,4,2,1,26,77,5
2828061,0,452,0,40,3,1,2,1,21,18,5
2829160,0,452,0,40,2,1,2,1,8,62,5
2829114,0,452,0,40,2,1,2,1,12,22,5
2829811,0,452,0,40,2,1,2,1,7,52,5
2830212,0,452,0,40,3,0,2,1,3,40,5
2829433,0,452,0,40,2,1,2,1,17,62,5
2805394,0,452,0,40,2,9,2,1,70,32,5
2829988,0,452,0,40,3,1,2,1,10,33,5
2830531,0,452,0,40,2,0,2,1,5,44,5
2830646,0,452,0,40,2,0,2,1,3,67,5
2830030,0,452,0,40,3,2,2,1,8,30,5
2830401,0,452,0,40,3,0,2,1,12,41,5
2830374,0,452,0,40,2,0,2,1,10,49,5
2830342,0,452,0,40,2,0,2,1,9,53,5
2830035,0,452,0,40,2,1,2,1,9,58,5
2830691,0,452,0,40,3,0,2,1,3,38,5
2830796,0,452,0,40,3,0,2,1,3,40,5
2830735,0,452,0,40,2,0,2,1,7,37,5
2829494,0,452,0,40,2,4,2,1,14,40,5
2825198,0,452,0,40,2,7,2,1,30,11,5
2822670,0,452,0,40,3,6,2,1,37,60,5
2828757,0,452,0,40,3,3,2,1,16,47,5
2830843,0,452,0,40,3,1,2,1,4,37,5
2830890,0,452,0,40,2,0,2,1,3,26,5
2830934,0,452,0,40,2,0,2,1,3,46,5
2830559,0,452,0,40,3,4,2,1,25,45,5
2830957,0,452,0,40,3,0,2,1,3,45,5
2830970,0,452,0,40,2,0,2,1,3,31,5
2831033,0,452,0,40,3,0,2,1,3,24,5
2831058,0,452,0,40,2,1,2,1,5,29,5
2831103,0,452,0,40,2,1,2,1,6,48,5
2831413,0,452,0,40,3,0,2,1,3,72,5
2831497,0,452,0,40,2,0,2,1,3,65,5
2831226,0,452,0,40,2,0,2,1,8,41,5
2831441,0,452,0,40,3,0,2,1,6,45,5
2831517,0,452,0,40,2,1,2,1,5,30,5
2831850,0,452,0,40,2,0,2,1,3,46,5
2831343,0,452,0,40,2,1,2,1,5,46,5
2831810,0,452,0,40,3,0,2,1,5,81,5
2831469,0,452,0,40,2,2,2,1,9,59,5
2832004,0,452,0,40,2,0,2,1,6,48,5
2832344,0,452,0,40,3,0,2,1,6,41,5
2833046,0,452,0,40,2,0,2,1,3,47,5
2832919,0,452,0,40,2,0,2,1,5,41,5
2832991,0,452,0,40,3,0,2,1,4,36,5
2833462,0,452,0,40,3,0,2,1,5,38,5
2833621,0,452,0,40,3,0,2,1,4,40,5
2833639,0,452,0,40,3,0,2,1,4,32,5
2834087,0,452,0,40,2,0,2,1,4,128,5
2832572,0,452,0,40,3,1,2,1,10,55,5
2833682,0,452,0,40,3,1,2,1,5,39,5
2833795,0,452,0,40,3,0,2,1,6,76,5
2834331,0,452,0,40,3,0,2,1,4,33,5
2836040,0,452,0,40,2,1,2,1,3,48,5
2835840,0,452,0,40,2,1,2,1,7,30,5
2835254,0,452,0,40,2,1,2,1,9,19,5
2835378,0,452,0,40,3,2,2,1,7,52,5
2833921,0,452,0,40,2,2,2,1,18,86,5
2835707,0,452,0,40,3,1,2,1,8,44,5
2834792,0,452,0,40,2,2,2,1,13,47,5
2836764,0,452,0,40,2,1,2,1,4,19,5
2833845,0,452,0,40,3,1,2,1,21,33,5
2834845,0,452,0,40,3,1,2,1,14,21,5
2835822,0,452,0,40,3,1,2,1,10,33,5
2835889,0,452,0,40,3,1,2,1,8,43,5
2832103,0,452,0,40,2,2,2,1,32,39,5
2832143,0,452,0,40,2,3,2,1,24,47,5
2836826,0,452,0,40,2,1,2,1,5,59,5
2834134,0,452,0,40,3,3,2,1,10,32,5
2834827,0,452,0,40,2,2,2,1,4,27,5
2837299,0,452,0,40,2,1,2,1,3,52,5
2834627,0,452,0,40,2,1,2,1,18,45,5
2835604,0,452,0,40,2,1,2,1,12,25,5
2834146,0,452,0,40,2,2,2,1,14,33,5
2828964,0,452,0,40,3,1,2,1,13,67,5
2834752,0,452,0,40,3,2,2,1,17,36,5
2832040,0,452,0,40,3,4,2,1,23,6,5
2834956,0,452,0,40,2,2,2,1,14,8,5
2834533,0,452,0,40,2,2,2,1,13,59,5
2837051,0,452,0,40,3,1,2,1,5,38,5
2836626,0,452,0,40,3,1,2,1,4,33,5
2837243,0,452,0,40,2,1,2,1,4,20,5
2832169,0,452,0,40,2,5,2,1,14,69,5
2836972,0,452,0,40,2,1,2,1,3,48,5
2837509,0,452,0,40,2,1,2,1,3,73,5
2833620,0,452,0,40,2,1,2,1,19,76,5
2834669,0,452,0,40,3,2,2,1,15,58,5
2835190,0,452,0,40,3,1,2,1,13,79,5
2835652,0,452,0,40,2,1,2,1,13,67,5
2835637,0,452,0,40,2,1,2,1,12,88,5
2835127,0,452,0,40,2,1,2,1,11,76,5
2835930,0,452,0,40,3,1,2,1,11,50,5
2834405,0,452,0,40,3,2,2,1,16,27,5
2833699,0,452,0,40,3,3,2,1,15,28,5
2836386,0,452,0,40,2,1,2,1,8,69,5
2834738,0,452,0,40,2,2,2,1,13,24,5
2832394,0,452,0,40,2,3,2,1,15,62,5
2836781,0,452,0,40,2,1,2,1,6,15,5
2824862,0,452,0,40,3,4,2,1,32,53,5
2833748,0,452,0,40,3,3,2,1,10,12,5
2835988,0,452,0,40,2,2,2,1,8,18,5
2836221,0,452,0,40,2,1,2,1,5,31,5
2837247,0,452,0,40,2,1,2,1,5,34,5
2835152,0,452,0,40,3,2,2,1,11,55,5
2835982,0,452,0,40,2,2,2,1,8,47,5
2832296,0,452,0,40,2,5,2,1,21,63,5
2837363,0,452,0,40,3,1,2,1,4,48,5
2837499,0,452,0,40,3,1,2,1,4,38,5
2833734,0,452,0,40,3,3,2,1,16,56,5
2836347,0,452,0,40,3,2,2,1,6,25,5
2837242,0,452,0,40,2,1,2,1,3,37,5
2837604,0,452,0,40,3,1,2,1,3,58,5
2837752,0,452,0,40,2,1,2,1,3,128,5
2824700,0,452,0,40,3,3,2,1,22,48,5
2833798,0,452,0,40,3,1,2,1,25,58,5
2834140,0,452,0,40,3,1,2,1,22,39,5
2834934,0,452,0,40,2,1,2,1,18,24,5
2835025,0,452,0,40,2,1,2,1,16,45,5
2835311,0,452,0,40,2,1,2,1,16,24,5
2835421,0,452,0,40,3,1,2,1,15,29,5
2834977,0,452,0,40,3,2,2,1,14,58,5
2835826,0,452,0,40,2,1,2,1,13,84,5
2834268,0,452,0,40,3,2,2,1,18,46,5
2832232,0,452,0,40,3,3,2,1,19,53,5
2834378,0,452,0,40,3,2,2,1,18,37,5
2836107,0,452,0,40,3,1,2,1,10,20,5
2835817,0,452,0,40,3,1,2,1,9,70,5
2831794,0,452,0,40,3,4,2,1,23,46,5
2834498,0,452,0,40,3,3,2,1,12,31,5
2831204,0,452,0,40,3,1,2,1,10,59,5
2833077,0,452,0,40,3,3,2,1,21,20,5
2834885,0,452,0,40,2,2,2,1,14,20,5
2836502,0,452,0,40,3,1,2,1,7,57,5
2836853,0,452,0,40,3,1,2,1,7,12,5
2833041,0,452,0,40,2,3,2,1,19,34,5
2836783,0,452,0,40,2,1,2,1,6,55,5
2837110,0,452,0,40,2,1,2,1,6,20,5
2837231,0,452,0,40,2,1,2,1,6,17,5
2834253,0,452,0,40,3,2,2,1,16,67,5
2835927,0,452,0,40,2,2,2,1,6,22,5
2832639,0,452,0,40,3,2,2,1,33,77,5
2836296,0,452,0,40,2,1,2,1,5,53,5
2837224,0,452,0,40,3,1,2,1,5,36,5
2837513,0,452,0,40,3,1,2,1,5,52,5
2833134,0,452,0,40,2,2,2,1,6,50,5
2835011,0,452,0,40,2,2,2,1,11,38,5
2836671,0,452,0,40,3,2,2,1,5,67,5
2837258,0,452,0,40,3,1,2,1,4,83,5
2837406,0,452,0,40,3,1,2,1,4,64,5
2837596,0,452,0,40,3,1,2,1,4,25,5
2837788,0,452,0,40,3,1,2,1,4,30,5
2832021,0,452,0,40,3,5,2,1,29,88,5
2833788,0,452,0,40,3,4,2,1,14,65,5
2836696,0,452,0,40,2,2,2,1,6,45,5
2827990,0,452,0,40,2,2,2,1,9,62,5
2837424,0,452,0,40,3,1,2,1,3,23,5
2837818,0,452,0,40,2,1,2,1,3,22,5
2838012,0,452,0,40,2,1,2,1,3,28,5
2834465,0,452,0,40,3,1,2,1,22,48,5
2834414,0,452,0,40,2,1,2,1,21,59,5
2834788,0,452,0,40,3,1,2,1,20,39,5
2832911,0,452,0,40,3,3,2,1,25,74,5
2835098,0,452,0,40,2,1,2,1,18,19,5
2833582,0,452,0,40,3,2,2,1,19,21,5
2831860,0,452,0,40,3,4,2,1,40,48,5
2833710,0,452,0,40,3,3,2,1,22,48,5
2835880,0,452,0,40,2,1,2,1,13,79,5
2835233,0,452,0,40,3,2,2,1,15,32,5
2835733,0,452,0,40,2,1,2,1,12,103,5
2836110,0,452,0,40,2,1,2,1,12,45,5
2835222,0,452,0,40,2,2,2,1,12,72,5
2836167,0,452,0,40,2,1,2,1,11,62,5
2834489,0,452,0,40,2,2,2,1,17,50,5
2833278,0,452,0,40,3,4,2,1,18,99,5
2836860,0,452,0,40,3,1,2,1,9,12,5
2832341,0,452,0,40,3,4,2,1,25,20,5
2832901,0,452,0,40,3,4,2,1,25,47,5
2837007,0,452,0,40,2,1,2,1,8,69,5
2832795,0,452,0,40,3,2,2,1,15,34,5
2834133,0,452,0,40,2,3,2,1,11,35,5
2835808,0,452,0,40,2,2,2,1,11,64,5
2837281,0,452,0,40,3,1,2,1,7,32,5
2833280,0,452,0,40,3,3,2,1,20,25,5
2835756,0,452,0,40,3,2,2,1,8,28,5
2836651,0,452,0,40,2,2,2,1,7,29,5
2836821,0,452,0,40,3,2,2,1,8,9,5
2837028,0,452,0,40,2,1,2,1,6,26,5
2837451,0,452,0,40,2,1,2,1,6,58,5
2833008,0,452,0,40,3,2,2,1,8,61,5
2832824,0,452,0,40,3,4,2,1,15,31,5
2833111,0,452,0,40,2,4,2,1,13,41,5
2832666,0,452,0,40,3,4,2,1,20,34,5
2833364,0,452,0,40,3,4,2,1,22,57,5
2837768,0,452,0,40,2,1,2,1,5,28,5
2835087,0,452,0,40,2,2,2,1,8,21,5
2831806,0,452,0,40,2,4,2,1,26,27,5
2834999,0,452,0,40,2,3,2,1,8,92,5
2836615,0,452,0,40,2,2,2,1,7,24,5
2833453,0,452,0,40,2,4,2,1,12,37,5
2836784,0,452,0,40,3,2,2,1,8,34,5
2837496,0,452,0,40,3,1,2,1,4,72,5
2837753,0,452,0,40,3,1,2,1,4,75,5
2837852,0,452,0,40,2,1,2,1,4,31,5
2837974,0,452,0,40,3,1,2,1,4,47,5
2829247,0,452,0,40,3,1,2,1,6,63,5
2834301,0,452,0,40,3,3,2,1,9,28,5
2836412,0,452,0,40,3,2,2,1,4,40,5
2836458,0,452,0,40,2,2,2,1,6,34,5
2834696,0,452,0,40,2,3,2,1,15,48,5
2836524,0,452,0,40,3,3,2,1,5,33,5
2834475,0,452,0,40,3,3,2,1,17,64,5
2837294,0,452,0,40,2,1,2,1,3,44,5
2837791,0,452,0,40,3,1,2,1,3,66,5
2838089,0,452,0,40,3,1,2,1,3,44,5
2838159,0,452,0,40,3,1,2,1,3,33,5
2829037,0,452,0,40,2,1,2,1,3,54,5
2832586,0,452,0,40,3,1,2,1,3,35,5
2832510,0,452,0,40,3,3,2,1,29,19,5
2835120,0,452,0,40,2,1,2,1,19,19,5
2832518,0,452,0,40,2,2,2,1,29,25,5
2833839,0,452,0,40,2,2,2,1,16,27,5
2835824,0,452,0,40,2,1,2,1,15,37,5
2835743,0,452,0,40,2,1,2,1,14,45,5
2834583,0,452,0,40,3,2,2,1,21,67,5
2835685,0,452,0,40,3,1,2,1,13,83,5
2836206,0,452,0,40,3,1,2,1,13,34,5
2835204,0,452,0,40,2,2,2,1,13,41,5
2836007,0,452,0,40,2,1,2,1,12,33,5
2836095,0,452,0,40,2,1,2,1,12,60,5
2836329,0,452,0,40,2,1,2,1,12,33,5
2833732,0,452,0,40,3,2,2,1,15,24,5
2835224,0,452,0,40,2,2,2,1,12,40,5
2834794,0,452,0,40,3,3,2,1,17,20,5
2836318,0,452,0,40,2,1,2,1,11,37,5
2836463,0,452,0,40,2,1,2,1,11,38,5
2836591,0,452,0,40,2,1,2,1,11,52,5
2831726,0,452,0,40,2,4,2,1,34,38,5
2834152,0,452,0,40,2,2,2,1,21,41,5
2836870,0,452,0,40,3,1,2,1,10,39,5
2831845,0,452,0,40,3,4,2,1,20,91,5
2836638,0,452,0,40,3,1,2,1,9,34,5
2836905,0,452,0,40,2,1,2,1,9,25,5
2830222,0,452,0,40,2,2,2,1,13,44,5
2835524,0,452,0,40,3,2,2,1,12,21,5
2835900,0,452,0,40,3,2,2,1,13,57,5
2836982,0,452,0,40,2,1,2,1,8,46,5
2837151,0,452,0,40,2,1,2,1,8,90,5
2834345,0,452,0,40,2,2,2,1,14,38,5
2835239,0,452,0,40,2,3,2,1,15,33,5
2832224,0,452,0,40,3,4,2,1,26,79,5
2837036,0,452,0,40,3,1,2,1,7,70,5
2837491,0,452,0,40,2,1,2,1,7,45,5
2837529,0,452,0,40,3,1,2,1,7,12,5
2835236,0,452,0,40,3,2,2,1,10,26,5
2834952,0,452,0,40,3,2,2,1,16,24,5
2836247,0,452,0,40,2,2,2,1,9,33,5
2833896,0,452,0,40,2,4,2,1,21,47,5
2837462,0,452,0,40,2,1,2,1,6,31,5
2837776,0,452,0,40,3,1,2,1,6,102,5
2823761,0,452,0,40,3,5,2,1,51,71,5
2835884,0,452,0,40,3,2,2,1,9,40,5
2836178,0,452,0,40,3,2,2,1,9,26,5
2835089,0,452,0,40,3,3,2,1,11,28,5
2837384,0,452,0,40,2,1,2,1,5,23,5
2837813,0,452,0,40,2,1,2,1,5,38,5
2837976,0,452,0,40,3,1,2,1,5,49,5
2838048,0,452,0,40,2,1,2,1,5,25,5
2835659,0,452,0,40,2,2,2,1,7,31,5
2835508,0,452,0,40,3,3,2,1,10,26,5
2837147,0,452,0,40,3,2,2,1,6,60,5
2837595,0,452,0,40,3,1,2,1,4,95,5
2838035,0,452,0,40,2,1,2,1,4,52,5
2838103,0,452,0,40,2,1,2,1,4,44,5
2838139,0,452,0,40,3,1,2,1,4,75,5
2838189,0,452,0,40,3,1,2,1,4,21,5
2838261,0,452,0,40,2,1,2,1,4,63,5
2829429,0,452,0,40,2,1,2,1,6,56,5
2831687,0,452,0,40,3,1,2,1,4,12,5
2835061,0,452,0,40,2,2,2,1,12,19,5
2836776,0,452,0,40,3,2,2,1,4,28,5
2833119,0,452,0,40,2,5,2,1,21,23,5
2834515,0,452,0,40,3,2,2,1,18,48,5
2836139,0,452,0,40,3,2,2,1,8,43,5
2833802,0,452,0,40,3,3,2,1,24,30,5
2837273,0,452,0,40,2,2,2,1,5,46,5
2837204,0,452,0,40,3,2,2,1,6,49,5
2837801,0,452,0,40,2,2,2,1,4,38,5
2837811,0,452,0,40,3,1,2,1,3,37,5
2837917,0,452,0,40,3,1,2,1,3,29,5
2838188,0,452,0,40,3,1,2,1,3,10,5
2838236,0,452,0,40,3,1,2,1,3,52,5
2838293,0,452,0,40,3,1,2,1,3,8,5
2838361,0,452,0,40,3,1,2,1,3,43,5
2833475,0,452,0,40,3,2,2,1,27,39,5
2834930,0,452,0,40,2,1,2,1,21,58,5
2835032,0,452,0,40,2,1,2,1,20,56,5
2833264,0,452,0,40,3,2,2,1,27,39,5
2835043,0,452,0,40,2,1,2,1,18,64,5
2832070,0,452,0,40,2,1,2,1,18,30,5
2834235,0,452,0,40,2,2,2,1,19,68,5
2835836,0,452,0,40,2,1,2,1,16,70,5
2832835,0,452,0,40,3,4,2,1,24,16,5
2835765,0,452,0,40,2,1,2,1,14,41,5
2836021,0,452,0,40,3,1,2,1,14,55,5
2834085,0,452,0,40,2,2,2,1,26,32,5
2836131,0,452,0,40,2,1,2,1,13,34,5
2836269,0,452,0,40,3,1,2,1,13,89,5
2836363,0,452,0,40,3,1,2,1,13,25,5
2834262,0,452,0,40,2,2,2,1,19,54,5
2836201,0,452,0,40,3,1,2,1,12,64,5
2836378,0,452,0,40,3,1,2,1,12,31,5
2836633,0,452,0,40,2,1,2,1,12,56,5
2834599,0,452,0,40,2,2,2,1,17,20,5
2832935,0,452,0,40,3,2,2,1,33,62,5
2836165,0,452,0,40,3,1,2,1,11,30,5
2835245,0,452,0,40,3,2,2,1,14,65,5
2835275,0,452,0,40,3,2,2,1,16,28,5
2836212,0,452,0,40,3,2,2,1,12,37,5
2837039,0,452,0,40,3,1,2,1,10,32,5
2835129,0,452,0,40,3,2,2,1,13,76,5
2832573,0,452,0,40,2,3,2,1,27,46,5
2835598,0,452,0,40,2,3,2,1,11,31,5
2833803,0,452,0,40,2,4,2,1,18,54,5
2836879,0,452,0,40,3,1,2,1,9,74,5
2833675,0,452,0,40,3,1,2,1,12,38,5
2832944,0,452,0,40,2,4,2,1,20,42,5
2835413,0,452,0,40,2,2,2,1,13,41,5
2834634,0,452,0,40,2,2,2,1,19,40,5
2837068,0,452,0,40,2,1,2,1,8,66,5
2837180,0,452,0,40,2,1,2,1,8,25,5
2837505,0,452,0,40,2,1,2,1,8,28,5
2835768,0,452,0,40,3,2,2,1,8,73,5
2835212,0,452,0,40,3,2,2,1,13,39,5
2834096,0,452,0,40,3,3,2,1,10,69,5
2835543,0,452,0,40,3,2,2,1,10,71,5
2835906,0,452,0,40,2,2,2,1,14,41,5
2837518,0,452,0,40,2,1,2,1,7,73,5
2837698,0,452,0,40,3,1,2,1,7,39,5
2837814,0,452,0,40,3,1,2,1,7,36,5
2835252,0,452,0,40,3,2,2,1,12,39,5
2836647,0,452,0,40,3,2,2,1,9,48,5
2836745,0,452,0,40,3,2,2,1,8,22,5
2837432,0,452,0,40,3,1,2,1,6,22,5
2837613,0,452,0,40,2,1,2,1,6,33,5
2837781,0,452,0,40,2,1,2,1,6,45,5
2837984,0,452,0,40,3,1,2,1,6,69,5
2835764,0,452,0,40,3,2,2,1,7,38,5
2835617,0,452,0,40,3,2,2,1,9,24,5
2835961,0,452,0,40,3,2,2,1,10,22,5
2833386,0,452,0,40,2,3,2,1,20,42,5
2835165,0,452,0,40,2,3,2,1,13,52,5
2834985,0,452,0,40,3,3,2,1,11,76,5
2837958,0,452,0,40,3,2,2,1,6,72,5
2837611,0,452,0,40,2,1,2,1,5,37,5
2837971,0,452,0,40,3,1,2,1,5,21,5
2838083,0,452,0,40,2,1,2,1,5,37,5
2838213,0,452,0,40,2,1,2,1,5,28,5
2823838,0,452,0,40,2,3,2,1,14,57,5
2832899,0,452,0,40,2,4,2,1,14,80,5
2833791,0,452,0,40,2,3,2,1,14,82,5
2833477,0,452,0,40,2,4,2,1,19,58,5
2833056,0,452,0,40,3,4,2,1,20,21,5
2836747,0,452,0,40,2,2,2,1,5,55,5
2838305,0,452,0,40,3,1,2,1,4,32,5
2838437,0,452,0,40,2,1,2,1,4,60,5
2837215,0,452,0,40,2,2,2,1,4,67,5
2836089,0,452,0,40,3,2,2,1,8,64,5
2835849,0,452,0,40,3,3,2,1,6,49,5
2832717,0,452,0,40,3,3,2,1,27,53,5
2837647,0,452,0,40,2,1,2,1,3,46,5
2838009,0,452,0,40,2,1,2,1,3,46,5
2838222,0,452,0,40,3,1,2,1,3,30,5
2838348,0,452,0,40,2,1,2,1,3,48,5
2838690,0,452,0,40,2,1,2,1,3,37,5
2825596,0,452,0,40,3,4,2,1,23,46,5
2823865,0,452,0,40,2,10,2,1,31,44,5
2835039,0,452,0,40,3,1,2,1,18,26,5
2835678,0,452,0,40,2,1,2,1,17,8,5
2833711,0,452,0,40,2,3,2,1,17,64,5
2832437,0,452,0,40,3,5,2,1,24,24,5
2834643,0,452,0,40,3,3,2,1,18,32,5
2836411,0,452,0,40,3,1,2,1,14,24,5
2834657,0,452,0,40,2,2,2,1,15,38,5
2834874,0,452,0,40,3,2,2,1,16,52,5
2835536,0,452,0,40,3,2,2,1,14,60,5
2837119,0,452,0,40,2,1,2,1,11,45,5
2835992,0,452,0,40,3,2,2,1,11,73,5
2833418,0,452,0,40,3,4,2,1,22,49,5
2837229,0,452,0,40,3,1,2,1,10,28,5
2834926,0,452,0,40,2,2,2,1,16,54,5
2832088,0,452,0,40,3,4,2,1,31,57,5
2836755,0,452,0,40,2,1,2,1,9,25,5
2837373,0,452,0,40,3,1,2,1,9,66,5
2833358,0,452,0,40,2,3,2,1,19,38,5
2835936,0,452,0,40,3,2,2,1,12,29,5
2835139,0,452,0,40,2,4,2,1,12,26,5
2832889,0,452,0,40,3,4,2,1,27,24,5
2837530,0,452,0,40,2,1,2,1,8,24,5
2837804,0,452,0,40,3,1,2,1,8,39,5
2833262,0,452,0,40,3,4,2,1,22,17,5
2833605,0,452,0,40,2,4,2,1,19,31,5
2837190,0,452,0,40,3,1,2,1,7,25,5
2837334,0,452,0,40,2,1,2,1,7,76,5
2837954,0,452,0,40,3,1,2,1,7,59,5
2833941,0,452,0,40,3,4,2,1,18,23,5
2834397,0,452,0,40,2,2,2,1,21,59,5
2835232,0,452,0,40,3,3,2,1,11,23,5
2836462,0,452,0,40,2,2,2,1,7,25,5
2837580,0,452,0,40,2,1,2,1,6,35,5
2837835,0,452,0,40,2,1,2,1,6,45,5
2838051,0,452,0,40,3,1,2,1,6,34,5
2838123,0,452,0,40,3,1,2,1,6,20,5
2838173,0,452,0,40,3,1,2,1,6,71,5
2834660,0,452,0,40,2,2,2,1,14,41,5
2833827,0,452,0,40,2,2,2,1,23,115,5
2834044,0,452,0,40,2,2,2,1,10,45,5
2836750,0,452,0,40,3,2,2,1,9,41,5
2831879,0,452,0,40,2,7,2,1,30,44,5
2836611,0,452,0,40,2,2,2,1,12,68,5
2837965,0,452,0,40,3,1,2,1,5,46,5
2838112,0,452,0,40,2,1,2,1,5,49,5
2838337,0,452,0,40,2,1,2,1,5,52,5
2838475,0,452,0,40,3,1,2,1,5,36,5
2830010,0,452,0,40,2,1,2,1,5,38,5
2834396,0,452,0,40,3,3,2,1,14,59,5
2831374,0,452,0,40,3,2,2,1,6,10,5
2837809,0,452,0,40,2,2,2,1,5,16,5
2837945,0,452,0,40,3,1,2,1,4,66,5
2838364,0,452,0,40,2,1,2,1,4,69,5
2838524,0,452,0,40,3,1,2,1,4,56,5
2838580,0,452,0,40,2,1,2,1,4,31,5
2838614,0,452,0,40,2,1,2,1,4,36,5
2832259,0,452,0,40,2,4,2,1,20,46,5
2836028,0,452,0,40,3,2,2,1,10,13,5
2836439,0,452,0,40,2,2,2,1,9,55,5
2836522,0,452,0,40,2,2,2,1,4,26,5
2837419,0,452,0,40,2,2,2,1,6,26,5
2837866,0,452,0,40,3,2,2,1,4,42,5
2836901,0,452,0,40,3,2,2,1,9,57,5
2837666,0,452,0,40,3,2,2,1,6,44,5
2838787,0,452,0,40,3,1,2,1,3,47,5
2830011,0,452,0,40,3,1,2,1,6,29,5
2834707,0,452,0,40,2,1,2,1,22,95,5
2836010,0,452,0,40,3,1,2,1,17,51,5
2835455,0,452,0,40,3,3,2,1,18,70,5
2836632,0,452,0,40,2,1,2,1,13,37,5
2836756,0,452,0,40,3,1,2,1,13,51,5
2833515,0,452,0,40,2,4,2,1,23,44,5
2835926,0,452,0,40,3,2,2,1,16,39,5
2833246,0,452,0,40,3,4,2,1,24,51,5
2834715,0,452,0,40,3,2,2,1,20,49,5
2835596,0,452,0,40,2,2,2,1,13,43,5
2837868,0,452,0,40,3,1,2,1,8,47,5
2833857,0,452,0,40,3,4,2,1,17,36,5
2838237,0,452,0,40,2,1,2,1,7,44,5
2832926,0,452,0,40,2,1,2,1,7,27,5
2836207,0,452,0,40,2,2,2,1,12,36,5
2838421,0,452,0,40,2,1,2,1,6,76,5
2838471,0,452,0,40,2,1,2,1,6,77,5
2833448,0,452,0,40,2,1,2,1,6,40,5
2836119,0,452,0,40,2,2,2,1,9,23,5
2838166,0,452,0,40,2,1,2,1,5,40,5
2834367,0,452,0,40,3,3,2,1,12,22,5
2836802,0,452,0,40,3,2,2,1,5,20,5
2836304,0,452,0,40,2,2,2,1,9,30,5
2833435,0,452,0,40,2,4,2,1,20,49,5
2838753,0,452,0,40,2,1,2,1,4,26,5
2832010,0,452,0,40,3,1,2,1,5,30,5
2832507,0,452,0,40,3,2,2,1,10,38,5
2838942,0,452,0,40,3,1,2,1,3,49,5
2839021,0,452,0,40,2,1,2,1,3,57,5
2839249,0,452,0,40,2,1,2,1,3,70,5
2826683,0,452,0,40,2,2,2,1,7,56,5
2822537,0,452,0,40,3,5,2,1,28,40,5
2832175,0,452,0,40,2,1,2,1,6,53,5
2834002,0,452,0,40,3,1,2,1,28,49,5
2835983,0,452,0,40,2,1,2,1,16,39,5
2836262,0,452,0,40,3,1,2,1,15,96,5
2834529,0,452,0,40,3,2,2,1,21,44,5
2833356,0,452,0,40,2,1,2,1,11,66,5
2836868,0,452,0,40,3,3,2,1,11,38,5
2834038,0,452,0,40,3,4,2,1,17,27,5
2832780,0,452,0,40,3,2,2,1,9,33,5
2831192,0,452,0,40,3,2,2,1,7,10,5
2838334,0,452,0,40,3,1,2,1,5,32,5
2833940,0,452,0,40,2,4,2,1,23,85,5
2836116,0,452,0,40,2,3,2,1,8,58,5
2838888,0,452,0,40,3,1,2,1,3,38,5
2838122,0,452,0,40,3,0,2,1,2,22,5
2838250,0,452,0,40,2,0,2,1,2,35,5
2838330,0,452,0,40,2,0,2,1,2,16,5
2838394,0,452,0,40,3,0,2,1,2,45,5
2838458,0,452,0,40,2,0,2,1,2,30,5
2838515,0,452,0,40,2,0,2,1,2,65,5
2838547,0,452,0,40,3,0,2,1,2,33,5
2838579,0,452,0,40,3,0,2,1,2,43,5
2838611,0,452,0,40,2,0,2,1,2,38,5
2838643,0,452,0,40,2,0,2,1,2,29,5
2838675,0,452,0,40,2,0,2,1,2,38,5
2838715,0,452,0,40,2,0,2,1,2,46,5
2838747,0,452,0,40,2,0,2,1,2,22,5
2838772,0,452,0,40,2,0,2,1,2,41,5
2838788,0,452,0,40,3,0,2,1,2,100,5
2838804,0,452,0,40,3,0,2,1,2,28,5
2838820,0,452,0,40,3,0,2,1,2,32,5
2838836,0,452,0,40,2,0,2,1,2,65,5
2838852,0,452,0,40,2,0,2,1,2,93,5
2838868,0,452,0,40,3,0,2,1,2,58,5
2838884,0,452,0,40,2,0,2,1,2,33,5
2838900,0,452,0,40,2,0,2,1,2,34,5
2838916,0,452,0,40,2,0,2,1,2,41,5
2838932,0,452,0,40,3,0,2,1,2,31,5
2838948,0,452,0,40,2,0,2,1,2,65,5
2838964,0,452,0,40,3,0,2,1,2,18,5
2838980,0,452,0,40,3,0,2,1,2,59,5
2838996,0,452,0,40,2,0,2,1,2,116,5
2839010,0,452,0,40,2,0,2,1,2,68,5
2839018,0,452,0,40,3,0,2,1,2,41,5
2839026,0,452,0,40,3,0,2,1,2,61,5
2839034,0,452,0,40,3,0,2,1,2,32,5
2839042,0,452,0,40,2,0,2,1,2,74,5
2839050,0,452,0,40,3,0,2,1,2,12,5
2839058,0,452,0,40,3,0,2,1,2,62,5
2839066,0,452,0,40,2,0,2,1,2,41,5
2839074,0,452,0,40,3,0,2,1,2,12,5
2839082,0,452,0,40,3,0,2,1,2,85,5
2839090,0,452,0,40,2,0,2,1,2,104,5
2839098,0,452,0,40,3,0,2,1,2,43,5
2839106,0,452,0,40,2,0,2,1,2,41,5
2839118,0,452,0,40,2,0,2,1,2,60,5
2839126,0,452,0,40,2,0,2,1,2,32,5
2839134,0,452,0,40,3,0,2,1,2,21,5
2839142,0,452,0,40,2,0,2,1,2,67,5
2839150,0,452,0,40,3,0,2,1,2,24,5
2839158,0,452,0,40,3,0,2,1,2,58,5
2839166,0,452,0,40,3,0,2,1,2,65,5
2839174,0,452,0,40,2,0,2,1,2,54,5
2839182,0,452,0,40,3,0,2,1,2,38,5
2839190,0,452,0,40,3,0,2,1,2,16,5
2839198,0,452,0,40,3,0,2,1,2,30,5
2839206,0,452,0,40,3,0,2,1,2,25,5
2839214,0,452,0,40,2,0,2,1,2,47,5
2839222,0,452,0,40,3,0,2,1,2,57,5
2839230,0,452,0,40,2,0,2,1,2,31,5
2839238,0,452,0,40,3,0,2,1,2,80,5
2839246,0,452,0,40,2,0,2,1,2,13,5
2839254,0,452,0,40,3,0,2,1,2,34,5
2839262,0,452,0,40,3,0,2,1,2,28,5
2839270,0,452,0,40,2,0,2,1,2,49,5
2839278,0,452,0,40,2,0,2,1,2,38,5
2839286,0,452,0,40,3,0,2,1,2,27,5
2839291,0,452,0,40,2,0,2,1,2,72,5
2839295,0,452,0,40,2,0,2,1,2,45,5
2839299,0,452,0,40,3,0,2,1,2,35,5
2839303,0,452,0,40,3,0,2,1,2,10,5
2839307,0,452,0,40,2,0,2,1,2,38,5
2839311,0,452,0,40,2,0,2,1,2,27,5
2839315,0,452,0,40,2,0,2,1,2,35,5
2839319,0,452,0,40,2,0,2,1,2,55,5
2839323,0,452,0,40,2,0,2,1,2,40,5
2839327,0,452,0,40,2,0,2,1,2,41,5
2839331,0,452,0,40,2,0,2,1,2,36,5
2839335,0,452,0,40,2,0,2,1,2,51,5
2839339,0,452,0,40,3,0,2,1,2,67,5
2839343,0,452,0,40,3,0,2,1,2,71,5
2839347,0,452,0,40,3,0,2,1,2,37,5
2839351,0,452,0,40,3,0,2,1,2,38,5
2839355,0,452,0,40,2,0,2,1,2,64,5
2839359,0,452,0,40,3,0,2,1,2,52,5
2839363,0,452,0,40,3,0,2,1,2,48,5
2839367,0,452,0,40,3,0,2,1,2,30,5
2839371,0,452,0,40,3,0,2,1,2,62,5
2839375,0,452,0,40,3,0,2,1,2,64,5
2839379,0,452,0,40,3,0,2,1,2,14,5
2839383,0,452,0,40,2,0,2,1,2,53,5
2839387,0,452,0,40,3,0,2,1,2,34,5
2839391,0,452,0,40,2,0,2,1,2,33,5
2839395,0,452,0,40,3,0,2,1,2,37,5
2839399,0,452,0,40,3,0,2,1,2,16,5
2839403,0,452,0,40,3,0,2,1,2,35,5
2839407,0,452,0,40,3,0,2,1,2,103,5
2839411,0,452,0,40,2,0,2,1,2,19,5
2839415,0,452,0,40,3,0,2,1,2,88,5
2839419,0,452,0,40,3,0,2,1,2,62,5
2839423,0,452,0,40,2,0,2,1,2,21,5
2839427,0,452,0,40,3,0,2,1,2,32,5
2839431,0,452,0,40,2,0,2,1,2,51,5
2839435,0,452,0,40,3,0,2,1,2,33,5
2839439,0,452,0,40,2,0,2,1,2,24,5
2839443,0,452,0,40,3,0,2,1,2,42,5
2839447,0,452,0,40,3,0,2,1,2,16,5
2839451,0,452,0,40,3,0,2,1,2,66,5
2839455,0,452,0,40,2,0,2,1,2,38,5
2839459,0,452,0,40,3,0,2,1,2,37,5
2839463,0,452,0,40,2,0,2,1,2,20,5
2839467,0,452,0,40,3,0,2,1,2,24,5
2839471,0,452,0,40,3,0,2,1,2,40,5
2839475,0,452,0,40,2,0,2,1,2,23,5
2839479,0,452,0,40,3,0,2,1,2,65,5
2839483,0,452,0,40,3,0,2,1,2,19,5
2839487,0,452,0,40,2,0,2,1,2,52,5
2839491,0,452,0,40,2,0,2,1,2,16,5
2839495,0,452,0,40,2,0,2,1,2,41,5
2839499,0,452,0,40,2,0,2,1,2,45,5
2839503,0,452,0,40,3,0,2,1,2,40,5
2839507,0,452,0,40,2,0,2,1,2,43,5
2839511,0,452,0,40,3,0,2,1,2,113,5
2839515,0,452,0,40,3,0,2,1,2,26,5
2839519,0,452,0,40,3,0,2,1,2,24,5
2839523,0,452,0,40,2,0,2,1,2,30,5
2839527,0,452,0,40,2,0,2,1,2,78,5
2839531,0,452,0,40,2,0,2,1,2,53,5
2839535,0,452,0,40,2,0,2,1,2,54,5
2839538,0,452,0,40,3,0,2,1,2,23,5
2839540,0,452,0,40,2,0,2,1,2,25,5
2839542,0,452,0,40,2,0,2,1,2,36,5
2839544,0,452,0,40,3,0,2,1,2,47,5
2839546,0,452,0,40,3,0,2,1,2,28,5
2839548,0,452,0,40,2,0,2,1,2,45,5
2839550,0,452,0,40,3,0,2,1,2,51,5
2839552,0,452,0,40,2,0,2,1,2,49,5
2839554,0,452,0,40,3,0,2,1,2,19,5
2839556,0,452,0,40,2,0,2,1,2,35,5
2839558,0,452,0,40,2,0,2,1,2,47,5
2839560,0,452,0,40,2,0,2,1,2,39,5
2839562,0,452,0,40,2,0,2,1,2,48,5
2839564,0,452,0,40,2,0,2,1,2,43,5
2839566,0,452,0,40,2,0,2,1,2,51,5
2839568,0,452,0,40,2,0,2,1,2,30,5
2839570,0,452,0,40,2,0,2,1,2,40,5
2839572,0,452,0,40,3,0,2,1,2,27,5
2839574,0,452,0,40,3,0,2,1,2,26,5
2839576,0,452,0,40,2,0,2,1,2,25,5
2839578,0,452,0,40,3,0,2,1,2,33,5
2839580,0,452,0,40,3,0,2,1,2,51,5
2839582,0,452,0,40,2,0,2,1,2,20,5
2839584,0,452,0,40,2,0,2,1,2,62,5
2839586,0,452,0,40,3,0,2,1,2,32,5
2839588,0,452,0,40,2,0,2,1,2,61,5
2839590,0,452,0,40,3,0,2,1,2,51,5
2839592,0,452,0,40,2,0,2,1,2,21,5
2839594,0,452,0,40,2,0,2,1,2,38,5
2839596,0,452,0,40,2,0,2,1,2,41,5
2839598,0,452,0,40,2,0,2,1,2,49,5
2839600,0,452,0,40,3,0,2,1,2,60,5
2839602,0,452,0,40,2,0,2,1,2,48,5
2839604,0,452,0,40,3,0,2,1,2,93,5
2839606,0,452,0,40,2,0,2,1,2,54,5
2839608,0,452,0,40,2,0,2,1,2,50,5
2839610,0,452,0,40,3,0,2,1,2,25,5
2839612,0,452,0,40,2,0,2,1,2,64,5
2839614,0,452,0,40,3,0,2,1,2,78,5
2839616,0,452,0,40,3,0,2,1,2,65,5
2839618,0,452,0,40,2,0,2,1,2,35,5
2839620,0,452,0,40,2,0,2,1,2,71,5
2839622,0,452,0,40,3,0,2,1,2,16,5
2839624,0,452,0,40,2,0,2,1,2,39,5
2839626,0,452,0,40,3,0,2,1,2,41,5
2839628,0,452,0,40,2,0,2,1,2,52,5
2839630,0,452,0,40,3,0,2,1,2,53,5
2839632,0,452,0,40,2,0,2,1,2,39,5
2839634,0,452,0,40,2,0,2,1,2,48,5
2839636,0,452,0,40,3,0,2,1,2,52,5
2839638,0,452,0,40,3,0,2,1,2,73,5
2839640,0,452,0,40,3,0,2,1,2,64,5
2839642,0,452,0,40,2,0,2,1,2,73,5
2839644,0,452,0,40,2,0,2,1,2,45,5
2839646,0,452,0,40,3,0,2,1,2,29,5
2839648,0,452,0,40,2,0,2,1,2,50,5
2839650,0,452,0,40,2,0,2,1,2,62,5
2839652,0,452,0,40,3,0,2,1,2,51,5
2839654,0,452,0,40,3,0,2,1,2,27,5
2839656,0,452,0,40,3,0,2,1,2,31,5
2839658,0,452,0,40,2,0,2,1,2,19,5
2839660,0,452,0,40,2,0,2,1,2,31,5
2839662,0,452,0,40,2,0,2,1,2,34,5
2839664,0,452,0,40,2,0,2,1,2,55,5
2839666,0,452,0,40,3,0,2,1,2,14,5
2839668,0,452,0,40,3,0,2,1,2,69,5
2839670,0,452,0,40,3,0,2,1,2,29,5
2839672,0,452,0,40,2,0,2,1,2,32,5
2839674,0,452,0,40,2,0,2,1,2,44,5
2839676,0,452,0,40,2,0,2,1,2,42,5
2839678,0,452,0,40,3,0,2,1,2,23,5
2839680,0,452,0,40,2,0,2,1,2,43,5
2839682,0,452,0,40,2,0,2,1,2,97,5
2839684,0,452,0,40,2,0,2,1,2,50,5
2839686,0,452,0,40,2,0,2,1,2,35,5
2839688,0,452,0,40,3,0,2,1,2,53,5
2839690,0,452,0,40,2,0,2,1,2,30,5
2839692,0,452,0,40,3,0,2,1,2,52,5
2839694,0,452,0,40,3,0,2,1,2,25,5
2839696,0,452,0,40,3,0,2,1,2,36,5
2839698,0,452,0,40,2,0,2,1,2,57,5
2839700,0,452,0,40,2,0,2,1,2,64,5
2839702,0,452,0,40,2,0,2,1,2,42,5
2839704,0,452,0,40,3,0,2,1,2,36,5
2839706,0,452,0,40,3,0,2,1,2,29,5
2839708,0,452,0,40,3,0,2,1,2,74,5
2839710,0,452,0,40,2,0,2,1,2,61,5
2839712,0,452,0,40,2,0,2,1,2,8,5
2839714,0,452,0,40,2,0,2,1,2,47,5
2839716,0,452,0,40,3,0,2,1,2,49,5
2839718,0,452,0,40,2,0,2,1,2,29,5
2839720,0,452,0,40,2,0,2,1,2,77,5
2839722,0,452,0,40,3,0,2,1,2,45,5
2839724,0,452,0,40,3,0,2,1,2,43,5
2839726,0,452,0,40,3,0,2,1,2,61,5
2839728,0,452,0,40,2,0,2,1,2,21,5
2839730,0,452,0,40,2,0,2,1,2,17,5
2839732,0,452,0,40,3,0,2,1,2,33,5
2839734,0,452,0,40,3,0,2,1,2,43,5
2839736,0,452,0,40,2,0,2,1,2,19,5
2839738,0,452,0,40,2,0,2,1,2,62,5
2839740,0,452,0,40,3,0,2,1,2,55,5
2839742,0,452,0,40,2,0,2,1,2,60,5
2839744,0,452,0,40,2,0,2,1,2,58,5
2839746,0,452,0,40,2,0,2,1,2,23,5
2839748,0,452,0,40,2,0,2,1,2,84,5
2839750,0,452,0,40,2,0,2,1,2,25,5
2839752,0,452,0,40,2,0,2,1,2,64,5
2839754,0,452,0,40,2,0,2,1,2,49,5
2839756,0,452,0,40,2,0,2,1,2,26,5
2839758,0,452,0,40,3,0,2,1,2,26,5
2839760,0,452,0,40,2,0,2,1,2,25,5
2839762,0,452,0,40,3,0,2,1,2,41,5
2839764,0,452,0,40,2,0,2,1,2,60,5
2839766,0,452,0,40,2,0,2,1,2,56,5
2839768,0,452,0,40,3,0,2,1,2,68,5
2839770,0,452,0,40,3,0,2,1,2,41,5
2839772,0,452,0,40,3,0,2,1,2,37,5
2839774,0,452,0,40,2,0,2,1,2,18,5
2839776,0,452,0,40,3,0,2,1,2,58,5
2839778,0,452,0,40,3,0,2,1,2,63,5
2839780,0,452,0,40,3,0,2,1,2,90,5
2839782,0,452,0,40,2,0,2,1,2,26,5
2839784,0,452,0,40,2,0,2,1,2,123,5
2839786,0,452,0,40,3,0,2,1,2,47,5
2839788,0,452,0,40,3,0,2,1,2,117,5
2839790,0,452,0,40,2,0,2,1,2,56,5
2839792,0,452,0,40,2,0,2,1,2,28,5
2839794,0,452,0,40,2,0,2,1,2,17,5
2839796,0,452,0,40,2,0,2,1,2,24,5
2839798,0,452,0,40,2,0,2,1,2,16,5
2839800,0,452,0,40,2,0,2,1,2,48,5
2839802,0,452,0,40,2,0,2,1,2,34,5
2839804,0,452,0,40,3,0,2,1,2,23,5
2839806,0,452,0,40,3,0,2,1,2,22,5
2839808,0,452,0,40,2,0,2,1,2,64,5
2839810,0,452,0,40,3,0,2,1,2,45,5
2839812,0,452,0,40,3,0,2,1,2,32,5
2839814,0,452,0,40,2,0,2,1,2,37,5
2839816,0,452,0,40,3,0,2,1,2,36,5
2839818,0,452,0,40,2,0,2,1,2,45,5
2839820,0,452,0,40,3,0,2,1,2,33,5
2839822,0,452,0,40,3,0,2,1,2,21,5
2827232,0,452,0,40,2,1,2,1,4,78,5
2821182,0,452,0,40,2,3,2,1,23,43,5
2827437,0,452,0,40,2,1,2,1,3,58,5
2823861,0,452,0,40,3,4,2,1,16,39,5
2822796,0,452,0,40,2,4,2,1,15,29,5
2827897,0,452,0,40,2,1,2,1,4,26,5
2792591,0,452,0,40,3,11,2,1,54,15,5
2828082,0,452,0,40,3,0,2,1,8,39,5
2828840,0,452,0,40,3,0,2,1,8,38,5
2829257,0,452,0,40,2,0,2,1,7,16,5
2818815,0,452,0,40,2,5,2,1,33,30,5
2825851,0,452,0,40,3,3,2,1,19,35,5
2807254,0,452,0,40,2,6,2,1,57,25,5
2828537,0,452,0,40,3,1,2,1,9,71,5
2828809,0,452,0,40,3,1,2,1,7,46,5
2828108,0,452,0,40,3,1,2,1,10,38,5
2797912,0,452,0,40,3,11,2,1,52,51,5
2756645,0,452,0,40,2,14,2,1,114,28,5
2827017,0,452,0,40,3,2,2,1,9,28,5
2818868,0,452,0,40,3,4,2,1,35,48,5
2823889,0,452,0,40,3,4,2,1,27,58,5
2828857,0,452,0,40,2,1,2,1,12,40,5
2829619,0,452,0,40,3,0,2,1,4,27,5
2766833,1,452,166,35.2641,3,18,2,1,83,14,5
2829301,0,452,0,40,3,1,2,1,9,53,5
2829506,0,452,0,40,2,1,2,1,5,26,5
2827752,0,452,0,40,2,1,2,1,19,29,5
2823219,0,452,0,40,2,4,2,1,21,44,5
2829927,0,452,0,40,2,0,2,1,6,98,5
2828448,0,452,0,40,2,3,2,1,16,32,5
2784636,0,452,0,40,2,14,2,1,81,31,5
2829341,0,452,0,40,2,1,2,1,11,34,5
2815173,0,452,0,40,2,6,2,1,57,19,5
2830377,0,452,0,40,2,0,2,1,4,77,5
2830391,0,452,0,40,3,0,2,1,5,67,5
2827918,0,452,0,40,3,2,2,1,18,18,5
2830437,0,452,0,40,2,0,2,1,3,40,5
2829460,0,452,0,40,2,1,2,1,8,50,5
2809144,0,452,0,40,2,6,2,1,61,39,5
2830462,0,452,0,40,2,0,2,1,5,47,5
2830396,0,452,0,40,3,0,2,1,8,98,5
2826537,0,452,0,40,2,3,2,1,33,27,5
2824923,0,452,0,40,3,2,2,1,33,29,5
2830411,0,452,0,40,3,1,2,1,8,69,5
2830521,0,452,0,40,3,0,2,1,11,15,5
2830328,0,452,0,40,3,2,2,1,9,45,5
2825010,0,452,0,40,2,5,2,1,32,18,5
2830115,0,452,0,40,2,2,2,1,21,47,5
2830722,0,452,0,40,2,1,2,1,7,44,5
2830817,0,452,0,40,2,0,2,1,12,12,5
2830919,0,452,0,40,3,1,2,1,6,61,5
2830947,0,452,0,40,3,0,2,1,16,35,5
2831211,0,452,0,40,3,0,2,1,3,50,5
2831188,0,452,0,40,3,1,2,1,5,41,5
2831479,0,452,0,40,3,0,2,1,2,49,5
2831561,0,452,0,40,2,0,2,1,3,41,5
2831585,0,452,0,40,2,0,2,1,3,53,5
2831393,0,452,0,40,3,0,2,1,11,50,5
2831811,0,452,0,40,3,0,2,1,4,43,5
2831992,0,452,0,40,3,0,2,1,4,11,5
2831243,0,452,0,40,2,3,2,1,6,63,5
2832247,0,452,0,40,2,0,2,1,3,69,5
2831981,0,452,0,40,2,1,2,1,7,64,5
2832457,0,452,0,40,2,0,2,1,3,37,5
2832608,0,452,0,40,2,0,2,1,2,52,5
2832566,0,452,0,40,3,0,2,1,4,33,5
2831487,0,452,0,40,2,3,2,1,13,26,5
2833601,0,452,0,40,2,0,2,1,2,63,5
2832676,0,452,0,40,2,1,2,1,5,82,5
2832272,0,452,0,40,3,1,2,1,12,11,5
2833311,0,452,0,40,3,0,2,1,6,25,5
2832540,0,452,0,40,2,1,2,1,8,71,5
2832663,0,452,0,40,3,1,2,1,10,77,5
2833871,0,452,0,40,2,0,2,1,3,40,5
