id,inf_state,current_time,infected_time,ct_value,ct_type_method,number_of_bites,species,sex,current_age,death_day,sim_number,
1756659,0,1270,0,40,3,2,2,1,57,34,2
1762447,0,1270,0,40,3,1,2,1,49,26,2
1743297,0,1270,0,40,3,8,2,1,98,49,2
1758743,0,1270,0,40,3,2,2,1,53,53,2
1768490,0,1270,0,40,2,0,2,1,43,36,2
1752909,0,1270,0,40,2,5,2,1,53,20,2
1769549,0,1270,0,40,2,0,2,1,42,39,2
1738217,0,1270,0,40,2,8,2,1,67,17,2
1753387,0,1270,0,40,3,5,2,1,67,34,2
1770968,0,1270,0,40,3,0,2,1,39,22,2
1741008,0,1270,0,40,3,4,2,1,64,51,2
1767173,0,1270,0,40,3,1,2,1,40,30,2
1756902,0,1270,0,40,3,3,2,1,60,35,2
1770985,0,1270,0,40,3,0,2,1,38,4,2
1771332,0,1270,0,40,3,0,2,1,38,46,2
1767729,0,1270,0,40,3,1,2,1,39,28,2
1746642,0,1270,0,40,2,6,2,1,70,32,2
1753385,0,1270,0,40,2,4,2,1,66,26,2
1755171,0,1270,0,40,3,4,2,1,66,28,2
1742145,0,1270,0,40,2,3,2,1,70,74,2
1758288,0,1270,0,40,2,3,2,1,57,39,2
1742856,0,1270,0,40,3,4,2,1,54,58,2
1764228,0,1270,0,40,3,3,2,1,46,37,2
1772417,0,1270,0,40,3,0,2,1,35,28,2
1747405,0,1270,0,40,2,5,2,1,78,39,2
1745706,0,1270,0,40,3,6,2,1,71,62,2
1768696,0,1270,0,40,2,1,2,1,38,53,2
1756176,0,1270,0,40,3,5,2,1,58,33,2
1763641,0,1270,0,40,2,2,2,1,46,59,2
1772888,0,1270,0,40,3,0,2,1,34,20,2
1743160,0,1270,0,40,3,2,2,1,51,40,2
1768700,0,1270,0,40,3,1,2,1,35,68,2
1758342,0,1270,0,40,3,5,2,1,45,52,2
1764982,0,1270,0,40,2,2,2,1,44,31,2
1746237,0,1270,0,40,2,7,2,1,89,43,2
1766196,0,1270,0,40,2,2,2,1,37,43,2
1753085,0,1270,0,40,2,4,2,1,59,41,2
1770857,0,1270,0,40,2,1,2,1,34,42,2
1771336,0,1270,0,40,3,1,2,1,35,54,2
1771700,0,1270,0,40,2,1,2,1,34,45,2
1770990,0,1270,0,40,2,2,2,1,34,44,2
1750744,0,1270,0,40,2,7,2,1,69,49,2
1767044,0,1270,0,40,2,1,2,1,42,31,2
1760480,0,1270,0,40,3,3,2,1,42,35,2
1764546,0,1270,0,40,2,2,2,1,46,37,2
1742672,0,1270,0,40,2,4,2,1,68,40,2
1775192,0,1270,0,40,3,0,2,1,31,66,2
1739585,0,1270,0,40,2,4,2,1,70,28,2
1755023,0,1270,0,40,2,4,2,1,59,65,2
1770977,0,1270,0,40,3,1,2,1,33,45,2
1748520,0,1270,0,40,3,7,2,1,73,41,2
1759018,0,1270,0,40,3,3,2,1,49,59,2
1743916,0,1270,0,40,3,4,2,1,48,23,2
1744306,0,1270,0,40,3,3,2,1,57,27,2
1774336,0,1270,0,40,2,1,2,1,31,32,2
1775441,0,1270,0,40,3,0,2,1,30,60,2
1740877,0,1270,0,40,3,3,2,1,40,40,2
1769338,0,1270,0,40,3,1,2,1,31,22,2
1771541,0,1270,0,40,2,1,2,1,31,29,2
1745308,0,1270,0,40,2,6,2,1,88,30,2
1741230,0,1270,0,40,3,6,2,1,62,26,2
1741737,0,1270,0,40,3,7,2,1,55,28,2
1773227,0,1270,0,40,3,1,2,1,31,43,2
1770248,0,1270,0,40,2,2,2,1,35,69,2
1771253,0,1270,0,40,2,1,2,1,34,49,2
1773279,0,1270,0,40,3,1,2,1,32,49,2
1749482,0,1270,0,40,2,8,2,1,69,62,2
1774975,0,1270,0,40,2,0,2,1,29,49,2
1776052,0,1270,0,40,2,0,2,1,29,51,2
1737054,0,1270,0,40,2,9,2,1,70,45,2
1770083,0,1270,0,40,2,1,2,1,31,54,2
1763700,0,1270,0,40,3,2,2,1,40,34,2
1760426,0,1270,0,40,3,1,2,1,55,54,2
1764825,0,1270,0,40,2,2,2,1,44,61,2
1765614,0,1270,0,40,2,3,2,1,39,43,2
1757016,0,1270,0,40,3,3,2,1,62,37,2
1758518,0,1270,0,40,2,3,2,1,49,20,2
1764466,0,1270,0,40,2,5,2,1,40,31,2
1753277,0,1270,0,40,3,5,2,1,61,52,2
1753274,0,1270,0,40,3,7,2,1,60,14,2
1730034,0,1270,0,40,3,8,2,1,88,38,2
1751408,0,1270,0,40,2,6,2,1,61,42,2
1764879,0,1270,0,40,2,3,2,1,39,33,2
1774747,0,1270,0,40,3,0,2,1,28,76,2
1775773,0,1270,0,40,2,0,2,1,28,16,2
1776339,0,1270,0,40,2,0,2,1,28,78,2
1776359,0,1270,0,40,3,0,2,1,28,47,2
1776427,0,1270,0,40,2,0,2,1,28,40,2
1776603,0,1270,0,40,2,0,2,1,28,30,2
1750147,0,1270,0,40,2,4,2,1,70,12,2
1762184,0,1270,0,40,2,3,2,1,36,39,2
1754471,0,1270,0,40,2,5,2,1,49,42,2
1745899,0,1270,0,40,3,5,2,1,53,47,2
1765476,0,1270,0,40,3,1,2,1,43,73,2
1769393,0,1270,0,40,2,1,2,1,36,63,2
1762675,0,1270,0,40,3,3,2,1,46,35,2
1768726,0,1270,0,40,3,2,2,1,29,32,2
1772996,0,1270,0,40,3,1,2,1,28,38,2
1749867,0,1270,0,40,2,6,2,1,73,36,2
1747296,0,1270,0,40,3,8,2,1,74,34,2
1766792,0,1270,0,40,2,2,2,1,40,32,2
1752988,0,1270,0,40,2,8,2,1,50,77,2
1765192,0,1270,0,40,3,1,2,1,43,96,2
1745289,0,1270,0,40,3,4,2,1,56,10,2
1774918,0,1270,0,40,3,1,2,1,29,73,2
1775160,0,1270,0,40,3,1,2,1,29,37,2
1759198,0,1270,0,40,2,5,2,1,49,89,2
1776260,0,1270,0,40,2,0,2,1,27,57,2
1776840,0,1270,0,40,3,0,2,1,27,39,2
1776938,0,1270,0,40,3,0,2,1,27,53,2
1777066,0,1270,0,40,2,0,2,1,27,22,2
1777122,0,1270,0,40,2,0,2,1,27,50,2
1777186,0,1270,0,40,3,0,2,1,27,30,2
1756369,0,1270,0,40,3,4,2,1,49,72,2
1756591,0,1270,0,40,3,4,2,1,52,71,2
1760800,0,1270,0,40,3,4,2,1,49,30,2
1773671,0,1270,0,40,2,1,2,1,27,59,2
1745778,0,1270,0,40,3,8,2,1,71,29,2
1750111,0,1270,0,40,2,7,2,1,61,19,2
1748131,0,1270,0,40,2,8,2,1,69,21,2
1774188,0,1270,0,40,2,1,2,1,29,23,2
1742809,0,1270,0,40,2,5,2,1,53,40,2
1763185,0,1270,0,40,2,2,2,1,46,59,2
1772477,0,1270,0,40,3,1,2,1,32,25,2
1764195,0,1270,0,40,2,3,2,1,36,19,2
1763086,0,1270,0,40,2,4,2,1,43,34,2
1776236,0,1270,0,40,3,1,2,1,27,85,2
1754019,0,1270,0,40,3,4,2,1,56,79,2
1774891,0,1270,0,40,2,0,2,1,26,63,2
1775083,0,1270,0,40,3,0,2,1,26,84,2
1776494,0,1270,0,40,2,0,2,1,26,27,2
1776742,0,1270,0,40,2,0,2,1,26,18,2
1777115,0,1270,0,40,3,0,2,1,26,70,2
1777293,0,1270,0,40,2,0,2,1,26,26,2
1777807,0,1270,0,40,3,0,2,1,26,35,2
1737310,0,1270,0,40,3,7,2,1,68,61,2
1750593,0,1270,0,40,3,6,2,1,63,48,2
1741623,0,1270,0,40,3,5,2,1,74,55,2
1772051,0,1270,0,40,2,1,2,1,28,52,2
1743585,0,1270,0,40,2,4,2,1,70,24,2
1748934,0,1270,0,40,3,10,2,1,56,55,2
1772069,0,1270,0,40,2,1,2,1,30,57,2
1743102,0,1270,0,40,2,5,2,1,65,5,2
1742260,0,1270,0,40,2,2,2,1,45,30,2
1766519,0,1270,0,40,2,4,2,1,36,26,2
1762487,0,1270,0,40,2,2,2,1,43,13,2
1756845,0,1270,0,40,3,3,2,1,49,27,2
1771426,0,1270,0,40,3,2,2,1,32,64,2
1742779,0,1270,0,40,3,3,2,1,42,26,2
1752785,0,1270,0,40,3,5,2,1,52,23,2
1773141,0,1270,0,40,2,1,2,1,32,59,2
1762420,0,1270,0,40,3,4,2,1,39,42,2
1749343,0,1270,0,40,2,5,2,1,74,39,2
1764815,0,1270,0,40,3,3,2,1,44,48,2
1757061,0,1270,0,40,3,5,2,1,45,23,2
1740109,0,1270,0,40,2,2,2,1,57,42,2
1765815,0,1270,0,40,2,3,2,1,42,49,2
1776884,0,1270,0,40,2,1,2,1,26,25,2
1772165,0,1270,0,40,2,1,2,1,35,60,2
1761927,0,1270,0,40,3,5,2,1,42,42,2
1777502,0,1270,0,40,2,0,2,1,25,50,2
1777680,0,1270,0,40,3,0,2,1,25,46,2
1777832,0,1270,0,40,2,0,2,1,25,58,2
1777898,0,1270,0,40,2,0,2,1,25,36,2
1778268,0,1270,0,40,3,0,2,1,25,67,2
1771170,0,1270,0,40,2,1,2,1,28,39,2
1755722,0,1270,0,40,2,3,2,1,50,31,2
1771988,0,1270,0,40,3,1,2,1,29,18,2
1733844,0,1270,0,40,3,7,2,1,72,53,2
1767778,0,1270,0,40,2,3,2,1,34,67,2
1740851,0,1270,0,40,2,7,2,1,54,76,2
1770108,0,1270,0,40,3,2,2,1,30,49,2
1740480,0,1270,0,40,2,4,2,1,44,16,2
1771001,0,1270,0,40,3,2,2,1,29,36,2
1741744,0,1270,0,40,2,3,2,1,49,43,2
1753871,0,1270,0,40,2,5,2,1,52,24,2
1765586,0,1270,0,40,2,2,2,1,36,63,2
1762568,0,1270,0,40,2,5,2,1,32,12,2
1772933,0,1270,0,40,2,2,2,1,28,36,2
1758522,0,1270,0,40,2,4,2,1,43,56,2
1771791,0,1270,0,40,2,1,2,1,30,65,2
1765826,0,1270,0,40,2,3,2,1,36,47,2
1773564,0,1270,0,40,2,2,2,1,28,39,2
1770485,0,1270,0,40,3,2,2,1,35,79,2
1772321,0,1270,0,40,3,2,2,1,31,51,2
1766030,0,1270,0,40,3,4,2,1,41,18,2
1777814,0,1270,0,40,3,0,2,1,24,36,2
1777889,0,1270,0,40,3,0,2,1,24,44,2
1778225,0,1270,0,40,2,0,2,1,24,21,2
1778366,0,1270,0,40,3,0,2,1,24,39,2
1778754,0,1270,0,40,2,0,2,1,24,56,2
1742063,0,1270,0,40,2,0,2,1,36,65,2
1771730,0,1270,0,40,3,1,2,1,27,50,2
1772999,0,1270,0,40,2,1,2,1,25,42,2
1764381,0,1270,0,40,2,3,2,1,33,59,2
1735777,0,1270,0,40,3,11,2,1,70,25,2
1755064,0,1270,0,40,2,6,2,1,49,38,2
1757688,0,1270,0,40,2,4,2,1,43,59,2
1767334,0,1270,0,40,3,3,2,1,31,54,2
1741646,0,1270,0,40,3,5,2,1,74,24,2
1744864,0,1270,0,40,3,5,2,1,42,36,2
1740306,0,1270,0,40,3,5,2,1,53,46,2
1736930,0,1270,0,40,3,13,2,1,97,23,2
1772854,0,1270,0,40,2,1,2,1,28,30,2
1744691,0,1270,0,40,3,8,2,1,64,101,2
1770484,0,1270,0,40,3,2,2,1,28,62,2
1741960,0,1270,0,40,2,5,2,1,37,75,2
1766340,0,1270,0,40,2,3,2,1,32,47,2
1769146,0,1270,0,40,3,1,2,1,39,68,2
1753312,0,1270,0,40,3,7,2,1,57,48,2
1767129,0,1270,0,40,3,3,2,1,32,26,2
1745876,0,1270,0,40,2,6,2,1,49,37,2
1745489,0,1270,0,40,3,8,2,1,77,49,2
1772858,0,1270,0,40,3,1,2,1,25,38,2
1768772,0,1270,0,40,3,1,2,1,40,33,2
1767430,0,1270,0,40,3,2,2,1,41,59,2
1762968,0,1270,0,40,3,4,2,1,38,14,2
1774893,0,1270,0,40,3,1,2,1,27,41,2
1760268,0,1270,0,40,2,2,2,1,55,29,2
1769247,0,1270,0,40,3,2,2,1,33,37,2
1776748,0,1270,0,40,2,1,2,1,25,103,2
1766898,0,1270,0,40,3,4,2,1,32,78,2
1761015,0,1270,0,40,3,4,2,1,53,39,2
1778131,0,1270,0,40,3,0,2,1,23,19,2
1778463,0,1270,0,40,2,0,2,1,23,21,2
1778927,0,1270,0,40,3,0,2,1,23,37,2
1778951,0,1270,0,40,3,0,2,1,23,38,2
1779221,0,1270,0,40,3,0,2,1,23,27,2
1779383,0,1270,0,40,3,0,2,1,23,35,2
1771540,0,1270,0,40,3,1,2,1,28,46,2
1758790,0,1270,0,40,3,5,2,1,39,16,2
1756857,0,1270,0,40,3,6,2,1,47,48,2
1770999,0,1270,0,40,3,1,2,1,29,73,2
1774590,0,1270,0,40,2,1,2,1,25,44,2
1750003,0,1270,0,40,3,6,2,1,65,27,2
1773022,0,1270,0,40,2,2,2,1,25,69,2
1760302,0,1270,0,40,2,4,2,1,34,16,2
1765968,0,1270,0,40,3,2,2,1,38,34,2
1735175,0,1270,0,40,3,10,2,1,64,50,2
1744805,0,1270,0,40,2,9,2,1,89,34,2
1775410,0,1270,0,40,2,1,2,1,23,34,2
1775981,0,1270,0,40,2,1,2,1,23,54,2
1760132,0,1270,0,40,3,4,2,1,46,55,2
1771675,0,1270,0,40,3,2,2,1,30,37,2
1754827,0,1270,0,40,3,4,2,1,64,21,2
1753575,0,1270,0,40,2,6,2,1,57,66,2
1776021,0,1270,0,40,2,1,2,1,24,53,2
1749801,0,1270,0,40,2,6,2,1,68,44,2
1740291,0,1270,0,40,3,6,2,1,70,35,2
1771238,0,1270,0,40,3,2,2,1,33,62,2
1741434,0,1270,0,40,2,5,2,1,54,22,2
1772188,0,1270,0,40,2,2,2,1,28,19,2
1775298,0,1270,0,40,3,1,2,1,25,48,2
1744557,0,1270,0,40,3,6,2,1,48,83,2
1741304,0,1270,0,40,3,3,2,1,37,80,2
1751040,0,1270,0,40,3,4,2,1,65,37,2
1769766,0,1270,0,40,2,1,2,1,36,21,2
1761120,0,1270,0,40,3,3,2,1,44,20,2
1733570,0,1270,0,40,3,7,2,1,67,48,2
1774182,0,1270,0,40,3,1,2,1,31,57,2
1774725,0,1270,0,40,3,1,2,1,28,22,2
1775497,0,1270,0,40,3,1,2,1,28,97,2
1764510,0,1270,0,40,3,3,2,1,42,81,2
1774406,0,1270,0,40,3,3,2,1,26,46,2
1767861,0,1270,0,40,2,3,2,1,31,55,2
1738289,0,1270,0,40,2,6,2,1,52,22,2
1773241,0,1270,0,40,2,1,2,1,33,61,2
1768356,0,1270,0,40,2,2,2,1,34,33,2
1750464,0,1270,0,40,2,11,2,1,54,23,2
1777823,0,1270,0,40,3,0,2,1,22,62,2
1777839,0,1270,0,40,2,0,2,1,22,26,2
1778926,0,1270,0,40,2,0,2,1,22,64,2
1779018,0,1270,0,40,2,0,2,1,22,60,2
1779030,0,1270,0,40,3,0,2,1,22,19,2
1779050,0,1270,0,40,3,0,2,1,22,13,2
1779346,0,1270,0,40,3,0,2,1,22,32,2
1779669,0,1270,0,40,2,0,2,1,22,28,2
1779717,0,1270,0,40,3,0,2,1,22,21,2
1779797,0,1270,0,40,3,0,2,1,22,21,2
1779809,0,1270,0,40,3,0,2,1,22,65,2
1779855,0,1270,0,40,2,0,2,1,22,43,2
1779889,0,1270,0,40,3,0,2,1,22,45,2
1745396,0,1270,0,40,3,4,2,1,31,43,2
1741570,0,1270,0,40,2,6,2,1,48,44,2
1770744,0,1270,0,40,3,1,2,1,31,16,2
1741719,0,1270,0,40,2,4,2,1,45,74,2
1749295,0,1270,0,40,3,7,2,1,65,29,2
1738848,0,1270,0,40,3,4,2,1,55,50,2
1761857,0,1270,0,40,3,3,2,1,39,51,2
1732258,0,1270,0,40,2,4,2,1,68,50,2
1753900,0,1270,0,40,2,6,2,1,55,55,2
1771140,0,1270,0,40,3,2,2,1,26,47,2
1774495,0,1270,0,40,2,1,2,1,23,54,2
1776136,0,1270,0,40,3,1,2,1,23,42,2
1776137,0,1270,0,40,2,1,2,1,22,38,2
1769544,0,1270,0,40,3,1,2,1,36,25,2
1760684,0,1270,0,40,2,5,2,1,41,58,2
1768254,0,1270,0,40,3,2,2,1,33,17,2
1765372,0,1270,0,40,3,3,2,1,32,37,2
1768631,0,1270,0,40,2,3,2,1,32,32,2
1765021,0,1270,0,40,2,3,2,1,37,43,2
1749030,0,1270,0,40,3,7,2,1,57,66,2
1752556,0,1270,0,40,3,5,2,1,53,64,2
1742182,0,1270,0,40,2,8,2,1,68,127,2
1771518,0,1270,0,40,2,2,2,1,29,35,2
1773945,0,1270,0,40,3,1,2,1,24,46,2
1776184,0,1270,0,40,3,1,2,1,24,31,2
1776657,0,1270,0,40,2,1,2,1,23,43,2
1770807,0,1270,0,40,2,2,2,1,25,98,2
1743387,0,1270,0,40,2,8,2,1,49,43,2
1775035,0,1270,0,40,3,1,2,1,22,40,2
1753563,0,1270,0,40,2,4,2,1,59,26,2
1764162,0,1270,0,40,3,3,2,1,35,62,2
1759072,0,1270,0,40,3,5,2,1,48,38,2
1771393,0,1270,0,40,3,2,2,1,26,61,2
1773495,0,1270,0,40,2,2,2,1,28,53,2
1685457,0,1270,0,40,3,15,2,1,156,70,2
1753993,0,1270,0,40,2,5,2,1,54,39,2
1751368,0,1270,0,40,3,7,2,1,62,27,2
1744999,0,1270,0,40,2,7,2,1,91,29,2
1754949,0,1270,0,40,3,5,2,1,54,44,2
1773919,0,1270,0,40,3,1,2,1,29,65,2
1762078,0,1270,0,40,2,3,2,1,39,64,2
1752833,0,1270,0,40,2,8,2,1,48,73,2
1774031,0,1270,0,40,3,2,2,1,27,39,2
1775402,0,1270,0,40,2,1,2,1,25,27,2
1741813,0,1270,0,40,3,2,2,1,33,24,2
1770244,0,1270,0,40,3,3,2,1,27,17,2
1770100,0,1270,0,40,3,3,2,1,30,44,2
1748564,0,1270,0,40,3,6,2,1,80,52,2
1758261,0,1270,0,40,3,5,2,1,53,58,2
1776188,0,1270,0,40,2,1,2,1,27,43,2
1743375,0,1270,0,40,3,9,2,1,75,27,2
1768563,0,1270,0,40,2,4,2,1,30,65,2
1772894,0,1270,0,40,2,2,2,1,26,33,2
1764447,0,1270,0,40,2,4,2,1,32,25,2
1742780,1,1270,1235,21.4704,3,9,2,1,81,23,2
1778251,0,1270,0,40,2,1,2,1,22,22,2
1778997,0,1270,0,40,2,1,2,1,22,37,2
1743504,0,1270,0,40,3,9,2,1,98,55,2
1779619,0,1270,0,40,3,1,2,1,22,39,2
1779839,0,1270,0,40,2,1,2,1,22,29,2
1778677,0,1270,0,40,3,0,2,1,21,28,2
1779228,0,1270,0,40,2,0,2,1,21,14,2
1779452,0,1270,0,40,2,0,2,1,21,32,2
1779656,0,1270,0,40,3,0,2,1,21,20,2
1779688,0,1270,0,40,3,0,2,1,21,69,2
1779696,0,1270,0,40,3,0,2,1,21,22,2
1779800,0,1270,0,40,2,0,2,1,21,62,2
1779832,0,1270,0,40,2,0,2,1,21,27,2
1779928,0,1270,0,40,3,0,2,1,21,74,2
1779988,0,1270,0,40,3,0,2,1,21,61,2
1780020,0,1270,0,40,2,0,2,1,21,44,2
1780187,0,1270,0,40,3,0,2,1,21,71,2
1780207,0,1270,0,40,3,0,2,1,21,18,2
1780427,0,1270,0,40,3,0,2,1,21,47,2
1780511,0,1270,0,40,2,0,2,1,21,26,2
1758941,0,1270,0,40,2,3,2,1,45,45,2
1743064,0,1270,0,40,2,4,2,1,54,19,2
1773261,0,1270,0,40,2,1,2,1,26,64,2
1768365,0,1270,0,40,2,3,2,1,25,12,2
1765135,0,1270,0,40,3,5,2,1,36,16,2
1751289,0,1270,0,40,2,5,2,1,58,47,2
1770963,0,1270,0,40,3,2,2,1,26,31,2
1746761,0,1270,0,40,3,6,2,1,75,58,2
1770821,0,1270,0,40,3,3,2,1,24,39,2
1672862,0,1270,0,40,2,20,2,1,131,29,2
1761681,0,1270,0,40,3,3,2,1,40,26,2
1774150,0,1270,0,40,2,1,2,1,27,46,2
1776661,0,1270,0,40,2,1,2,1,22,22,2
1758695,0,1270,0,40,3,4,2,1,48,45,2
1757441,0,1270,0,40,3,5,2,1,52,47,2
1760841,0,1270,0,40,3,4,2,1,40,35,2
1769547,0,1270,0,40,2,2,2,1,32,20,2
1737146,0,1270,0,40,2,6,2,1,61,39,2
1775417,0,1270,0,40,2,1,2,1,25,49,2
1775912,0,1270,0,40,2,1,2,1,24,95,2
1739774,0,1270,0,40,2,7,2,1,72,19,2
1754525,0,1270,0,40,3,6,2,1,53,69,2
1775390,0,1270,0,40,2,1,2,1,21,37,2
1753042,0,1270,0,40,2,6,2,1,60,93,2
1743108,0,1270,0,40,3,1,2,1,30,18,2
1752863,0,1270,0,40,3,7,2,1,52,20,2
1776125,0,1270,0,40,2,1,2,1,24,30,2
1750587,0,1270,0,40,3,7,2,1,65,51,2
1745443,0,1270,0,40,2,3,2,1,46,22,2
1768428,0,1270,0,40,2,3,2,1,27,55,2
1759346,0,1270,0,40,2,6,2,1,38,56,2
1777756,0,1270,0,40,2,1,2,1,21,27,2
1778132,0,1270,0,40,2,1,2,1,21,52,2
1778298,0,1270,0,40,3,1,2,1,21,52,2
1661612,0,1270,0,40,2,21,2,1,153,58,2
1767230,0,1270,0,40,3,2,2,1,40,45,2
1770404,0,1270,0,40,3,2,2,1,31,57,2
1770634,0,1270,0,40,2,3,2,1,30,36,2
1758646,0,1270,0,40,3,5,2,1,48,65,2
1645122,0,1270,0,40,2,26,2,1,192,29,2
1775400,0,1270,0,40,3,1,2,1,26,31,2
1741599,0,1270,0,40,3,6,2,1,53,22,2
1774343,0,1270,0,40,3,1,2,1,25,46,2
1762249,0,1270,0,40,3,5,2,1,35,38,2
1751370,0,1270,0,40,2,6,2,1,44,19,2
1766485,0,1270,0,40,2,3,2,1,33,36,2
1776039,0,1270,0,40,2,1,2,1,23,65,2
1750087,0,1270,0,40,2,7,2,1,61,51,2
1733597,0,1270,0,40,2,7,2,1,55,84,2
1770563,0,1270,0,40,2,3,2,1,29,49,2
1778224,0,1270,0,40,2,1,2,1,22,38,2
1761986,0,1270,0,40,2,4,2,1,37,53,2
1747040,0,1270,0,40,2,7,2,1,81,80,2
1762781,0,1270,0,40,3,2,2,1,50,26,2
1776384,0,1270,0,40,2,1,2,1,25,63,2
1735329,0,1270,0,40,3,11,2,1,92,27,2
1777556,0,1270,0,40,2,1,2,1,23,51,2
1758439,0,1270,0,40,3,5,2,1,52,34,2
1754554,0,1270,0,40,2,3,2,1,65,31,2
1755630,0,1270,0,40,3,6,2,1,45,64,2
1741062,0,1270,0,40,2,3,2,1,57,32,2
1773226,0,1270,0,40,2,1,2,1,30,48,2
1750867,0,1270,0,40,3,5,2,1,68,57,2
1765594,0,1270,0,40,2,3,2,1,38,39,2
1766418,0,1270,0,40,2,3,2,1,37,22,2
1778584,0,1270,0,40,3,1,2,1,23,41,2
1756180,0,1270,0,40,3,4,2,1,54,65,2
1749560,0,1270,0,40,3,9,2,1,64,31,2
1772549,0,1270,0,40,3,2,2,1,27,15,2
1760756,0,1270,0,40,3,6,2,1,34,22,2
1779192,0,1270,0,40,3,0,2,1,20,39,2
1779518,0,1270,0,40,3,0,2,1,20,20,2
1779630,0,1270,0,40,3,0,2,1,20,37,2
1779934,0,1270,0,40,2,0,2,1,20,54,2
1780084,0,1270,0,40,2,0,2,1,20,57,2
1780164,0,1270,0,40,3,0,2,1,20,33,2
1780352,0,1270,0,40,3,0,2,1,20,69,2
1780452,0,1270,0,40,2,0,2,1,20,37,2
1780647,0,1270,0,40,2,0,2,1,20,49,2
1780679,0,1270,0,40,2,0,2,1,20,40,2
1780685,0,1270,0,40,3,0,2,1,20,63,2
1780899,0,1270,0,40,3,0,2,1,20,114,2
1780909,0,1270,0,40,3,0,2,1,20,64,2
1781117,0,1270,0,40,3,0,2,1,20,46,2
1770677,0,1270,0,40,3,1,2,1,20,20,2
1770162,0,1270,0,40,2,1,2,1,28,64,2
1765265,0,1270,0,40,2,3,2,1,34,30,2
1775111,0,1270,0,40,3,1,2,1,20,29,2
1746854,0,1270,0,40,3,5,2,1,76,20,2
1776224,0,1270,0,40,2,1,2,1,21,23,2
1772022,0,1270,0,40,3,2,2,1,26,30,2
1766644,0,1270,0,40,3,4,2,1,35,44,2
1773413,0,1270,0,40,3,1,2,1,27,24,2
1742284,0,1270,0,40,3,4,2,1,56,45,2
1760855,0,1270,0,40,3,3,2,1,42,29,2
1742523,0,1270,0,40,2,4,2,1,57,39,2
1775341,0,1270,0,40,3,1,2,1,23,57,2
1722083,0,1270,0,40,3,12,2,1,83,61,2
1742345,0,1270,0,40,2,4,2,1,38,15,2
1763638,0,1270,0,40,3,3,2,1,41,34,2
1758023,0,1270,0,40,3,3,2,1,52,10,2
1761346,0,1270,0,40,3,3,2,1,42,52,2
1747141,0,1270,0,40,2,7,2,1,69,29,2
1775763,0,1270,0,40,3,1,2,1,21,41,2
1747012,0,1270,0,40,3,8,2,1,70,20,2
1752850,0,1270,0,40,2,8,2,1,52,44,2
1773636,0,1270,0,40,3,1,2,1,28,24,2
1765719,0,1270,0,40,2,3,2,1,42,100,2
1775348,0,1270,0,40,2,1,2,1,24,57,2
1757513,0,1270,0,40,3,4,2,1,49,66,2
1774215,0,1270,0,40,3,1,2,1,23,87,2
1753975,0,1270,0,40,3,5,2,1,60,39,2
1773338,0,1270,0,40,2,2,2,1,23,18,2
1768406,0,1270,0,40,2,4,2,1,27,35,2
1741206,0,1270,0,40,2,6,2,1,43,56,2
1734018,0,1270,0,40,3,6,2,1,70,26,2
1767415,0,1270,0,40,3,2,2,1,30,40,2
1775257,0,1270,0,40,2,1,2,1,26,30,2
1743818,0,1270,0,40,3,8,2,1,62,40,2
1772064,0,1270,0,40,2,2,2,1,30,55,2
1759214,0,1270,0,40,2,6,2,1,38,34,2
1752194,0,1270,0,40,2,5,2,1,59,30,2
1777775,0,1270,0,40,3,1,2,1,22,9,2
1733136,0,1270,0,40,2,9,2,1,61,42,2
1763852,0,1270,0,40,3,3,2,1,40,49,2
1769451,0,1270,0,40,3,3,2,1,33,71,2
1757994,0,1270,0,40,2,7,2,1,41,46,2
1761867,0,1270,0,40,2,3,2,1,41,46,2
1753809,0,1270,0,40,2,6,2,1,65,37,2
1740170,0,1270,0,40,3,2,2,1,54,41,2
1768498,0,1270,0,40,3,3,2,1,31,73,2
1768694,0,1270,0,40,3,3,2,1,33,35,2
1769641,0,1270,0,40,3,4,2,1,34,47,2
1776810,0,1270,0,40,3,1,2,1,24,15,2
1765561,0,1270,0,40,3,3,2,1,35,50,2
1755703,0,1270,0,40,3,6,2,1,48,89,2
1764757,0,1270,0,40,2,3,2,1,39,39,2
1745027,0,1270,0,40,3,12,2,1,69,24,2
1734611,0,1270,0,40,3,11,2,1,79,14,2
1769781,0,1270,0,40,2,2,2,1,33,41,2
1760311,0,1270,0,40,3,4,2,1,44,31,2
1754439,0,1270,0,40,3,7,2,1,41,20,2
1741433,0,1270,0,40,2,3,2,1,35,35,2
1763569,0,1270,0,40,3,2,2,1,50,35,2
1735843,0,1270,0,40,3,9,2,1,76,110,2
1774140,0,1270,0,40,2,2,2,1,29,40,2
1767461,0,1270,0,40,3,4,2,1,30,31,2
1746006,0,1270,0,40,2,9,2,1,71,80,2
1776865,0,1270,0,40,2,1,2,1,21,117,2
1765675,0,1270,0,40,2,3,2,1,44,34,2
1764039,0,1270,0,40,3,3,2,1,44,48,2
1750085,0,1270,0,40,3,7,2,1,75,31,2
1760011,0,1270,0,40,3,5,2,1,44,48,2
1753140,0,1270,0,40,3,6,2,1,54,45,2
1748850,0,1270,0,40,2,6,2,1,71,61,2
1774927,0,1270,0,40,2,2,2,1,26,68,2
1756731,0,1270,0,40,3,7,2,1,49,42,2
1753723,0,1270,0,40,3,6,2,1,63,53,2
1779522,0,1270,0,40,2,0,2,1,19,18,2
1780166,0,1270,0,40,2,0,2,1,19,83,2
1780562,0,1270,0,40,3,0,2,1,19,84,2
1780774,0,1270,0,40,2,0,2,1,19,59,2
1780966,0,1270,0,40,2,0,2,1,19,30,2
1781201,0,1270,0,40,3,0,2,1,19,19,2
1781241,0,1270,0,40,2,0,2,1,19,62,2
1781293,0,1270,0,40,3,0,2,1,19,26,2
1781403,0,1270,0,40,3,0,2,1,19,53,2
1781411,0,1270,0,40,3,0,2,1,19,57,2
1781433,0,1270,0,40,3,0,2,1,19,49,2
1781451,0,1270,0,40,2,0,2,1,19,13,2
1781461,0,1270,0,40,3,0,2,1,19,18,2
1781475,0,1270,0,40,2,0,2,1,19,59,2
1781601,0,1270,0,40,2,0,2,1,19,61,2
1781623,0,1270,0,40,2,0,2,1,19,35,2
1781659,0,1270,0,40,2,0,2,1,19,21,2
1743369,0,1270,0,40,3,0,2,1,19,33,2
1772753,0,1270,0,40,3,1,2,1,24,45,2
1748853,0,1270,0,40,3,7,2,1,64,53,2
1775868,0,1270,0,40,2,1,2,1,19,39,2
1767875,0,1270,0,40,2,2,2,1,33,36,2
1771260,0,1270,0,40,2,2,2,1,22,42,2
1764690,0,1270,0,40,3,3,2,1,33,41,2
1755331,0,1270,0,40,3,3,2,1,58,60,2
1774969,0,1270,0,40,3,1,2,1,22,50,2
1775689,0,1270,0,40,3,2,2,1,21,50,2
1753298,0,1270,0,40,2,5,2,1,53,77,2
1775067,0,1270,0,40,2,1,2,1,20,27,2
1774914,0,1270,0,40,3,2,2,1,21,31,2
1748992,0,1270,0,40,2,7,2,1,63,34,2
1756224,0,1270,0,40,3,5,2,1,48,60,2
1772564,0,1270,0,40,2,2,2,1,25,56,2
1770793,1,1270,1238,27.028,3,2,2,1,27,17,2
1748405,0,1270,0,40,2,11,2,1,49,33,2
1738131,0,1270,0,40,2,3,2,1,48,42,2
1772740,0,1270,0,40,3,2,2,1,24,33,2
1771779,0,1270,0,40,2,2,2,1,27,49,2
1775230,0,1270,0,40,3,1,2,1,20,39,2
1769171,0,1270,0,40,3,2,2,1,27,42,2
1777636,0,1270,0,40,2,1,2,1,19,26,2
1746100,0,1270,0,40,3,1,2,1,30,48,2
1753412,0,1270,0,40,2,5,2,1,55,51,2
1771267,0,1270,0,40,3,2,2,1,31,31,2
1764446,0,1270,0,40,2,4,2,1,35,28,2
1775964,0,1270,0,40,2,1,2,1,24,16,2
1752769,0,1270,0,40,3,5,2,1,62,38,2
1745658,0,1270,0,40,2,12,2,1,66,39,2
1752956,0,1270,0,40,3,5,2,1,64,60,2
1738909,0,1270,0,40,3,6,2,1,47,57,2
1738885,0,1270,0,40,2,8,2,1,78,96,2
1771410,0,1270,0,40,3,3,2,1,27,39,2
1756156,1,1270,1249,18.9593,3,6,2,1,55,60,2
1742181,0,1270,0,40,3,5,2,1,49,38,2
1760813,0,1270,0,40,2,2,2,1,51,48,2
1760848,0,1270,0,40,3,4,2,1,47,29,2
1774398,0,1270,0,40,3,1,2,1,28,30,2
1663344,0,1270,0,40,3,16,2,1,190,37,2
1753075,0,1270,0,40,3,5,2,1,63,38,2
1753243,0,1270,0,40,2,5,2,1,63,51,2
1728644,0,1270,0,40,2,11,2,1,84,55,2
1774054,0,1270,0,40,3,2,2,1,24,12,2
1751853,0,1270,0,40,2,5,2,1,56,64,2
1763824,0,1270,0,40,3,4,2,1,41,78,2
1773820,0,1270,0,40,2,2,2,1,23,25,2
1760788,0,1270,0,40,2,4,2,1,43,28,2
1773066,0,1270,0,40,3,2,2,1,22,42,2
1777596,0,1270,0,40,2,1,2,1,21,52,2
1775226,0,1270,0,40,3,2,2,1,20,76,2
1758711,0,1270,0,40,3,4,2,1,52,21,2
1752557,0,1270,0,40,3,6,2,1,53,36,2
1756029,0,1270,0,40,3,4,2,1,62,35,2
1743927,1,1270,1251,33.301,2,5,2,1,48,36,2
1763766,0,1270,0,40,3,3,2,1,32,19,2
1774231,0,1270,0,40,3,1,2,1,24,19,2
1767843,0,1270,0,40,2,3,2,1,32,32,2
1758713,0,1270,0,40,2,5,2,1,45,29,2
1756854,0,1270,0,40,3,7,2,1,44,28,2
1745839,0,1270,0,40,2,8,2,1,68,53,2
1758508,0,1270,0,40,2,7,2,1,35,69,2
1770819,0,1270,0,40,3,2,2,1,31,41,2
1778847,0,1270,0,40,3,1,2,1,20,34,2
1738584,0,1270,0,40,3,8,2,1,62,72,2
1759646,0,1270,0,40,2,6,2,1,39,37,2
1765186,0,1270,0,40,3,4,2,1,36,29,2
1759826,0,1270,0,40,2,5,2,1,37,73,2
1779861,0,1270,0,40,3,1,2,1,19,26,2
1745102,0,1270,0,40,3,3,2,1,62,44,2
1774128,0,1270,0,40,3,1,2,1,31,23,2
1775079,0,1270,0,40,2,1,2,1,27,76,2
1768027,0,1270,0,40,2,2,2,1,38,49,2
1777648,0,1270,0,40,3,1,2,1,23,43,2
1757685,0,1270,0,40,3,5,2,1,46,25,2
1757645,0,1270,0,40,2,5,2,1,52,57,2
1778447,0,1270,0,40,2,1,2,1,21,51,2
1773431,0,1270,0,40,2,2,2,1,26,12,2
1742282,0,1270,0,40,3,7,2,1,37,61,2
1779330,0,1270,0,40,3,1,2,1,20,25,2
1771706,0,1270,0,40,2,2,2,1,25,57,2
1775251,0,1270,0,40,3,2,2,1,26,20,2
1780453,0,1270,0,40,3,1,2,1,19,57,2
1760881,0,1270,0,40,3,5,2,1,43,44,2
1769893,0,1270,0,40,3,3,2,1,32,30,2
1771492,0,1270,0,40,2,3,2,1,33,32,2
1744777,0,1270,0,40,2,10,2,1,92,98,2
1759992,0,1270,0,40,3,5,2,1,48,40,2
1753390,0,1270,0,40,2,6,2,1,50,38,2
1681403,0,1270,0,40,3,21,2,1,139,72,2
1757599,0,1270,0,40,2,3,2,1,62,23,2
1746233,0,1270,0,40,2,8,2,1,64,23,2
1757090,0,1270,0,40,3,3,2,1,62,49,2
1776430,0,1270,0,40,3,2,2,1,23,59,2
1779378,0,1270,0,40,2,1,2,1,22,42,2
1772660,0,1270,0,40,3,3,2,1,28,77,2
1778477,0,1270,0,40,3,0,2,1,18,24,2
1778781,0,1270,0,40,3,0,2,1,18,62,2
1778909,0,1270,0,40,2,0,2,1,18,37,2
1780130,0,1270,0,40,3,0,2,1,18,50,2
1780418,0,1270,0,40,2,0,2,1,18,67,2
1780466,0,1270,0,40,2,0,2,1,18,58,2
1780944,0,1270,0,40,2,0,2,1,18,44,2
1781248,0,1270,0,40,2,0,2,1,18,36,2
1781324,0,1270,0,40,3,0,2,1,18,63,2
1781360,0,1270,0,40,3,0,2,1,18,109,2
1781508,0,1270,0,40,2,0,2,1,18,47,2
1781556,0,1270,0,40,2,0,2,1,18,18,2
1781692,0,1270,0,40,2,0,2,1,18,78,2
1781720,0,1270,0,40,3,0,2,1,18,44,2
1781774,0,1270,0,40,2,0,2,1,18,19,2
1781916,0,1270,0,40,3,0,2,1,18,83,2
1781996,0,1270,0,40,2,0,2,1,18,47,2
1782022,0,1270,0,40,3,0,2,1,18,41,2
1782030,0,1270,0,40,3,0,2,1,18,28,2
1782038,0,1270,0,40,3,0,2,1,18,27,2
1782062,0,1270,0,40,3,0,2,1,18,22,2
1782090,0,1270,0,40,3,0,2,1,18,86,2
1782142,0,1270,0,40,2,0,2,1,18,43,2
1782156,0,1270,0,40,2,0,2,1,18,26,2
1782160,0,1270,0,40,2,0,2,1,18,31,2
1782258,0,1270,0,40,2,0,2,1,18,70,2
1782272,0,1270,0,40,3,0,2,1,18,42,2
1767298,0,1270,0,40,2,3,2,1,22,65,2
1741009,0,1270,0,40,2,3,2,1,48,46,2
1764712,0,1270,0,40,2,2,2,1,36,41,2
1733406,0,1270,0,40,3,11,2,1,64,71,2
1758319,0,1270,0,40,2,3,2,1,51,73,2
1771868,0,1270,0,40,3,2,2,1,26,51,2
1754122,0,1270,0,40,3,5,2,1,48,43,2
1761418,0,1270,0,40,3,4,2,1,36,21,2
1741349,0,1270,0,40,3,6,2,1,54,32,2
1776866,0,1270,0,40,2,1,2,1,18,53,2
1765176,0,1270,0,40,2,3,2,1,36,31,2
1769190,0,1270,0,40,2,2,2,1,32,33,2
1765462,0,1270,0,40,2,4,2,1,29,19,2
1757838,0,1270,0,40,3,3,2,1,46,24,2
1701118,0,1270,0,40,2,11,2,1,89,20,2
1771744,0,1270,0,40,2,2,2,1,21,51,2
1768253,0,1270,0,40,2,2,2,1,35,59,2
1752698,0,1270,0,40,2,5,2,1,61,29,2
1753175,0,1270,0,40,3,6,2,1,51,43,2
1757668,0,1270,0,40,2,4,2,1,40,15,2
1741823,0,1270,0,40,2,6,2,1,42,67,2
1769767,0,1270,0,40,2,3,2,1,26,24,2
1770322,0,1270,0,40,3,2,2,1,30,72,2
1771655,0,1270,0,40,2,2,2,1,23,39,2
1757606,0,1270,0,40,3,6,2,1,38,8,2
1759824,0,1270,0,40,2,2,2,1,48,38,2
1762618,0,1270,0,40,2,5,2,1,32,49,2
1759384,0,1270,0,40,3,3,2,1,46,44,2
1739999,0,1270,0,40,3,2,2,1,27,27,2
1769448,0,1270,0,40,2,3,2,1,27,21,2
1752629,0,1270,0,40,2,6,2,1,58,20,2
1747572,0,1270,0,40,3,13,2,1,65,46,2
1745481,0,1270,0,40,2,12,2,1,75,23,2
1777200,0,1270,0,40,2,1,2,1,21,127,2
1769313,0,1270,0,40,2,3,2,1,29,36,2
1763196,0,1270,0,40,2,5,2,1,30,79,2
1762239,0,1270,0,40,3,3,2,1,45,34,2
1774547,0,1270,0,40,3,2,2,1,22,39,2
1764933,0,1270,0,40,3,3,2,1,41,46,2
1765931,0,1270,0,40,3,3,2,1,35,52,2
1770633,0,1270,0,40,2,2,2,1,28,31,2
1751332,0,1270,0,40,3,7,2,1,60,12,2
1769612,0,1270,0,40,3,2,2,1,35,29,2
1772088,1,1270,1243,13.5446,3,3,2,1,27,47,2
1750532,0,1270,0,40,3,6,2,1,65,79,2
1770637,0,1270,0,40,2,2,2,1,26,46,2
1766942,0,1270,0,40,2,2,2,1,38,74,2
1778712,0,1270,0,40,3,1,2,1,19,57,2
1742534,0,1270,0,40,2,6,2,1,60,53,2
1764959,0,1270,0,40,2,4,2,1,30,67,2
1760499,0,1270,0,40,3,6,2,1,28,36,2
1777770,0,1270,0,40,3,1,2,1,18,31,2
1778407,0,1270,0,40,3,1,2,1,18,46,2
1778803,0,1270,0,40,2,1,2,1,18,35,2
1701222,0,1270,0,40,3,12,2,1,135,35,2
1755062,0,1270,0,40,3,5,2,1,59,33,2
1744599,0,1270,0,40,2,7,2,1,88,72,2
1776557,0,1270,0,40,2,1,2,1,24,105,2
1777341,0,1270,0,40,2,1,2,1,22,85,2
1777519,0,1270,0,40,3,1,2,1,22,46,2
1777745,0,1270,0,40,3,1,2,1,22,69,2
1756745,0,1270,0,40,3,5,2,1,56,137,2
1752272,0,1270,0,40,3,11,2,1,39,44,2
1751072,0,1270,0,40,3,8,2,1,54,33,2
1778448,0,1270,0,40,2,1,2,1,20,20,2
1770023,0,1270,0,40,2,3,2,1,26,69,2
1776695,0,1270,0,40,2,2,2,1,19,55,2
1762589,0,1270,0,40,3,3,2,1,46,24,2
1750116,0,1270,0,40,3,6,2,1,70,51,2
1773421,0,1270,0,40,2,3,2,1,26,50,2
1735904,0,1270,0,40,2,9,2,1,80,46,2
1749983,0,1270,0,40,2,6,2,1,69,27,2
1771709,0,1270,0,40,2,2,2,1,31,33,2
1759256,0,1270,0,40,3,4,2,1,42,45,2
1765662,0,1270,0,40,2,3,2,1,34,45,2
1753408,0,1270,0,40,3,7,2,1,57,71,2
1776206,0,1270,0,40,2,1,2,1,26,93,2
1768510,0,1270,0,40,2,2,2,1,34,60,2
1768651,0,1270,0,40,2,2,2,1,38,64,2
1764847,0,1270,0,40,3,5,2,1,34,55,2
1756999,0,1270,0,40,3,5,2,1,43,80,2
1761807,0,1270,0,40,2,4,2,1,40,57,2
1741801,0,1270,0,40,3,7,2,1,54,42,2
1774396,0,1270,0,40,2,2,2,1,25,73,2
1772806,0,1270,0,40,3,2,2,1,29,104,2
1748179,0,1270,0,40,2,10,2,1,50,39,2
1776674,0,1270,0,40,3,1,2,1,20,51,2
1778990,0,1270,0,40,2,1,2,1,19,49,2
1748502,0,1270,0,40,3,11,2,1,47,47,2
1747353,0,1270,0,40,3,10,2,1,73,56,2
1750120,0,1270,0,40,2,6,2,1,61,69,2
1721824,0,1270,0,40,3,11,2,1,117,56,2
1772713,0,1270,0,40,3,1,2,1,33,42,2
1743911,0,1270,0,40,2,1,2,1,29,51,2
1771033,0,1270,0,40,3,3,2,1,28,16,2
1777474,0,1270,0,40,2,1,2,1,23,20,2
1756951,0,1270,0,40,2,5,2,1,51,18,2
1762190,0,1270,0,40,2,6,2,1,44,22,2
1769191,0,1270,0,40,2,3,2,1,35,56,2
1780503,0,1270,0,40,3,1,2,1,19,25,2
1776515,0,1270,0,40,3,2,2,1,21,35,2
1742774,0,1270,0,40,3,8,2,1,46,30,2
1780649,0,1270,0,40,3,1,2,1,18,49,2
1759872,0,1270,0,40,2,4,2,1,46,47,2
1753250,0,1270,0,40,3,8,2,1,49,34,2
1741146,0,1270,0,40,3,2,2,1,26,18,2
1773748,0,1270,0,40,3,2,2,1,26,37,2
1772500,0,1270,0,40,3,3,2,1,27,24,2
1760622,0,1270,0,40,3,4,2,1,53,33,2
1773895,0,1270,0,40,3,4,2,1,21,25,2
1780422,0,1270,0,40,2,1,2,1,18,29,2
1744182,0,1270,0,40,2,8,2,1,62,50,2
1773546,0,1270,0,40,2,2,2,1,24,55,2
1780708,0,1270,0,40,2,0,2,1,17,47,2
1780724,0,1270,0,40,3,0,2,1,17,39,2
1781124,0,1270,0,40,2,0,2,1,17,37,2
1781190,0,1270,0,40,3,0,2,1,17,51,2
1781238,0,1270,0,40,2,0,2,1,17,23,2
1781270,0,1270,0,40,2,0,2,1,17,34,2
1781534,0,1270,0,40,3,0,2,1,17,84,2
1781646,0,1270,0,40,2,0,2,1,17,45,2
1781891,0,1270,0,40,2,0,2,1,17,30,2
1781919,0,1270,0,40,3,0,2,1,17,43,2
1781955,0,1270,0,40,3,0,2,1,17,57,2
1782059,0,1270,0,40,2,0,2,1,17,37,2
1782191,0,1270,0,40,3,0,2,1,17,29,2
1782247,0,1270,0,40,2,0,2,1,17,47,2
1782298,0,1270,0,40,2,0,2,1,17,26,2
1782316,0,1270,0,40,3,0,2,1,17,51,2
1782364,0,1270,0,40,2,0,2,1,17,29,2
1782434,0,1270,0,40,2,0,2,1,17,29,2
1782508,0,1270,0,40,3,0,2,1,17,61,2
1782516,0,1270,0,40,3,0,2,1,17,50,2
1782546,0,1270,0,40,3,0,2,1,17,25,2
1782564,0,1270,0,40,3,0,2,1,17,25,2
1782584,0,1270,0,40,3,0,2,1,17,42,2
1782618,0,1270,0,40,3,0,2,1,17,50,2
1782656,0,1270,0,40,2,0,2,1,17,19,2
1782718,0,1270,0,40,2,0,2,1,17,38,2
1782762,0,1270,0,40,3,0,2,1,17,50,2
1782768,0,1270,0,40,2,0,2,1,17,18,2
1782792,0,1270,0,40,3,0,2,1,17,38,2
1782814,0,1270,0,40,2,0,2,1,17,62,2
1757482,0,1270,0,40,3,4,2,1,37,20,2
1743766,0,1270,0,40,2,8,2,1,83,42,2
1769848,0,1270,0,40,2,2,2,1,27,27,2
1768945,0,1270,0,40,3,3,2,1,26,21,2
1763246,0,1270,0,40,3,4,2,1,37,44,2
1744720,0,1270,0,40,3,10,2,1,71,22,2
1773810,0,1270,0,40,2,1,2,1,24,42,2
1746086,0,1270,0,40,3,8,2,1,63,55,2
1776713,0,1270,0,40,3,1,2,1,19,58,2
1773391,0,1270,0,40,3,2,2,1,23,68,2
1756204,0,1270,0,40,2,5,2,1,51,50,2
1768405,0,1270,0,40,3,3,2,1,31,34,2
1758951,0,1270,0,40,3,6,2,1,42,50,2
1752286,0,1270,0,40,2,6,2,1,47,26,2
1777785,0,1270,0,40,2,1,2,1,18,37,2
1747940,0,1270,0,40,3,10,2,1,51,40,2
1775599,0,1270,0,40,2,2,2,1,18,35,2
1777652,0,1270,0,40,3,1,2,1,17,102,2
1778166,0,1270,0,40,3,1,2,1,17,94,2
1772061,0,1270,0,40,3,1,2,1,29,38,2
1766295,0,1270,0,40,2,4,2,1,30,64,2
1775560,0,1270,0,40,2,1,2,1,22,34,2
1766029,0,1270,0,40,3,2,2,1,26,14,2
1768268,0,1270,0,40,2,4,2,1,28,26,2
1716625,0,1270,0,40,3,12,2,1,93,46,2
1760554,0,1270,0,40,2,5,2,1,36,41,2
1777037,0,1270,0,40,2,1,2,1,18,36,2
1778772,0,1270,0,40,3,1,2,1,17,44,2
1773575,0,1270,0,40,2,1,2,1,28,25,2
1761091,0,1270,0,40,3,3,2,1,45,13,2
1774238,0,1270,0,40,2,1,2,1,26,54,2
1760650,0,1270,0,40,2,5,2,1,43,68,2
1765611,0,1270,0,40,2,3,2,1,35,33,2
1752783,0,1270,0,40,3,5,2,1,57,50,2
1767219,0,1270,0,40,2,3,2,1,33,21,2
1777418,0,1270,0,40,3,1,2,1,19,14,2
1777932,0,1270,0,40,3,1,2,1,19,22,2
1765703,0,1270,0,40,2,2,2,1,39,39,2
1750531,0,1270,0,40,3,7,2,1,57,37,2
1769089,0,1270,0,40,2,3,2,1,31,50,2
1778759,0,1270,0,40,3,1,2,1,17,52,2
1704405,0,1270,0,40,3,15,2,1,108,18,2
1772945,0,1270,0,40,3,2,2,1,26,37,2
1772324,0,1270,0,40,2,2,2,1,29,65,2
1757998,0,1270,0,40,3,5,2,1,44,26,2
1760353,0,1270,0,40,2,5,2,1,39,32,2
1763839,0,1270,0,40,2,4,2,1,35,46,2
1757310,0,1270,0,40,2,4,2,1,45,66,2
1762695,0,1270,0,40,2,5,2,1,34,65,2
1730653,0,1270,0,40,3,8,2,1,60,32,2
1775565,0,1270,0,40,3,2,2,1,22,19,2
1777372,0,1270,0,40,3,1,2,1,19,49,2
1778788,0,1270,0,40,2,1,2,1,19,76,2
1740925,0,1270,0,40,3,4,2,1,27,16,2
1770894,0,1270,0,40,2,3,2,1,21,21,2
1753663,0,1270,0,40,2,8,2,1,42,61,2
1775125,0,1270,0,40,3,2,2,1,21,36,2
1773691,0,1270,0,40,3,2,2,1,26,44,2
1769695,0,1270,0,40,2,3,2,1,30,83,2
1765038,0,1270,0,40,3,4,2,1,41,29,2
1738500,0,1270,0,40,2,9,2,1,66,22,2
1742364,0,1270,0,40,3,6,2,1,64,34,2
1777795,0,1270,0,40,2,2,2,1,19,78,2
1779058,0,1270,0,40,3,1,2,1,17,50,2
1779262,0,1270,0,40,2,1,2,1,17,11,2
1735546,0,1270,0,40,3,1,2,1,30,39,2
1755918,0,1270,0,40,3,4,2,1,55,40,2
1750942,0,1270,0,40,2,8,2,1,60,30,2
1745412,0,1270,0,40,3,8,2,1,50,52,2
1744680,0,1270,0,40,3,9,2,1,61,46,2
1758596,0,1270,0,40,3,6,2,1,46,129,2
1764341,0,1270,0,40,2,3,2,1,39,25,2
1774051,0,1270,0,40,3,2,2,1,24,30,2
1776991,0,1270,0,40,3,1,2,1,22,36,2
1777705,0,1270,0,40,2,1,2,1,22,17,2
1762986,0,1270,0,40,3,4,2,1,33,37,2
1747500,0,1270,0,40,3,7,2,1,65,39,2
1754303,0,1270,0,40,3,6,2,1,55,28,2
1778129,0,1270,0,40,2,1,2,1,20,78,2
1705977,0,1270,0,40,2,8,2,1,114,44,2
1756690,0,1270,0,40,3,6,2,1,38,44,2
1769102,0,1270,0,40,3,3,2,1,32,30,2
1752186,0,1270,0,40,3,5,2,1,57,15,2
1748637,0,1270,0,40,3,6,2,1,74,62,2
1750628,0,1270,0,40,3,6,2,1,71,43,2
1779741,0,1270,0,40,3,1,2,1,18,28,2
1741747,0,1270,0,40,3,3,2,1,36,42,2
1771236,0,1270,0,40,2,2,2,1,31,47,2
1773928,0,1270,0,40,3,2,2,1,28,36,2
1762111,0,1270,0,40,3,2,2,1,45,50,2
1749765,0,1270,0,40,2,7,2,1,61,46,2
1740778,0,1270,0,40,2,6,2,1,61,56,2
1762661,0,1270,0,40,2,5,2,1,43,76,2
1760803,0,1270,0,40,2,5,2,1,45,74,2
1765316,0,1270,0,40,3,4,2,1,33,28,2
1777298,0,1270,0,40,2,1,2,1,22,73,2
1769785,0,1270,0,40,2,3,2,1,27,39,2
1747113,0,1270,0,40,2,7,2,1,81,44,2
1769669,0,1270,0,40,3,4,2,1,28,28,2
1730479,0,1270,0,40,2,11,2,1,86,38,2
1759799,0,1270,0,40,2,3,2,1,54,49,2
1756839,0,1270,0,40,2,5,2,1,45,91,2
1726293,0,1270,0,40,2,8,2,1,116,68,2
1773939,0,1270,0,40,2,2,2,1,23,87,2
1745810,0,1270,0,40,3,12,2,1,68,29,2
1758823,0,1270,0,40,2,4,2,1,55,66,2
1770352,0,1270,0,40,2,3,2,1,21,35,2
1759292,0,1270,0,40,2,6,2,1,46,26,2
1765456,0,1270,0,40,2,6,2,1,33,58,2
1740676,0,1270,0,40,3,9,2,1,83,30,2
1779974,0,1270,0,40,2,1,2,1,17,88,2
1780823,0,1270,0,40,3,1,2,1,17,21,2
1755978,0,1270,0,40,3,4,2,1,54,95,2
1772010,0,1270,0,40,2,2,2,1,34,24,2
1740420,0,1270,0,40,2,8,2,1,66,63,2
1775829,0,1270,0,40,2,1,2,1,26,42,2
1735129,0,1270,0,40,3,3,2,1,45,64,2
1771624,0,1270,0,40,2,2,2,1,33,69,2
1776967,0,1270,0,40,3,1,2,1,24,43,2
1763795,0,1270,0,40,3,4,2,1,36,30,2
1775421,0,1270,0,40,2,2,2,1,24,45,2
1747791,0,1270,0,40,2,8,2,1,68,24,2
1766537,0,1270,0,40,3,4,2,1,24,55,2
1779462,0,1270,0,40,2,1,2,1,20,34,2
1766289,0,1270,0,40,2,3,2,1,30,23,2
1764641,0,1270,0,40,3,4,2,1,37,50,2
1761633,0,1270,0,40,3,6,2,1,39,43,2
1778247,1,1270,1254,31.1948,2,1,2,1,19,40,2
1751959,0,1270,0,40,3,8,2,1,53,23,2
1721316,0,1270,0,40,2,15,2,1,92,33,2
1717555,0,1270,0,40,3,12,2,1,78,39,2
1761083,0,1270,0,40,2,5,2,1,43,36,2
1771107,0,1270,0,40,3,3,2,1,26,19,2
1770537,1,1270,1247,34.4746,2,4,2,1,30,27,2
1748884,0,1270,0,40,3,10,2,1,70,36,2
1758048,0,1270,0,40,3,4,2,1,45,31,2
1748313,0,1270,0,40,2,8,2,1,57,30,2
1767642,0,1270,0,40,3,2,2,1,42,73,2
1764972,0,1270,0,40,3,5,2,1,35,101,2
1776743,0,1270,0,40,3,3,2,1,22,50,2
1780690,0,1270,0,40,2,1,2,1,18,23,2
1781142,0,1270,0,40,2,1,2,1,18,56,2
1743499,0,1270,0,40,3,4,2,1,67,31,2
1779763,1,1270,1251,32.3856,2,2,2,1,18,26,2
1779714,0,1270,0,40,2,1,2,1,17,83,2
1752814,0,1270,0,40,3,3,2,1,71,48,2
1779698,0,1270,0,40,3,0,2,1,16,29,2
1781594,0,1270,0,40,3,0,2,1,16,15,2
1781933,0,1270,0,40,3,0,2,1,16,51,2
1782221,0,1270,0,40,3,0,2,1,16,21,2
1782269,0,1270,0,40,2,0,2,1,16,25,2
1782377,0,1270,0,40,2,0,2,1,16,26,2
1782529,0,1270,0,40,3,0,2,1,16,41,2
1782561,0,1270,0,40,2,0,2,1,16,28,2
1782565,0,1270,0,40,2,0,2,1,16,30,2
1782581,0,1270,0,40,3,0,2,1,16,60,2
1782597,0,1270,0,40,2,0,2,1,16,39,2
1782693,0,1270,0,40,3,0,2,1,16,38,2
1782697,0,1270,0,40,3,0,2,1,16,37,2
1782789,0,1270,0,40,2,0,2,1,16,41,2
1782813,0,1270,0,40,3,0,2,1,16,55,2
1782833,0,1270,0,40,3,0,2,1,16,51,2
1782853,0,1270,0,40,3,0,2,1,16,79,2
1782885,0,1270,0,40,2,0,2,1,16,56,2
1782930,0,1270,0,40,3,0,2,1,16,88,2
1782978,0,1270,0,40,2,0,2,1,16,22,2
1783036,0,1270,0,40,2,0,2,1,16,28,2
1783086,0,1270,0,40,2,0,2,1,16,49,2
1783130,0,1270,0,40,3,0,2,1,16,16,2
1783148,0,1270,0,40,2,0,2,1,16,18,2
1783156,0,1270,0,40,3,0,2,1,16,34,2
1783198,0,1270,0,40,2,0,2,1,16,43,2
1783242,0,1270,0,40,2,0,2,1,16,20,2
1783266,0,1270,0,40,3,0,2,1,16,45,2
1783324,0,1270,0,40,3,0,2,1,16,30,2
1783346,0,1270,0,40,3,0,2,1,16,57,2
1783410,0,1270,0,40,3,0,2,1,16,39,2
1765360,0,1270,0,40,2,3,2,1,22,32,2
1760488,0,1270,0,40,2,2,2,1,45,39,2
1771421,0,1270,0,40,3,3,2,1,20,23,2
1762866,0,1270,0,40,2,2,2,1,44,18,2
1768911,0,1270,0,40,3,2,2,1,26,69,2
1775902,0,1270,0,40,2,1,2,1,20,52,2
1757628,0,1270,0,40,2,5,2,1,41,35,2
1777311,0,1270,0,40,3,1,2,1,17,104,2
1777902,0,1270,0,40,3,1,2,1,16,21,2
1778178,0,1270,0,40,2,1,2,1,16,15,2
1756003,0,1270,0,40,2,5,2,1,55,51,2
1766231,0,1270,0,40,3,3,2,1,32,29,2
1761528,0,1270,0,40,2,3,2,1,45,39,2
1771684,0,1270,0,40,3,2,2,1,23,41,2
1738325,0,1270,0,40,3,6,2,1,63,21,2
1740507,0,1270,0,40,2,6,2,1,55,53,2
1745892,0,1270,0,40,2,3,2,1,60,37,2
1755321,0,1270,0,40,2,5,2,1,43,47,2
1759326,0,1270,0,40,2,6,2,1,32,38,2
1743022,0,1270,0,40,3,5,2,1,57,70,2
1770820,0,1270,0,40,2,2,2,1,31,26,2
1765766,0,1270,0,40,3,3,2,1,29,38,2
1771908,0,1270,0,40,3,3,2,1,25,29,2
1750558,0,1270,0,40,3,4,2,1,67,35,2
1774763,0,1270,0,40,3,1,2,1,21,48,2
1769008,0,1270,0,40,2,3,2,1,25,30,2
1773989,0,1270,0,40,2,2,2,1,21,58,2
1740154,0,1270,0,40,3,6,2,1,68,36,2
1778208,0,1270,0,40,3,1,2,1,18,29,2
1766390,0,1270,0,40,2,4,2,1,29,4,2
1778061,0,1270,0,40,3,1,2,1,17,33,2
1778580,0,1270,0,40,3,1,2,1,17,73,2
1742272,0,1270,0,40,3,1,2,1,35,21,2
1757459,0,1270,0,40,2,6,2,1,42,46,2
1769320,0,1270,0,40,3,2,2,1,30,59,2
1743041,0,1270,0,40,2,5,2,1,44,37,2
1741220,0,1270,0,40,2,7,2,1,60,19,2
1739470,0,1270,0,40,3,5,2,1,74,30,2
1745994,0,1270,0,40,3,8,2,1,73,31,2
1775104,0,1270,0,40,2,1,2,1,25,59,2
1769257,0,1270,0,40,2,2,2,1,27,35,2
1739131,0,1270,0,40,3,6,2,1,42,22,2
1769383,0,1270,0,40,3,3,2,1,24,64,2
1749513,0,1270,0,40,3,7,2,1,65,44,2
1749331,1,1270,1236,11.8726,3,7,2,1,64,45,2
1750911,0,1270,0,40,2,10,2,1,47,81,2
1778704,0,1270,0,40,2,1,2,1,18,55,2
1760557,0,1270,0,40,3,5,2,1,29,23,2
1778947,0,1270,0,40,2,1,2,1,17,50,2
1770203,0,1270,0,40,3,1,2,1,33,32,2
1772141,0,1270,0,40,3,1,2,1,30,19,2
1763087,0,1270,0,40,2,4,2,1,37,29,2
1774959,0,1270,0,40,3,1,2,1,24,56,2
1766354,0,1270,0,40,2,3,2,1,33,41,2
1753587,0,1270,0,40,3,6,2,1,49,46,2
1771167,0,1270,0,40,3,2,2,1,29,32,2
1768836,0,1270,0,40,2,2,2,1,36,64,2
1773528,0,1270,0,40,3,2,2,1,23,34,2
1769384,0,1270,0,40,2,3,2,1,32,107,2
1715169,0,1270,0,40,2,13,2,1,100,43,2
1760332,0,1270,0,40,3,4,2,1,43,54,2
1770597,0,1270,0,40,2,2,2,1,27,16,2
1767572,0,1270,0,40,3,4,2,1,33,55,2
1759091,0,1270,0,40,3,4,2,1,46,21,2
1740061,0,1270,0,40,3,6,2,1,47,54,2
1756328,0,1270,0,40,3,6,2,1,44,85,2
1769737,0,1270,0,40,3,3,2,1,32,44,2
1769852,0,1270,0,40,2,3,2,1,21,44,2
1768670,0,1270,0,40,3,3,2,1,26,51,2
1778465,0,1270,0,40,2,1,2,1,17,52,2
1746253,0,1270,0,40,2,10,2,1,62,74,2
1748049,0,1270,0,40,2,8,2,1,51,77,2
1754507,0,1270,0,40,3,7,2,1,55,34,2
1761271,0,1270,0,40,2,3,2,1,44,56,2
1770028,0,1270,0,40,3,2,2,1,34,79,2
1772833,0,1270,0,40,3,2,2,1,27,76,2
1771178,0,1270,0,40,2,2,2,1,33,61,2
1749037,0,1270,0,40,2,8,2,1,62,25,2
1744252,0,1270,0,40,2,7,2,1,56,23,2
1771796,0,1270,0,40,2,2,2,1,30,41,2
1688478,0,1270,0,40,3,14,2,1,115,20,2
1777769,0,1270,0,40,2,1,2,1,22,30,2
1742553,0,1270,0,40,3,7,2,1,57,55,2
1768392,0,1270,0,40,3,3,2,1,30,51,2
1768965,0,1270,0,40,3,3,2,1,31,73,2
1778042,0,1270,0,40,2,1,2,1,21,41,2
1778148,0,1270,0,40,3,1,2,1,21,19,2
1753074,0,1270,0,40,2,7,2,1,51,23,2
1740082,0,1270,0,40,2,6,2,1,51,34,2
1764305,0,1270,0,40,2,5,2,1,38,33,2
1775730,0,1270,0,40,2,2,2,1,21,28,2
1775457,0,1270,0,40,3,2,2,1,23,54,2
1778735,0,1270,0,40,3,1,2,1,19,39,2
1756139,0,1270,0,40,3,6,2,1,47,50,2
1751228,0,1270,0,40,2,9,2,1,52,29,2
1779512,0,1270,0,40,3,1,2,1,17,28,2
1757274,0,1270,0,40,3,7,2,1,31,60,2
1761147,0,1270,0,40,2,4,2,1,42,50,2
1780897,0,1270,0,40,2,1,2,1,16,24,2
1780943,0,1270,0,40,2,1,2,1,16,30,2
1764835,0,1270,0,40,2,2,2,1,46,35,2
1748674,0,1270,0,40,3,4,2,1,80,36,2
1742057,0,1270,0,40,3,4,2,1,50,26,2
1771281,0,1270,0,40,2,1,2,1,29,26,2
1774198,0,1270,0,40,3,1,2,1,29,16,2
1745119,0,1270,0,40,2,6,2,1,62,39,2
1739812,0,1270,0,40,3,6,2,1,60,52,2
1749572,0,1270,0,40,2,10,2,1,57,26,2
1756140,0,1270,0,40,2,5,2,1,52,26,2
1719521,0,1270,0,40,2,15,2,1,108,39,2
1731453,0,1270,0,40,2,10,2,1,61,37,2
1774449,0,1270,0,40,2,2,2,1,22,62,2
1747335,0,1270,0,40,3,9,2,1,58,19,2
1747218,0,1270,0,40,3,9,2,1,65,43,2
1773974,0,1270,0,40,3,3,2,1,23,31,2
1779350,0,1270,0,40,3,1,2,1,19,40,2
1740443,0,1270,0,40,3,1,2,1,28,35,2
1777735,0,1270,0,40,2,2,2,1,19,44,2
1780417,0,1270,0,40,3,1,2,1,18,39,2
1747632,0,1270,0,40,3,9,2,1,72,42,2
1763138,0,1270,0,40,2,4,2,1,34,45,2
1739740,0,1270,0,40,3,8,2,1,57,30,2
1767852,0,1270,0,40,3,4,2,1,31,21,2
1741871,0,1270,0,40,2,8,2,1,71,33,2
1749692,0,1270,0,40,2,4,2,1,77,57,2
1745588,0,1270,0,40,3,9,2,1,83,37,2
1771886,0,1270,0,40,2,2,2,1,33,49,2
1757227,0,1270,0,40,3,5,2,1,51,81,2
1737153,0,1270,0,40,2,9,2,1,57,53,2
1764986,0,1270,0,40,3,4,2,1,33,57,2
1773948,0,1270,0,40,3,2,2,1,31,35,2
1773693,0,1270,0,40,2,2,2,1,29,85,2
1769442,0,1270,0,40,3,2,2,1,30,27,2
1772067,0,1270,0,40,3,2,2,1,31,68,2
1772882,0,1270,0,40,3,2,2,1,28,49,2
1778168,0,1270,0,40,3,1,2,1,23,31,2
1754933,0,1270,0,40,3,8,2,1,57,61,2
1746153,0,1270,0,40,2,7,2,1,76,23,2
1778955,0,1270,0,40,3,1,2,1,21,25,2
1739629,0,1270,0,40,2,13,2,1,85,54,2
1779651,0,1270,0,40,2,1,2,1,20,66,2
1779804,0,1270,0,40,3,1,2,1,19,15,2
1741435,0,1270,0,40,3,5,2,1,43,82,2
1746860,0,1270,0,40,2,12,2,1,60,32,2
1763782,0,1270,0,40,2,2,2,1,43,73,2
1777647,0,1270,0,40,2,2,2,1,20,63,2
1759393,0,1270,0,40,3,5,2,1,43,14,2
1781126,0,1270,0,40,3,1,2,1,17,53,2
1763012,0,1270,0,40,2,5,2,1,35,81,2
1760636,0,1270,0,40,2,4,2,1,41,55,2
1755873,0,1270,0,40,3,6,2,1,52,42,2
1781320,0,1270,0,40,3,1,2,1,16,63,2
1781930,0,1270,0,40,3,1,2,1,16,31,2
1747563,0,1270,0,40,2,7,2,1,74,27,2
1773710,0,1270,0,40,2,1,2,1,32,42,2
1772914,0,1270,0,40,3,2,2,1,29,27,2
1777873,0,1270,0,40,2,1,2,1,23,55,2
1779641,0,1270,0,40,2,1,2,1,21,72,2
1776189,0,1270,0,40,2,2,2,1,22,64,2
1748868,0,1270,0,40,3,9,2,1,70,19,2
1751467,0,1270,0,40,2,8,2,1,70,23,2
1766856,0,1270,0,40,2,4,2,1,35,30,2
1753525,0,1270,0,40,2,8,2,1,44,52,2
1781756,0,1270,0,40,3,1,2,1,17,34,2
1740375,0,1270,0,40,2,5,2,1,56,35,2
1780991,0,1270,0,40,3,2,2,1,17,38,2
1762727,0,1270,0,40,2,3,2,1,45,7,2
1781465,0,1270,0,40,3,1,2,1,19,53,2
1782106,0,1270,0,40,2,1,2,1,18,41,2
1757157,0,1270,0,40,2,7,2,1,41,66,2
1780924,0,1270,0,40,3,1,2,1,16,15,2
1781116,0,1270,0,40,3,0,2,1,15,36,2
1781538,0,1270,0,40,3,0,2,1,15,60,2
1781697,0,1270,0,40,3,0,2,1,15,45,2
1782057,0,1270,0,40,2,0,2,1,15,72,2
1782311,0,1270,0,40,2,0,2,1,15,37,2
1782399,0,1270,0,40,3,0,2,1,15,58,2
1782471,0,1270,0,40,3,0,2,1,15,25,2
1782519,0,1270,0,40,2,0,2,1,15,43,2
1782707,0,1270,0,40,3,0,2,1,15,22,2
1782819,0,1270,0,40,3,0,2,1,15,55,2
1782983,0,1270,0,40,2,0,2,1,15,16,2
1783035,0,1270,0,40,3,0,2,1,15,46,2
1783095,0,1270,0,40,3,0,2,1,15,48,2
1783111,0,1270,0,40,2,0,2,1,15,37,2
1783123,0,1270,0,40,3,0,2,1,15,61,2
1783187,0,1270,0,40,3,0,2,1,15,60,2
1783263,0,1270,0,40,2,0,2,1,15,33,2
1783307,0,1270,0,40,3,0,2,1,15,27,2
1783343,0,1270,0,40,2,0,2,1,15,22,2
1783363,0,1270,0,40,2,0,2,1,15,50,2
1783371,0,1270,0,40,3,0,2,1,15,62,2
1783375,0,1270,0,40,2,0,2,1,15,39,2
1783423,0,1270,0,40,3,0,2,1,15,55,2
1783457,0,1270,0,40,2,0,2,1,15,51,2
1783505,0,1270,0,40,3,0,2,1,15,29,2
1783509,0,1270,0,40,3,0,2,1,15,27,2
1783529,0,1270,0,40,2,0,2,1,15,36,2
1783553,0,1270,0,40,3,0,2,1,15,24,2
1783565,0,1270,0,40,3,0,2,1,15,10,2
1783575,0,1270,0,40,2,0,2,1,15,32,2
1783589,0,1270,0,40,2,0,2,1,15,29,2
1783595,0,1270,0,40,3,0,2,1,15,39,2
1783641,0,1270,0,40,3,0,2,1,15,52,2
1783667,0,1270,0,40,2,0,2,1,15,53,2
1783709,0,1270,0,40,2,0,2,1,15,63,2
1783723,0,1270,0,40,2,0,2,1,15,32,2
1783725,0,1270,0,40,3,0,2,1,15,47,2
1783749,0,1270,0,40,3,0,2,1,15,43,2
1783811,0,1270,0,40,2,0,2,1,15,42,2
1783817,0,1270,0,40,3,0,2,1,15,36,2
1783823,0,1270,0,40,3,0,2,1,15,98,2
1783857,0,1270,0,40,2,0,2,1,15,23,2
1783877,0,1270,0,40,2,0,2,1,15,50,2
1783917,0,1270,0,40,2,0,2,1,15,63,2
1783939,0,1270,0,40,3,0,2,1,15,19,2
1783943,0,1270,0,40,2,0,2,1,15,32,2
1784005,0,1270,0,40,3,0,2,1,15,24,2
1746097,0,1270,0,40,3,5,2,1,81,50,2
1739988,0,1270,0,40,3,5,2,1,48,28,2
1743836,0,1270,0,40,3,3,2,1,35,39,2
1742811,0,1270,0,40,3,12,2,1,67,16,2
1740934,0,1270,0,40,3,10,2,1,70,61,2
1729226,0,1270,0,40,3,8,2,1,64,51,2
1760942,0,1270,0,40,2,5,2,1,35,63,2
1769037,0,1270,0,40,3,1,2,1,33,22,2
1742343,0,1270,0,40,3,4,2,1,47,50,2
1748411,0,1270,0,40,2,7,2,1,64,34,2
1760093,0,1270,0,40,3,4,2,1,36,56,2
1775206,0,1270,0,40,2,1,2,1,18,48,2
1766822,0,1270,0,40,3,3,2,1,32,38,2
1776949,0,1270,0,40,3,1,2,1,16,43,2
1767320,0,1270,0,40,2,1,2,1,38,117,2
1758063,0,1270,0,40,2,5,2,1,40,51,2
1773800,0,1270,0,40,2,1,2,1,25,27,2
1757922,0,1270,0,40,3,5,2,1,39,25,2
1762908,0,1270,0,40,3,4,2,1,34,87,2
1776976,0,1270,0,40,3,1,2,1,19,40,2
1739391,0,1270,0,40,2,8,2,1,38,54,2
1777961,0,1270,0,40,2,1,2,1,16,49,2
1743426,0,1270,0,40,2,11,2,1,90,53,2
1778963,0,1270,0,40,2,1,2,1,15,36,2
1769389,0,1270,0,40,3,2,2,1,34,16,2
1734450,0,1270,0,40,2,11,2,1,91,19,2
1744759,0,1270,0,40,2,8,2,1,63,15,2
1754189,0,1270,0,40,3,4,2,1,57,33,2
1760723,0,1270,0,40,3,5,2,1,40,41,2
1771449,0,1270,0,40,2,2,2,1,24,34,2
1767814,0,1270,0,40,3,3,2,1,32,13,2
1747644,0,1270,0,40,3,10,2,1,62,73,2
1776507,0,1270,0,40,3,1,2,1,21,33,2
1750915,0,1270,0,40,3,8,2,1,45,17,2
1739808,0,1270,0,40,3,6,2,1,50,33,2
1746446,0,1270,0,40,3,9,2,1,62,27,2
1768981,0,1270,0,40,3,2,2,1,31,37,2
1754362,0,1270,0,40,3,5,2,1,56,62,2
1772966,0,1270,0,40,2,2,2,1,20,59,2
1778492,0,1270,0,40,3,1,2,1,17,40,2
1778804,0,1270,0,40,3,1,2,1,17,85,2
1740210,0,1270,0,40,3,1,2,1,21,84,2
1779001,0,1270,0,40,2,1,2,1,16,60,2
1761393,0,1270,0,40,2,6,2,1,34,24,2
1774237,0,1270,0,40,2,3,2,1,18,35,2
1751399,0,1270,0,40,2,3,2,1,69,33,2
1765322,0,1270,0,40,3,2,2,1,39,72,2
1748931,0,1270,0,40,3,6,2,1,65,42,2
1775764,0,1270,0,40,2,1,2,1,23,63,2
1744322,0,1270,0,40,2,6,2,1,44,47,2
1764696,0,1270,0,40,3,3,2,1,35,74,2
1768367,0,1270,0,40,2,4,2,1,28,42,2
1762958,0,1270,0,40,2,4,2,1,33,53,2
1776365,0,1270,0,40,2,2,2,1,19,10,2
1736223,0,1270,0,40,2,6,2,1,43,56,2
1727353,0,1270,0,40,3,11,2,1,94,32,2
1774762,0,1270,0,40,2,2,2,1,24,18,2
1766115,0,1270,0,40,3,5,2,1,25,56,2
1761184,0,1270,0,40,2,5,2,1,34,36,2
1778513,0,1270,0,40,3,1,2,1,16,54,2
1780033,0,1270,0,40,2,1,2,1,16,72,2
1741527,0,1270,0,40,3,4,2,1,33,24,2
1776987,0,1270,0,40,3,2,2,1,16,18,2
1767708,0,1270,0,40,3,2,2,1,38,58,2
1767827,0,1270,0,40,3,1,2,1,38,43,2
1759502,0,1270,0,40,2,3,2,1,42,41,2
1750449,0,1270,0,40,2,4,2,1,71,53,2
1774842,0,1270,0,40,2,1,2,1,26,63,2
1734455,0,1270,0,40,3,11,2,1,71,29,2
1771928,0,1270,0,40,3,2,2,1,26,25,2
1768686,0,1270,0,40,2,3,2,1,29,66,2
1776377,0,1270,0,40,2,1,2,1,23,27,2
1767606,0,1270,0,40,2,2,2,1,35,49,2
1758769,0,1270,0,40,3,5,2,1,45,63,2
1775284,0,1270,0,40,3,2,2,1,23,107,2
1777022,0,1270,0,40,2,1,2,1,22,52,2
1771716,0,1270,0,40,2,3,2,1,23,18,2
1742825,0,1270,0,40,3,4,2,1,40,29,2
1774086,0,1270,0,40,2,2,2,1,23,26,2
1757260,0,1270,0,40,2,6,2,1,36,28,2
1777894,0,1270,0,40,3,1,2,1,20,42,2
1767628,0,1270,0,40,3,3,2,1,24,19,2
1745127,0,1270,0,40,3,7,2,1,64,23,2
1759301,0,1270,0,40,2,4,2,1,42,26,2
1766228,0,1270,0,40,2,5,2,1,25,65,2
1773274,0,1270,0,40,2,2,2,1,24,43,2
1766899,0,1270,0,40,3,3,2,1,26,29,2
1772517,0,1270,0,40,2,2,2,1,18,12,2
1756818,0,1270,0,40,3,5,2,1,54,72,2
1751662,0,1270,0,40,3,8,2,1,52,39,2
1777763,0,1270,0,40,2,2,2,1,17,31,2
1780087,0,1270,0,40,2,1,2,1,16,55,2
1753071,0,1270,0,40,3,4,2,1,54,61,2
1740255,0,1270,0,40,3,11,2,1,36,32,2
1771370,0,1270,0,40,3,3,2,1,27,47,2
1759870,0,1270,0,40,2,5,2,1,38,61,2
1770778,0,1270,0,40,3,4,2,1,23,35,2
1780801,0,1270,0,40,3,1,2,1,15,65,2
1759510,0,1270,0,40,3,5,2,1,43,59,2
1747057,0,1270,0,40,3,7,2,1,78,39,2
1742735,0,1270,0,40,3,5,2,1,51,7,2
1753186,0,1270,0,40,3,6,2,1,54,66,2
1764147,0,1270,0,40,2,3,2,1,36,31,2
1774168,0,1270,0,40,2,2,2,1,26,28,2
1742569,0,1270,0,40,3,6,2,1,50,64,2
1749503,0,1270,0,40,3,7,2,1,67,27,2
1752048,0,1270,0,40,3,7,2,1,57,27,2
1764715,0,1270,0,40,3,4,2,1,42,44,2
1772341,0,1270,0,40,3,2,2,1,21,32,2
1758720,0,1270,0,40,2,5,2,1,52,41,2
1740318,0,1270,0,40,2,5,2,1,47,68,2
1739564,0,1270,0,40,2,10,2,1,66,35,2
1753990,0,1270,0,40,2,8,2,1,47,46,2
1745882,0,1270,0,40,2,8,2,1,54,80,2
1760418,0,1270,0,40,2,7,2,1,32,52,2
1769453,0,1270,0,40,2,3,2,1,31,39,2
1754014,0,1270,0,40,3,6,2,1,55,29,2
1781559,0,1270,0,40,2,1,2,1,15,65,2
1772024,0,1270,0,40,3,2,2,1,30,38,2
1769541,0,1270,0,40,2,3,2,1,33,61,2
1758898,0,1270,0,40,3,4,2,1,42,46,2
1771748,0,1270,0,40,2,2,2,1,31,25,2
1772544,0,1270,0,40,2,2,2,1,28,38,2
1772275,0,1270,0,40,2,2,2,1,25,114,2
1712500,0,1270,0,40,2,10,2,1,103,42,2
1750997,0,1270,0,40,3,7,2,1,60,22,2
1755574,0,1270,0,40,2,6,2,1,47,31,2
1757489,0,1270,0,40,3,7,2,1,43,22,2
1778262,0,1270,0,40,2,1,2,1,22,59,2
1767501,0,1270,0,40,2,3,2,1,30,32,2
1779429,0,1270,0,40,3,1,2,1,20,9,2
1738405,0,1270,0,40,2,9,2,1,58,59,2
1778143,0,1270,0,40,3,1,2,1,19,45,2
1752395,0,1270,0,40,3,9,2,1,53,90,2
1780523,0,1270,0,40,3,1,2,1,18,10,2
1755940,0,1270,0,40,2,5,2,1,47,49,2
1779846,0,1270,0,40,3,1,2,1,17,41,2
1780957,0,1270,0,40,2,1,2,1,17,46,2
1666773,0,1270,0,40,2,18,2,1,132,51,2
1773835,0,1270,0,40,2,2,2,1,22,32,2
1767422,0,1270,0,40,3,4,2,1,35,19,2
1775328,0,1270,0,40,2,2,2,1,22,56,2
1776313,0,1270,0,40,3,2,2,1,21,21,2
1765565,0,1270,0,40,2,3,2,1,32,20,2
1756460,0,1270,0,40,2,6,2,1,37,75,2
1780702,0,1270,0,40,3,1,2,1,16,51,2
1755525,0,1270,0,40,3,7,2,1,43,39,2
1747368,0,1270,0,40,3,9,2,1,68,42,2
1748357,0,1270,0,40,2,10,2,1,53,39,2
1751203,0,1270,0,40,2,6,2,1,51,22,2
1760359,0,1270,0,40,2,5,2,1,40,35,2
1757577,0,1270,0,40,3,4,2,1,59,53,2
1781328,0,1270,0,40,2,1,2,1,15,37,2
1749616,0,1270,0,40,2,6,2,1,73,21,2
1746777,0,1270,0,40,3,11,2,1,62,42,2
1774539,0,1270,0,40,3,2,2,1,26,81,2
1769154,0,1270,0,40,3,4,2,1,36,30,2
1777772,0,1270,0,40,2,1,2,1,23,76,2
1768213,0,1270,0,40,3,3,2,1,30,30,2
1773287,0,1270,0,40,2,2,2,1,29,62,2
1766438,0,1270,0,40,3,3,2,1,31,123,2
1771276,0,1270,0,40,2,3,2,1,30,77,2
1752582,0,1270,0,40,2,5,2,1,65,56,2
1778777,0,1270,0,40,2,1,2,1,20,78,2
1740968,0,1270,0,40,3,4,2,1,30,25,2
1768236,0,1270,0,40,2,3,2,1,35,52,2
1778924,0,1270,0,40,2,1,2,1,19,40,2
1760542,0,1270,0,40,2,4,2,1,47,89,2
1760736,0,1270,0,40,2,4,2,1,47,69,2
1779000,0,1270,0,40,2,1,2,1,18,45,2
1747781,0,1270,0,40,3,10,2,1,60,20,2
1770429,0,1270,0,40,2,4,2,1,27,28,2
1761679,0,1270,0,40,2,4,2,1,45,57,2
1734531,0,1270,0,40,2,11,2,1,89,37,2
1777571,0,1270,0,40,2,2,2,1,17,40,2
1766444,0,1270,0,40,2,5,2,1,30,64,2
1759995,0,1270,0,40,2,6,2,1,43,28,2
1780402,0,1270,0,40,3,1,2,1,16,31,2
1767755,0,1270,0,40,2,2,2,1,36,41,2
1766524,0,1270,0,40,3,3,2,1,31,35,2
1755329,0,1270,0,40,2,7,2,1,47,95,2
1759202,0,1270,0,40,3,7,2,1,40,27,2
1753685,0,1270,0,40,3,3,2,1,70,24,2
1765113,0,1270,0,40,3,2,2,1,45,9,2
1771741,0,1270,0,40,3,1,2,1,35,30,2
1740931,0,1270,0,40,2,2,2,1,29,50,2
1753802,0,1270,0,40,2,6,2,1,56,52,2
1756707,0,1270,0,40,3,5,2,1,42,21,2
1764559,0,1270,0,40,3,5,2,1,31,30,2
1752523,0,1270,0,40,2,7,2,1,53,38,2
1781287,0,1270,0,40,3,1,2,1,18,64,2
1761647,0,1270,0,40,2,5,2,1,46,41,2
1768231,0,1270,0,40,2,4,2,1,26,39,2
1766184,0,1270,0,40,2,2,2,1,43,64,2
1750389,0,1270,0,40,3,8,2,1,66,19,2
1756797,0,1270,0,40,2,4,2,1,58,44,2
1752672,0,1270,0,40,3,7,2,1,56,33,2
1693249,0,1270,0,40,3,18,2,1,126,27,2
1777006,0,1270,0,40,3,1,2,1,27,94,2
1768794,0,1270,0,40,2,3,2,1,32,54,2
1746732,0,1270,0,40,2,10,2,1,56,59,2
1782009,0,1270,0,40,3,0,2,1,14,61,2
1782129,0,1270,0,40,3,0,2,1,14,43,2
1782193,0,1270,0,40,3,0,2,1,14,38,2
1782563,0,1270,0,40,2,0,2,1,14,36,2
1782663,0,1270,0,40,2,0,2,1,14,36,2
1782799,0,1270,0,40,3,0,2,1,14,39,2
1782901,0,1270,0,40,3,0,2,1,14,82,2
1782949,0,1270,0,40,3,0,2,1,14,57,2
1782981,0,1270,0,40,2,0,2,1,14,59,2
1783149,0,1270,0,40,3,0,2,1,14,49,2
1783205,0,1270,0,40,2,0,2,1,14,45,2
1783213,0,1270,0,40,3,0,2,1,14,19,2
1783389,0,1270,0,40,2,0,2,1,14,43,2
1783453,0,1270,0,40,2,0,2,1,14,46,2
1783462,0,1270,0,40,3,0,2,1,14,69,2
1783522,0,1270,0,40,3,0,2,1,14,77,2
1783642,0,1270,0,40,3,0,2,1,14,48,2
1783670,0,1270,0,40,3,0,2,1,14,45,2
1783726,0,1270,0,40,3,0,2,1,14,41,2
1783758,0,1270,0,40,3,0,2,1,14,71,2
1783766,0,1270,0,40,2,0,2,1,14,22,2
1783782,0,1270,0,40,3,0,2,1,14,95,2
1783874,0,1270,0,40,3,0,2,1,14,46,2
1783958,0,1270,0,40,3,0,2,1,14,29,2
1783966,0,1270,0,40,2,0,2,1,14,31,2
1783982,0,1270,0,40,3,0,2,1,14,13,2
1784022,0,1270,0,40,2,0,2,1,14,35,2
1784026,0,1270,0,40,2,0,2,1,14,41,2
1784073,0,1270,0,40,2,0,2,1,14,32,2
1784079,0,1270,0,40,3,0,2,1,14,24,2
1784091,0,1270,0,40,2,0,2,1,14,71,2
1784173,0,1270,0,40,2,0,2,1,14,64,2
1784175,0,1270,0,40,2,0,2,1,14,27,2
1784187,0,1270,0,40,3,0,2,1,14,65,2
1784203,0,1270,0,40,2,0,2,1,14,13,2
1784231,0,1270,0,40,3,0,2,1,14,23,2
1784245,0,1270,0,40,2,0,2,1,14,46,2
1784265,0,1270,0,40,2,0,2,1,14,55,2
1784281,0,1270,0,40,2,0,2,1,14,33,2
1784283,0,1270,0,40,2,0,2,1,14,30,2
1784341,0,1270,0,40,2,0,2,1,14,118,2
1784345,0,1270,0,40,3,0,2,1,14,11,2
1784365,0,1270,0,40,2,0,2,1,14,42,2
1784383,0,1270,0,40,3,0,2,1,14,82,2
1784387,0,1270,0,40,2,0,2,1,14,19,2
1784411,0,1270,0,40,2,0,2,1,14,27,2
1784413,0,1270,0,40,2,0,2,1,14,49,2
1784431,0,1270,0,40,3,0,2,1,14,23,2
1784449,0,1270,0,40,2,0,2,1,14,32,2
1784501,0,1270,0,40,3,0,2,1,14,50,2
1784515,0,1270,0,40,3,0,2,1,14,16,2
1784523,0,1270,0,40,3,0,2,1,14,39,2
1784527,0,1270,0,40,3,0,2,1,14,28,2
1784531,0,1270,0,40,3,0,2,1,14,41,2
1784535,0,1270,0,40,2,0,2,1,14,42,2
1784599,0,1270,0,40,3,0,2,1,14,45,2
1747658,0,1270,0,40,2,7,2,1,50,40,2
1757547,0,1270,0,40,2,6,2,1,47,55,2
1753503,0,1270,0,40,2,7,2,1,49,48,2
1743308,0,1270,0,40,3,6,2,1,43,53,2
1778017,0,1270,0,40,3,1,2,1,14,63,2
1772083,0,1270,0,40,3,2,2,1,22,44,2
1776926,0,1270,0,40,3,1,2,1,18,31,2
1743442,0,1270,0,40,3,2,2,1,19,62,2
1748001,0,1270,0,40,2,8,2,1,72,44,2
1762101,0,1270,0,40,2,5,2,1,31,33,2
1773811,0,1270,0,40,2,2,2,1,20,56,2
1760584,0,1270,0,40,3,4,2,1,40,56,2
1745007,0,1270,0,40,3,7,2,1,85,45,2
1774180,0,1270,0,40,2,2,2,1,21,37,2
1769128,0,1270,0,40,3,4,2,1,26,72,2
1777363,0,1270,0,40,2,1,2,1,18,138,2
1758850,0,1270,0,40,3,4,2,1,42,60,2
1776159,0,1270,0,40,3,1,2,1,16,52,2
1736199,0,1270,0,40,2,3,2,1,44,63,2
1764008,0,1270,0,40,2,3,2,1,33,56,2
1766346,0,1270,0,40,3,3,2,1,32,27,2
1760903,0,1270,0,40,2,4,2,1,36,40,2
1776853,0,1270,0,40,2,2,2,1,16,71,2
1757309,0,1270,0,40,2,5,2,1,44,81,2
1739918,0,1270,0,40,3,5,2,1,59,30,2
1766823,0,1270,0,40,3,3,2,1,27,38,2
1769200,0,1270,0,40,3,2,2,1,24,19,2
1756138,1,1270,1252,10.4419,3,3,2,1,54,27,2
1775685,0,1270,0,40,3,1,2,1,23,37,2
1757430,0,1270,0,40,3,6,2,1,35,44,2
1704556,0,1270,0,40,2,12,2,1,118,51,2
1776723,0,1270,0,40,2,1,2,1,21,54,2
1766540,0,1270,0,40,3,3,2,1,33,33,2
1771878,0,1270,0,40,2,2,2,1,29,35,2
1741128,0,1270,0,40,2,7,2,1,41,46,2
1778524,0,1270,0,40,3,1,2,1,17,45,2
1754898,0,1270,0,40,3,9,2,1,41,36,2
1779121,0,1270,0,40,3,1,2,1,16,60,2
1779158,0,1270,0,40,2,1,2,1,15,32,2
1742064,0,1270,0,40,3,5,2,1,36,80,2
1768465,0,1270,0,40,3,3,2,1,32,46,2
1780521,0,1270,0,40,2,1,2,1,14,44,2
1780535,0,1270,0,40,3,1,2,1,14,54,2
1763252,1,1270,1233,21.5797,3,4,2,1,42,47,2
1763892,0,1270,0,40,2,4,2,1,38,35,2
1754119,0,1270,0,40,3,6,2,1,53,22,2
1763106,0,1270,0,40,2,4,2,1,38,6,2
1761021,0,1270,0,40,3,4,2,1,33,37,2
1747119,0,1270,0,40,2,7,2,1,64,68,2
1772992,0,1270,0,40,2,2,2,1,25,58,2
1778210,0,1270,0,40,3,1,2,1,19,30,2
1750318,0,1270,0,40,3,5,2,1,64,68,2
1773727,0,1270,0,40,2,3,2,1,21,44,2
1778800,0,1270,0,40,2,1,2,1,18,19,2
1762565,0,1270,0,40,3,6,2,1,28,47,2
1776334,0,1270,0,40,2,1,2,1,17,53,2
1777963,0,1270,0,40,2,1,2,1,17,50,2
1779127,0,1270,0,40,2,1,2,1,17,27,2
1779399,0,1270,0,40,3,1,2,1,17,62,2
1768036,0,1270,0,40,3,4,2,1,21,40,2
1723036,0,1270,0,40,2,12,2,1,80,29,2
1772698,0,1270,0,40,2,2,2,1,20,47,2
1778753,0,1270,0,40,3,1,2,1,16,59,2
1779130,0,1270,0,40,2,1,2,1,16,27,2
1768875,0,1270,0,40,2,3,2,1,22,48,2
1776316,0,1270,0,40,2,2,2,1,18,57,2
1749254,0,1270,0,40,3,8,2,1,55,25,2
1739469,0,1270,0,40,3,14,2,1,73,42,2
1771875,0,1270,0,40,2,3,2,1,20,42,2
1775606,0,1270,0,40,2,2,2,1,16,70,2
1743267,0,1270,0,40,3,7,2,1,56,25,2
1778744,0,1270,0,40,3,2,2,1,17,66,2
1765596,0,1270,0,40,3,1,2,1,44,118,2
1768845,0,1270,0,40,3,1,2,1,37,33,2
1770239,0,1270,0,40,2,1,2,1,31,50,2
1769634,0,1270,0,40,3,2,2,1,28,24,2
1768092,0,1270,0,40,3,2,2,1,36,80,2
1774103,0,1270,0,40,3,2,2,1,27,62,2
1766799,0,1270,0,40,3,3,2,1,33,39,2
1757162,0,1270,0,40,3,4,2,1,46,48,2
1772704,0,1270,0,40,3,2,2,1,26,48,2
1775859,0,1270,0,40,3,1,2,1,22,64,2
1777138,0,1270,0,40,2,1,2,1,22,66,2
1740178,0,1270,0,40,2,5,2,1,48,54,2
1738798,0,1270,0,40,3,5,2,1,51,22,2
1772256,0,1270,0,40,3,2,2,1,27,49,2
1742870,0,1270,0,40,2,5,2,1,38,52,2
1753557,0,1270,0,40,2,8,2,1,52,36,2
1778085,0,1270,0,40,2,1,2,1,19,59,2
1748918,0,1270,0,40,2,9,2,1,49,52,2
1739811,0,1270,0,40,3,7,2,1,49,20,2
1746803,0,1270,0,40,2,8,2,1,72,38,2
1779359,0,1270,0,40,2,1,2,1,18,59,2
1760692,0,1270,0,40,2,4,2,1,38,37,2
1772178,0,1270,0,40,3,3,2,1,22,81,2
1765402,0,1270,0,40,3,4,2,1,31,52,2
1779398,0,1270,0,40,3,1,2,1,17,54,2
1774241,0,1270,0,40,3,2,2,1,20,48,2
1746972,0,1270,0,40,2,9,2,1,71,59,2
1747182,0,1270,0,40,3,8,2,1,75,23,2
1764148,0,1270,0,40,3,5,2,1,32,11,2
1775850,0,1270,0,40,2,2,2,1,15,51,2
1776658,0,1270,0,40,2,2,2,1,15,45,2
1751239,0,1270,0,40,3,5,2,1,58,26,2
1762001,0,1270,0,40,2,5,2,1,31,53,2
1778960,0,1270,0,40,3,1,2,1,14,25,2
1780858,0,1270,0,40,2,1,2,1,14,57,2
1781455,0,1270,0,40,3,1,2,1,14,20,2
1749667,0,1270,0,40,3,7,2,1,56,27,2
1743851,0,1270,0,40,3,3,2,1,33,53,2
1746245,0,1270,0,40,3,10,2,1,71,30,2
1743223,0,1270,0,40,3,10,2,1,66,47,2
1769468,0,1270,0,40,2,2,2,1,36,30,2
1777379,0,1270,0,40,3,1,2,1,22,80,2
1764949,0,1270,0,40,3,3,2,1,41,37,2
1762434,0,1270,0,40,3,4,2,1,31,63,2
1776254,0,1270,0,40,3,1,2,1,20,16,2
1778900,0,1270,0,40,3,1,2,1,20,28,2
1768817,0,1270,0,40,2,2,2,1,34,24,2
1767514,0,1270,0,40,2,4,2,1,34,39,2
1771919,0,1270,0,40,3,2,2,1,25,30,2
1759607,0,1270,0,40,3,5,2,1,45,53,2
1745335,0,1270,0,40,2,6,2,1,46,77,2
1759444,0,1270,0,40,3,4,2,1,41,26,2
1779876,0,1270,0,40,2,1,2,1,17,20,2
1778297,0,1270,0,40,3,2,2,1,17,41,2
1763995,0,1270,0,40,2,4,2,1,38,19,2
1767953,0,1270,0,40,2,4,2,1,33,37,2
1780839,0,1270,0,40,3,1,2,1,16,78,2
1745500,0,1270,0,40,2,5,2,1,65,34,2
1744761,0,1270,0,40,3,7,2,1,44,61,2
1748921,0,1270,0,40,3,9,2,1,58,62,2
1744180,0,1270,0,40,3,12,2,1,80,22,2
1781533,0,1270,0,40,3,1,2,1,15,37,2
1751650,0,1270,0,40,3,5,2,1,60,57,2
1765936,1,1270,1235,22.7284,3,5,2,1,36,30,2
1762431,0,1270,0,40,3,4,2,1,35,87,2
1742214,0,1270,0,40,3,5,2,1,41,66,2
1764106,0,1270,0,40,3,5,2,1,29,57,2
1763954,0,1270,0,40,2,4,2,1,33,39,2
1778486,0,1270,0,40,3,2,2,1,16,34,2
1779141,0,1270,0,40,3,2,2,1,15,29,2
1763529,0,1270,0,40,2,4,2,1,36,31,2
1776185,0,1270,0,40,2,3,2,1,21,36,2
1780968,0,1270,0,40,3,1,2,1,14,44,2
1781840,0,1270,0,40,2,1,2,1,14,28,2
1781912,0,1270,0,40,3,1,2,1,14,53,2
1758932,0,1270,0,40,2,2,2,1,54,27,2
1764859,0,1270,0,40,2,2,2,1,43,52,2
1756996,0,1270,0,40,2,4,2,1,48,21,2
1764529,0,1270,0,40,3,3,2,1,41,64,2
1740911,0,1270,0,40,2,5,2,1,39,25,2
1756235,0,1270,0,40,2,7,2,1,48,51,2
1776646,0,1270,0,40,3,1,2,1,23,26,2
1757659,0,1270,0,40,2,6,2,1,38,18,2
1771677,0,1270,0,40,2,2,2,1,28,50,2
1758667,0,1270,0,40,2,4,2,1,55,40,2
1752558,0,1270,0,40,3,5,2,1,68,110,2
1750748,0,1270,0,40,3,8,2,1,58,33,2
1776215,0,1270,0,40,3,2,2,1,22,11,2
1778798,0,1270,0,40,3,1,2,1,21,50,2
1761219,0,1270,0,40,3,5,2,1,37,31,2
1768132,0,1270,0,40,3,5,2,1,24,27,2
1751584,0,1270,0,40,2,7,2,1,60,35,2
1778361,0,1270,0,40,3,1,2,1,19,99,2
1779769,0,1270,0,40,3,1,2,1,19,91,2
1768327,0,1270,0,40,2,3,2,1,33,100,2
1766269,0,1270,0,40,2,2,2,1,36,24,2
1769113,0,1270,0,40,3,4,2,1,27,33,2
1775762,0,1270,0,40,2,2,2,1,23,46,2
1756396,0,1270,0,40,3,6,2,1,47,29,2
1769077,0,1270,0,40,2,3,2,1,24,61,2
1770236,0,1270,0,40,3,4,2,1,26,23,2
1758731,0,1270,0,40,3,8,2,1,43,57,2
1779638,0,1270,0,40,2,1,2,1,17,11,2
1764302,0,1270,0,40,2,5,2,1,26,29,2
1772725,0,1270,0,40,3,3,2,1,20,54,2
1761545,0,1270,0,40,3,5,2,1,39,26,2
1747659,0,1270,0,40,3,13,2,1,55,35,2
1780142,0,1270,0,40,2,1,2,1,16,53,2
1776072,0,1270,0,40,2,2,2,1,18,5,2
1746819,0,1270,0,40,2,8,2,1,65,22,2
1756780,0,1270,0,40,3,7,2,1,34,42,2
1768199,0,1270,0,40,3,4,2,1,27,34,2
1751810,0,1270,0,40,3,8,2,1,56,43,2
1774935,0,1270,0,40,3,2,2,1,26,27,2
1780434,0,1270,0,40,3,1,2,1,15,45,2
1747839,0,1270,0,40,3,9,2,1,70,11,2
1752436,0,1270,0,40,2,6,2,1,60,52,2
1776768,0,1270,0,40,2,2,2,1,20,48,2
1764264,0,1270,0,40,3,5,2,1,30,36,2
1770837,0,1270,0,40,3,2,2,1,34,35,2
1771790,0,1270,0,40,3,4,2,1,22,39,2
1782255,0,1270,0,40,3,1,2,1,14,65,2
1782888,0,1270,0,40,2,1,2,1,14,33,2
1758253,0,1270,0,40,3,4,2,1,52,29,2
1773514,0,1270,0,40,3,1,2,1,29,54,2
1775591,0,1270,0,40,2,1,2,1,28,36,2
1738879,0,1270,0,40,3,3,2,1,45,15,2
1768742,0,1270,0,40,3,2,2,1,38,62,2
1777766,0,1270,0,40,2,1,2,1,22,34,2
1756834,0,1270,0,40,2,5,2,1,54,56,2
1771531,0,1270,0,40,3,2,2,1,27,50,2
1769844,0,1270,0,40,3,3,2,1,30,49,2
1735957,0,1270,0,40,2,11,2,1,48,59,2
1753032,0,1270,0,40,2,8,2,1,51,61,2
1748015,0,1270,0,40,3,7,2,1,75,56,2
1759532,0,1270,0,40,2,5,2,1,37,27,2
1779235,0,1270,0,40,2,2,2,1,19,94,2
1765522,0,1270,0,40,2,4,2,1,28,59,2
1741059,0,1270,0,40,3,8,2,1,60,54,2
1777928,0,1270,0,40,3,2,2,1,18,49,2
1782100,0,1270,0,40,2,1,2,1,16,26,2
1772091,0,1270,0,40,2,2,2,1,25,34,2
1765074,0,1270,0,40,3,4,2,1,32,24,2
1736134,0,1270,0,40,3,5,2,1,63,76,2
1769874,0,1270,0,40,3,4,2,1,26,20,2
1776767,0,1270,0,40,2,2,2,1,22,28,2
1778174,0,1270,0,40,3,3,2,1,20,32,2
1780564,0,1270,0,40,3,1,2,1,15,20,2
1782830,0,1270,0,40,3,1,2,1,15,67,2
1751909,0,1270,0,40,3,6,2,1,65,50,2
1754948,0,1270,0,40,3,6,2,1,45,36,2
1777121,0,1270,0,40,2,2,2,1,18,54,2
1783032,0,1270,0,40,2,1,2,1,14,83,2
1783364,0,1270,0,40,2,1,2,1,14,70,2
1752273,0,1270,0,40,2,8,2,1,58,44,2
1776539,0,1270,0,40,3,1,2,1,27,31,2
1758265,0,1270,0,40,2,6,2,1,42,22,2
1760254,0,1270,0,40,2,4,2,1,39,19,2
1779297,0,1270,0,40,3,1,2,1,22,60,2
1744026,0,1270,0,40,3,4,2,1,32,28,2
1768457,0,1270,0,40,3,4,2,1,27,42,2
1744731,0,1270,0,40,2,4,2,1,43,86,2
1771278,0,1270,0,40,3,4,2,1,28,44,2
1775825,0,1270,0,40,3,2,2,1,21,63,2
1743490,0,1270,0,40,3,7,2,1,59,25,2
1769046,0,1270,0,40,3,4,2,1,25,37,2
1782064,0,1270,0,40,2,1,2,1,17,23,2
1762860,0,1270,0,40,3,7,2,1,36,48,2
1744544,0,1270,0,40,2,7,2,1,48,100,2
1777375,0,1270,0,40,3,2,2,1,19,25,2
1730862,0,1270,0,40,2,11,2,1,101,29,2
1741463,0,1270,0,40,2,4,2,1,46,50,2
1775216,0,1270,0,40,3,1,2,1,29,49,2
1766574,0,1270,0,40,2,3,2,1,42,41,2
1738751,0,1270,0,40,3,3,2,1,33,47,2
1768951,0,1270,0,40,2,4,2,1,26,54,2
1774411,0,1270,0,40,2,2,2,1,23,36,2
1745444,0,1270,0,40,3,10,2,1,83,24,2
1760842,0,1270,0,40,2,6,2,1,36,47,2
1755333,0,1270,0,40,2,7,2,1,55,29,2
1779438,0,1270,0,40,2,2,2,1,19,100,2
1781929,0,1270,0,40,3,0,2,1,13,75,2
1782113,0,1270,0,40,3,0,2,1,13,27,2
1782427,0,1270,0,40,2,0,2,1,13,67,2
1782459,0,1270,0,40,2,0,2,1,13,62,2
1782703,0,1270,0,40,3,0,2,1,13,30,2
1782791,0,1270,0,40,2,0,2,1,13,40,2
1782953,0,1270,0,40,2,0,2,1,13,37,2
1783001,0,1270,0,40,2,0,2,1,13,47,2
1783017,0,1270,0,40,2,0,2,1,13,12,2
1783081,0,1270,0,40,2,0,2,1,13,31,2
1783289,0,1270,0,40,2,0,2,1,13,33,2
1783361,0,1270,0,40,3,0,2,1,13,78,2
1783600,0,1270,0,40,3,0,2,1,13,13,2
1783816,0,1270,0,40,3,0,2,1,13,20,2
1783856,0,1270,0,40,2,0,2,1,13,56,2
1783912,0,1270,0,40,2,0,2,1,13,52,2
1783992,0,1270,0,40,3,0,2,1,13,35,2
1784060,0,1270,0,40,2,0,2,1,13,24,2
1784076,0,1270,0,40,2,0,2,1,13,33,2
1784140,0,1270,0,40,2,0,2,1,13,47,2
1784144,0,1270,0,40,2,0,2,1,13,35,2
1784236,0,1270,0,40,3,0,2,1,13,28,2
1784240,0,1270,0,40,2,0,2,1,13,63,2
1784268,0,1270,0,40,2,0,2,1,13,30,2
1784308,0,1270,0,40,3,0,2,1,13,45,2
1784360,0,1270,0,40,2,0,2,1,13,36,2
1784404,0,1270,0,40,2,0,2,1,13,43,2
1784436,0,1270,0,40,3,0,2,1,13,62,2
1784504,0,1270,0,40,3,0,2,1,13,41,2
1784528,0,1270,0,40,3,0,2,1,13,65,2
1784548,0,1270,0,40,3,0,2,1,13,40,2
1784576,0,1270,0,40,3,0,2,1,13,41,2
1784592,0,1270,0,40,2,0,2,1,13,21,2
1784625,0,1270,0,40,2,0,2,1,13,33,2
1784651,0,1270,0,40,2,0,2,1,13,46,2
1784659,0,1270,0,40,2,0,2,1,13,64,2
1784673,0,1270,0,40,2,0,2,1,13,58,2
1784691,0,1270,0,40,3,0,2,1,13,33,2
1784739,0,1270,0,40,3,0,2,1,13,28,2
1784757,0,1270,0,40,3,0,2,1,13,32,2
1784799,0,1270,0,40,3,0,2,1,13,49,2
1784805,0,1270,0,40,2,0,2,1,13,40,2
1784821,0,1270,0,40,3,0,2,1,13,88,2
1784829,0,1270,0,40,3,0,2,1,13,45,2
1784843,0,1270,0,40,2,0,2,1,13,70,2
1784859,0,1270,0,40,2,0,2,1,13,34,2
1784861,0,1270,0,40,3,0,2,1,13,31,2
1784891,0,1270,0,40,3,0,2,1,13,47,2
1784921,0,1270,0,40,2,0,2,1,13,35,2
1784959,2,1270,0,40,2,0,2,1,13,46,2
1784965,0,1270,0,40,2,0,2,1,13,35,2
1784983,0,1270,0,40,3,0,2,1,13,64,2
1785019,0,1270,0,40,2,0,2,1,13,19,2
1785029,0,1270,0,40,2,0,2,1,13,38,2
1785051,0,1270,0,40,3,0,2,1,13,40,2
1785065,0,1270,0,40,3,0,2,1,13,27,2
1785093,0,1270,0,40,2,0,2,1,13,33,2
1785107,0,1270,0,40,2,0,2,1,13,37,2
1785129,0,1270,0,40,3,0,2,1,13,30,2
1785135,0,1270,0,40,2,0,2,1,13,25,2
1785147,0,1270,0,40,2,0,2,1,13,11,2
1785151,0,1270,0,40,3,0,2,1,13,40,2
1785153,0,1270,0,40,2,0,2,1,13,27,2
1785165,0,1270,0,40,3,0,2,1,13,38,2
1785191,0,1270,0,40,3,0,2,1,13,52,2
1785225,0,1270,0,40,2,0,2,1,13,65,2
1785233,0,1270,0,40,2,0,2,1,13,49,2
1785239,0,1270,0,40,3,0,2,1,13,51,2
1762459,0,1270,0,40,3,2,2,1,31,60,2
1744987,0,1270,0,40,3,10,2,1,70,19,2
1777946,0,1270,0,40,3,1,2,1,13,46,2
1769298,0,1270,0,40,2,2,2,1,23,55,2
1765020,0,1270,0,40,3,4,2,1,31,46,2
1746130,0,1270,0,40,2,10,2,1,63,38,2
1752053,0,1270,0,40,2,7,2,1,51,37,2
1753137,0,1270,0,40,3,4,2,1,51,50,2
1744900,0,1270,0,40,2,5,2,1,27,48,2
1775582,0,1270,0,40,3,1,2,1,16,60,2
1767434,0,1270,0,40,3,2,2,1,31,27,2
1759207,0,1270,0,40,3,6,2,1,36,44,2
1756775,0,1270,0,40,2,3,2,1,54,40,2
1736503,0,1270,0,40,3,8,2,1,57,86,2
1745985,0,1270,0,40,3,9,2,1,68,53,2
1752389,0,1270,0,40,2,5,2,1,55,38,2
1768429,0,1270,0,40,3,4,2,1,23,28,2
1771202,0,1270,0,40,2,3,2,1,20,41,2
1777738,0,1270,0,40,3,1,2,1,14,36,2
1743736,0,1270,0,40,3,3,2,1,29,68,2
1774281,0,1270,0,40,3,1,2,1,23,44,2
1751594,0,1270,0,40,3,6,2,1,53,24,2
1750956,0,1270,0,40,2,7,2,1,57,68,2
1777175,0,1270,0,40,2,1,2,1,18,31,2
1758534,0,1270,0,40,3,4,2,1,41,76,2
1774501,0,1270,0,40,3,3,2,1,20,66,2
1716908,0,1270,0,40,2,12,2,1,76,34,2
1756193,0,1270,0,40,3,7,2,1,31,54,2
1776576,0,1270,0,40,3,2,2,1,16,32,2
1761254,0,1270,0,40,2,6,2,1,34,27,2
1779789,0,1270,0,40,2,1,2,1,14,29,2
1754382,0,1270,0,40,2,8,2,1,39,16,2
1780509,0,1270,0,40,3,1,2,1,13,106,2
1768412,0,1270,0,40,2,1,2,1,34,24,2
1765445,0,1270,0,40,2,3,2,1,39,18,2
1741608,0,1270,0,40,3,2,2,1,57,86,2
1755785,0,1270,0,40,2,3,2,1,55,21,2
1774413,0,1270,0,40,3,2,2,1,22,44,2
1754720,0,1270,0,40,2,6,2,1,49,49,2
1776340,0,1270,0,40,3,1,2,1,20,60,2
1765347,0,1270,0,40,3,5,2,1,31,44,2
1743317,0,1270,0,40,3,5,2,1,59,26,2
1764956,0,1270,0,40,2,3,2,1,33,47,2
1742461,0,1270,0,40,2,5,2,1,58,52,2
1777881,0,1270,0,40,3,1,2,1,17,12,2
1778552,0,1270,0,40,3,1,2,1,17,30,2
1769521,0,1270,0,40,3,2,2,1,24,54,2
1770314,0,1270,0,40,2,2,2,1,28,42,2
1750820,0,1270,0,40,2,7,2,1,58,43,2
1779627,0,1270,0,40,2,1,2,1,15,86,2
1744011,0,1270,0,40,3,4,2,1,51,34,2
1741231,0,1270,0,40,3,8,2,1,44,21,2
1780525,0,1270,0,40,2,1,2,1,14,27,2
1760826,0,1270,0,40,3,6,2,1,29,24,2
1763911,0,1270,0,40,2,6,2,1,22,31,2
1778278,0,1270,0,40,2,2,2,1,15,39,2
1758202,0,1270,0,40,2,3,2,1,47,74,2
1772738,0,1270,0,40,3,1,2,1,26,108,2
1748805,0,1270,0,40,2,9,2,1,65,62,2
1773225,0,1270,0,40,3,2,2,1,26,54,2
1749976,0,1270,0,40,2,5,2,1,53,35,2
1755129,0,1270,0,40,2,6,2,1,43,38,2
1763967,0,1270,0,40,2,4,2,1,35,24,2
1747464,0,1270,0,40,2,11,2,1,56,60,2
1753550,0,1270,0,40,2,5,2,1,52,72,2
1769461,0,1270,0,40,3,4,2,1,25,20,2
1755557,0,1270,0,40,2,7,2,1,45,50,2
1760727,0,1270,0,40,2,6,2,1,32,34,2
1762010,0,1270,0,40,3,5,2,1,36,23,2
1779247,0,1270,0,40,2,1,2,1,17,32,2
1754681,0,1270,0,40,2,8,2,1,38,42,2
1763071,0,1270,0,40,3,3,2,1,35,77,2
1754238,0,1270,0,40,3,8,2,1,46,83,2
1740499,0,1270,0,40,2,5,2,1,34,82,2
1774006,0,1270,0,40,2,3,2,1,19,72,2
1779689,0,1270,0,40,3,1,2,1,16,59,2
1779757,0,1270,0,40,3,1,2,1,16,26,2
1780027,0,1270,0,40,3,1,2,1,16,43,2
1775004,0,1270,0,40,3,2,2,1,17,54,2
1773643,0,1270,0,40,3,3,2,1,18,34,2
1780271,0,1270,0,40,2,1,2,1,15,44,2
1760417,0,1270,0,40,3,5,2,1,36,42,2
1778185,0,1270,0,40,2,2,2,1,15,31,2
1775530,0,1270,0,40,2,2,2,1,20,41,2
1780987,0,1270,0,40,2,1,2,1,14,75,2
1765883,0,1270,0,40,3,4,2,1,36,43,2
1754488,0,1270,0,40,3,6,2,1,50,63,2
1751676,0,1270,0,40,3,7,2,1,54,48,2
1773541,0,1270,0,40,2,3,2,1,20,11,2
1754145,0,1270,0,40,3,6,2,1,53,28,2
1774956,0,1270,0,40,2,3,2,1,20,57,2
1759466,0,1270,0,40,3,5,2,1,51,48,2
1773026,0,1270,0,40,3,3,2,1,18,59,2
1771901,0,1270,0,40,2,4,2,1,26,48,2
1771154,0,1270,0,40,2,1,2,1,33,22,2
1766058,0,1270,0,40,2,3,2,1,38,38,2
1775016,0,1270,0,40,3,1,2,1,26,55,2
1775183,0,1270,0,40,2,1,2,1,24,23,2
1768273,0,1270,0,40,2,3,2,1,32,78,2
1754221,0,1270,0,40,3,4,2,1,58,46,2
1767505,0,1270,0,40,3,3,2,1,28,89,2
1764229,0,1270,0,40,3,3,2,1,37,57,2
1751515,0,1270,0,40,2,7,2,1,43,53,2
1777701,0,1270,0,40,3,1,2,1,21,58,2
1755496,0,1270,0,40,2,6,2,1,54,26,2
1738167,0,1270,0,40,2,7,2,1,62,55,2
1756252,0,1270,0,40,2,6,2,1,43,39,2
1770099,0,1270,0,40,2,2,2,1,28,34,2
1778634,0,1270,0,40,3,1,2,1,19,59,2
1762003,0,1270,0,40,3,4,2,1,38,28,2
1761305,0,1270,0,40,2,3,2,1,47,18,2
1760540,0,1270,0,40,2,6,2,1,35,46,2
1779201,0,1270,0,40,2,1,2,1,18,39,2
1743917,0,1270,0,40,2,6,2,1,58,31,2
1766866,0,1270,0,40,3,4,2,1,29,70,2
1742549,0,1270,0,40,3,4,2,1,26,15,2
1769319,0,1270,0,40,2,3,2,1,27,57,2
1768689,0,1270,0,40,3,4,2,1,25,27,2
1779244,0,1270,0,40,3,1,2,1,16,42,2
1772566,0,1270,0,40,3,3,2,1,22,14,2
1768243,0,1270,0,40,2,4,2,1,25,11,2
1772012,0,1270,0,40,2,3,2,1,26,28,2
1780496,0,1270,0,40,3,1,2,1,15,33,2
1756627,0,1270,0,40,3,3,2,1,54,65,2
1762554,0,1270,0,40,2,6,2,1,35,87,2
1753846,0,1270,0,40,3,4,2,1,56,53,2
1746829,0,1270,0,40,2,8,2,1,81,97,2
1779408,0,1270,0,40,3,1,2,1,14,56,2
1779674,0,1270,0,40,3,1,2,1,14,25,2
1781333,0,1270,0,40,2,1,2,1,14,44,2
1744870,0,1270,0,40,3,5,2,1,62,27,2
1765599,0,1270,0,40,2,5,2,1,31,48,2
1778076,0,1270,0,40,2,2,2,1,14,42,2
1768391,0,1270,0,40,2,3,2,1,24,30,2
1777129,0,1270,0,40,2,2,2,1,14,50,2
1757055,0,1270,0,40,3,6,2,1,38,24,2
1768139,0,1270,0,40,3,4,2,1,21,68,2
1769176,0,1270,0,40,2,3,2,1,21,85,2
1741019,0,1270,0,40,2,9,2,1,53,18,2
1780904,0,1270,0,40,2,1,2,1,13,23,2
1782112,0,1270,0,40,3,1,2,1,13,12,2
1763498,0,1270,0,40,2,2,2,1,45,97,2
1750140,0,1270,0,40,2,6,2,1,60,66,2
1761698,0,1270,0,40,3,2,2,1,49,53,2
1768895,0,1270,0,40,3,3,2,1,30,25,2
1681167,0,1270,0,40,2,13,2,1,135,37,2
1750153,0,1270,0,40,2,5,2,1,75,35,2
1776419,0,1270,0,40,2,1,2,1,24,31,2
1761416,0,1270,0,40,3,4,2,1,42,41,2
1739644,0,1270,0,40,3,8,2,1,50,83,2
1774782,0,1270,0,40,2,2,2,1,25,38,2
1743055,0,1270,0,40,2,12,2,1,87,60,2
1742061,0,1270,0,40,3,5,2,1,47,23,2
1764340,0,1270,0,40,2,2,2,1,41,36,2
1759475,0,1270,0,40,2,5,2,1,41,49,2
1764702,0,1270,0,40,2,4,2,1,36,33,2
1778460,0,1270,0,40,3,1,2,1,20,21,2
1758564,0,1270,0,40,2,5,2,1,43,45,2
1774585,0,1270,0,40,3,2,2,1,21,25,2
1771375,0,1270,0,40,2,4,2,1,22,31,2
1778641,0,1270,0,40,3,1,2,1,18,61,2
1778841,0,1270,0,40,2,1,2,1,18,53,2
1756788,0,1270,0,40,3,6,2,1,44,44,2
1771284,0,1270,0,40,3,3,2,1,22,41,2
1776308,0,1270,0,40,3,2,2,1,18,42,2
1779692,0,1270,0,40,3,1,2,1,17,18,2
1676551,0,1270,0,40,3,16,2,1,130,12,2
1729212,0,1270,0,40,2,11,2,1,68,60,2
1749115,0,1270,0,40,2,8,2,1,62,32,2
1771049,0,1270,0,40,3,4,2,1,23,54,2
1780528,0,1270,0,40,3,1,2,1,16,28,2
1751317,0,1270,0,40,3,6,2,1,48,45,2
1743910,0,1270,0,40,3,3,2,1,35,80,2
1748373,0,1270,0,40,3,9,2,1,63,27,2
1759850,0,1270,0,40,2,6,2,1,40,33,2
1759735,0,1270,0,40,2,6,2,1,37,54,2
1768809,0,1270,0,40,2,3,2,1,29,54,2
1781183,0,1270,0,40,3,1,2,1,15,25,2
1770164,0,1270,0,40,3,3,2,1,27,39,2
1770101,0,1270,0,40,2,3,2,1,32,67,2
1741152,0,1270,0,40,2,4,2,1,54,60,2
1754296,0,1270,0,40,2,8,2,1,49,39,2
1764604,0,1270,0,40,2,3,2,1,36,29,2
1777976,0,1270,0,40,3,2,2,1,18,37,2
1778576,0,1270,0,40,3,2,2,1,17,18,2
1740805,0,1270,0,40,2,6,2,1,35,23,2
1752054,0,1270,0,40,3,7,2,1,53,38,2
1747152,0,1270,0,40,2,12,2,1,59,20,2
1777008,0,1270,0,40,2,2,2,1,16,58,2
1772814,0,1270,0,40,3,3,2,1,23,27,2
1776415,0,1270,0,40,2,2,2,1,19,63,2
1759665,0,1270,0,40,2,5,2,1,36,32,2
1764342,0,1270,0,40,2,5,2,1,31,48,2
1765767,0,1270,0,40,2,5,2,1,32,60,2
1778825,0,1270,0,40,3,2,2,1,15,74,2
1743886,0,1270,0,40,2,10,2,1,72,59,2
1765382,0,1270,0,40,2,3,2,1,41,54,2
1782712,0,1270,0,40,3,1,2,1,13,36,2
1755905,0,1270,0,40,3,6,2,1,54,43,2
1765740,0,1270,0,40,3,3,2,1,36,55,2
1739484,0,1270,0,40,2,6,2,1,58,47,2
1762733,0,1270,0,40,3,4,2,1,40,52,2
1774520,0,1270,0,40,2,1,2,1,29,48,2
1757778,0,1270,0,40,2,5,2,1,41,34,2
1758867,0,1270,0,40,2,5,2,1,54,71,2
1757828,0,1270,0,40,3,4,2,1,50,25,2
1762686,0,1270,0,40,2,4,2,1,41,39,2
1757517,0,1270,0,40,2,7,2,1,41,35,2
1774358,0,1270,0,40,2,2,2,1,26,80,2
1741778,0,1270,0,40,3,9,2,1,43,87,2
1778075,0,1270,0,40,3,1,2,1,20,28,2
1751992,0,1270,0,40,3,7,2,1,52,48,2
1775915,0,1270,0,40,3,2,2,1,20,34,2
1777611,0,1270,0,40,3,2,2,1,21,29,2
1764506,0,1270,0,40,2,2,2,1,38,63,2
1769897,0,1270,0,40,3,3,2,1,28,22,2
1750078,0,1270,0,40,2,8,2,1,64,91,2
1773858,0,1270,0,40,2,3,2,1,20,33,2
1780437,0,1270,0,40,3,1,2,1,18,49,2
1740868,0,1270,0,40,2,11,2,1,61,77,2
1741687,0,1270,0,40,3,6,2,1,62,62,2
1774817,0,1270,0,40,2,2,2,1,23,69,2
1778264,0,1270,0,40,3,2,2,1,18,33,2
1761664,0,1270,0,40,3,7,2,1,30,29,2
1778212,0,1270,0,40,3,2,2,1,21,64,2
1766441,0,1270,0,40,3,4,2,1,25,54,2
1775458,0,1270,0,40,3,2,2,1,22,18,2
1762972,0,1270,0,40,2,5,2,1,37,50,2
1780890,0,1270,0,40,3,1,2,1,16,47,2
1766606,0,1270,0,40,2,2,2,1,36,37,2
1759082,0,1270,0,40,2,6,2,1,36,35,2
1742091,0,1270,0,40,2,6,2,1,46,37,2
1777608,0,1270,0,40,3,2,2,1,17,72,2
1752460,0,1270,0,40,3,5,2,1,61,80,2
1764485,0,1270,0,40,2,4,2,1,32,57,2
1781056,0,1270,0,40,2,1,2,1,15,38,2
1781894,0,1270,0,40,2,1,2,1,15,61,2
1781986,0,1270,0,40,3,1,2,1,15,53,2
1771727,0,1270,0,40,3,3,2,1,21,20,2
1766680,0,1270,0,40,2,4,2,1,29,94,2
1761121,0,1270,0,40,3,5,2,1,38,63,2
1754229,0,1270,0,40,2,8,2,1,50,51,2
1772626,0,1270,0,40,3,3,2,1,23,69,2
1781518,0,1270,0,40,2,1,2,1,14,69,2
1782420,0,1270,0,40,3,1,2,1,14,38,2
1782464,0,1270,0,40,2,1,2,1,14,39,2
1782622,0,1270,0,40,2,1,2,1,14,87,2
1782674,0,1270,0,40,3,1,2,1,14,60,2
1752715,0,1270,0,40,3,7,2,1,49,31,2
1777202,0,1270,0,40,2,2,2,1,20,30,2
1761283,0,1270,0,40,2,5,2,1,40,55,2
1769110,0,1270,0,40,2,5,2,1,24,22,2
1749806,0,1270,0,40,3,10,2,1,51,14,2
1761004,0,1270,0,40,3,6,2,1,33,36,2
1757926,0,1270,0,40,2,5,2,1,52,24,2
1774525,0,1270,0,40,2,3,2,1,22,19,2
1748453,0,1270,0,40,3,12,2,1,59,66,2
1781234,0,1270,0,40,2,1,2,1,13,33,2
1781626,0,1270,0,40,3,1,2,1,13,61,2
1782749,0,1270,0,40,3,1,2,1,13,41,2
1782805,0,1270,0,40,2,1,2,1,13,15,2
1782914,0,1270,0,40,3,1,2,1,13,55,2
1771014,0,1270,0,40,3,1,2,1,37,33,2
1745276,0,1270,0,40,2,7,2,1,86,60,2
1773846,0,1270,0,40,3,1,2,1,31,38,2
1759213,0,1270,0,40,2,3,2,1,53,49,2
1768881,0,1270,0,40,2,2,2,1,32,49,2
1753278,0,1270,0,40,3,5,2,1,57,16,2
1750077,0,1270,0,40,2,10,2,1,50,14,2
1773454,0,1270,0,40,2,2,2,1,27,86,2
1765750,0,1270,0,40,2,4,2,1,39,50,2
1763312,0,1270,0,40,2,4,2,1,35,66,2
1771889,0,1270,0,40,2,2,2,1,30,95,2
1743382,0,1270,0,40,3,5,2,1,32,61,2
1753384,0,1270,0,40,3,6,2,1,55,59,2
1769116,0,1270,0,40,3,3,2,1,31,13,2
1761019,0,1270,0,40,3,6,2,1,31,32,2
1779004,0,1270,0,40,2,1,2,1,19,38,2
1779324,0,1270,0,40,2,1,2,1,19,54,2
1737959,0,1270,0,40,3,2,2,1,25,34,2
1774789,0,1270,0,40,3,2,2,1,21,80,2
1780621,0,1270,0,40,2,1,2,1,18,69,2
1773962,0,1270,0,40,3,3,2,1,21,45,2
1761212,0,1270,0,40,2,4,2,1,45,29,2
1744193,0,1270,0,40,3,3,2,1,43,38,2
1737223,0,1270,0,40,2,9,2,1,62,40,2
1780486,0,1270,0,40,3,1,2,1,17,43,2
1749201,0,1270,0,40,3,9,2,1,56,42,2
1772263,0,1270,0,40,3,3,2,1,26,52,2
1766100,0,1270,0,40,3,3,2,1,29,44,2
1772485,0,1270,0,40,2,2,2,1,27,48,2
1754472,0,1270,0,40,3,8,2,1,39,56,2
1767034,0,1270,0,40,2,4,2,1,33,47,2
1760097,0,1270,0,40,2,6,2,1,46,20,2
1760777,0,1270,0,40,3,5,2,1,34,16,2
1754318,0,1270,0,40,2,7,2,1,52,64,2
1767359,0,1270,0,40,2,4,2,1,26,11,2
1781012,0,1270,0,40,2,1,2,1,15,29,2
1765439,0,1270,0,40,2,5,2,1,24,63,2
1750500,0,1270,0,40,3,10,2,1,53,46,2
1742520,0,1270,0,40,3,7,2,1,64,34,2
1764569,0,1270,0,40,3,5,2,1,27,27,2
1751756,0,1270,0,40,3,7,2,1,57,35,2
1753684,0,1270,0,40,2,7,2,1,55,31,2
1778624,0,1270,0,40,3,2,2,1,15,45,2
1766688,0,1270,0,40,3,4,2,1,33,24,2
1760675,0,1270,0,40,3,6,2,1,41,67,2
1783191,0,1270,0,40,2,1,2,1,13,27,2
1749084,0,1270,0,40,3,7,2,1,60,34,2
1740788,0,1270,0,40,3,6,2,1,64,46,2
1753410,0,1270,0,40,3,6,2,1,56,26,2
1754644,0,1270,0,40,3,7,2,1,54,39,2
1746978,0,1270,0,40,2,8,2,1,79,114,2
1775782,0,1270,0,40,3,2,2,1,23,34,2
1763657,0,1270,0,40,2,3,2,1,43,70,2
1761068,0,1270,0,40,2,9,2,1,35,45,2
1782094,0,1270,0,40,2,1,2,1,17,16,2
1743734,0,1270,0,40,3,4,2,1,44,64,2
1770970,0,1270,0,40,2,4,2,1,24,27,2
1748438,0,1270,0,40,3,8,2,1,70,38,2
1778277,0,1270,0,40,3,2,2,1,21,25,2
1779043,0,1270,0,40,3,2,2,1,16,45,2
1759751,0,1270,0,40,2,6,2,1,44,25,2
1783707,0,1270,0,40,2,1,2,1,14,37,2
1773959,0,1270,0,40,3,2,2,1,26,32,2
1775374,0,1270,0,40,3,3,2,1,16,23,2
1735730,0,1270,0,40,2,11,2,1,64,10,2
1744498,0,1270,0,40,2,7,2,1,34,37,2
1739071,0,1270,0,40,2,3,2,1,34,46,2
1772608,0,1270,0,40,2,4,2,1,25,31,2
1762522,0,1270,0,40,2,4,2,1,48,26,2
1754286,0,1270,0,40,3,6,2,1,54,66,2
1768479,0,1270,0,40,3,3,2,1,31,36,2
1779191,0,1270,0,40,3,2,2,1,20,44,2
1742621,0,1270,0,40,3,6,2,1,39,65,2
1781218,0,1270,0,40,3,1,2,1,16,58,2
1727434,0,1270,0,40,2,6,2,1,62,40,2
1781082,0,1270,0,40,3,2,2,1,15,55,2
1782655,0,1270,0,40,2,0,2,1,12,45,2
1783009,2,1270,0,40,2,0,2,1,12,76,2
1783201,0,1270,0,40,2,0,2,1,12,46,2
1783385,0,1270,0,40,2,0,2,1,12,36,2
1783548,0,1270,0,40,3,0,2,1,12,35,2
1783596,0,1270,0,40,2,0,2,1,12,42,2
1783716,0,1270,0,40,3,0,2,1,12,24,2
1783796,0,1270,0,40,3,0,2,1,12,54,2
1783844,0,1270,0,40,3,0,2,1,12,60,2
1783892,0,1270,0,40,2,0,2,1,12,41,2
1783924,0,1270,0,40,2,0,2,1,12,41,2
1784052,0,1270,0,40,2,0,2,1,12,56,2
1784094,0,1270,0,40,2,0,2,1,12,75,2
1784214,0,1270,0,40,3,0,2,1,12,38,2
1784270,0,1270,0,40,2,0,2,1,12,50,2
1784318,0,1270,0,40,3,0,2,1,12,26,2
1784358,0,1270,0,40,3,0,2,1,12,41,2
1784366,0,1270,0,40,3,0,2,1,12,34,2
1784446,0,1270,0,40,2,0,2,1,12,48,2
1784574,0,1270,0,40,2,0,2,1,12,36,2
1784614,0,1270,0,40,3,0,2,1,12,94,2
1784618,0,1270,0,40,2,0,2,1,12,57,2
1784626,0,1270,0,40,2,0,2,1,12,49,2
1784654,0,1270,0,40,2,0,2,1,12,89,2
1784674,0,1270,0,40,3,0,2,1,12,45,2
1784698,0,1270,0,40,3,0,2,1,12,56,2
1784718,0,1270,0,40,2,0,2,1,12,54,2
1784730,0,1270,0,40,2,0,2,1,12,46,2
1784810,0,1270,0,40,3,0,2,1,12,40,2
1784826,0,1270,0,40,2,0,2,1,12,60,2
1784830,0,1270,0,40,3,0,2,1,12,74,2
1784834,0,1270,0,40,3,0,2,1,12,58,2
1784862,0,1270,0,40,2,0,2,1,12,15,2
1784882,0,1270,0,40,3,0,2,1,12,16,2
1784898,0,1270,0,40,3,0,2,1,12,40,2
1784906,0,1270,0,40,2,0,2,1,12,70,2
1784918,0,1270,0,40,2,0,2,1,12,33,2
1784942,0,1270,0,40,3,0,2,1,12,68,2
1784946,0,1270,0,40,3,0,2,1,12,54,2
1784954,0,1270,0,40,3,0,2,1,12,43,2
1784978,0,1270,0,40,2,0,2,1,12,82,2
1784986,0,1270,0,40,3,0,2,1,12,58,2
1784990,0,1270,0,40,3,0,2,1,12,51,2
1785006,0,1270,0,40,2,0,2,1,12,38,2
1785030,0,1270,0,40,2,0,2,1,12,23,2
1785034,0,1270,0,40,2,0,2,1,12,28,2
1785054,0,1270,0,40,2,0,2,1,12,12,2
1785086,0,1270,0,40,3,0,2,1,12,59,2
1785090,0,1270,0,40,2,0,2,1,12,26,2
1785126,0,1270,0,40,2,0,2,1,12,48,2
1785146,0,1270,0,40,3,0,2,1,12,65,2
1785158,0,1270,0,40,2,0,2,1,12,53,2
1785170,0,1270,0,40,2,0,2,1,12,40,2
1785178,0,1270,0,40,3,0,2,1,12,63,2
1785214,0,1270,0,40,3,0,2,1,12,34,2
1785238,0,1270,0,40,3,0,2,1,12,49,2
1785247,0,1270,0,40,3,0,2,1,12,34,2
1785269,0,1270,0,40,2,0,2,1,12,28,2
1785277,0,1270,0,40,3,0,2,1,12,30,2
1785293,0,1270,0,40,3,0,2,1,12,32,2
1785295,0,1270,0,40,3,0,2,1,12,47,2
1785323,0,1270,0,40,3,0,2,1,12,51,2
1785353,0,1270,0,40,2,0,2,1,12,93,2
1785355,0,1270,0,40,3,0,2,1,12,72,2
1785381,0,1270,0,40,3,0,2,1,12,69,2
1785397,0,1270,0,40,3,0,2,1,12,49,2
1785413,0,1270,0,40,2,0,2,1,12,44,2
1785417,0,1270,0,40,3,0,2,1,12,52,2
1785433,0,1270,0,40,3,0,2,1,12,25,2
1785445,0,1270,0,40,3,0,2,1,12,46,2
1785451,0,1270,0,40,2,0,2,1,12,23,2
1785477,0,1270,0,40,3,0,2,1,12,29,2
1785485,0,1270,0,40,3,0,2,1,12,30,2
1785507,0,1270,0,40,2,0,2,1,12,54,2
1785523,0,1270,0,40,3,0,2,1,12,36,2
1785533,0,1270,0,40,2,0,2,1,12,44,2
1785541,0,1270,0,40,2,0,2,1,12,99,2
1785565,0,1270,0,40,3,0,2,1,12,14,2
1785593,0,1270,0,40,3,0,2,1,12,15,2
1785613,0,1270,0,40,3,0,2,1,12,68,2
1785627,0,1270,0,40,2,0,2,1,12,37,2
1785633,0,1270,0,40,3,0,2,1,12,16,2
1785635,0,1270,0,40,2,0,2,1,12,34,2
1785647,0,1270,0,40,3,0,2,1,12,51,2
1785655,0,1270,0,40,2,0,2,1,12,31,2
1785691,0,1270,0,40,2,0,2,1,12,35,2
1785697,0,1270,0,40,2,0,2,1,12,28,2
1785703,0,1270,0,40,2,0,2,1,12,34,2
1785753,0,1270,0,40,3,0,2,1,12,29,2
1785769,0,1270,0,40,3,0,2,1,12,16,2
1785771,0,1270,0,40,3,0,2,1,12,38,2
1747535,0,1270,0,40,3,7,2,1,64,63,2
1758496,0,1270,0,40,3,5,2,1,37,104,2
1768090,0,1270,0,40,2,3,2,1,23,65,2
1775772,0,1270,0,40,3,1,2,1,17,51,2
1775426,0,1270,0,40,2,1,2,1,16,45,2
1762403,0,1270,0,40,2,4,2,1,29,9,2
1741438,0,1270,0,40,2,7,2,1,53,114,2
1773577,0,1270,0,40,2,2,2,1,19,62,2
1764094,0,1270,0,40,3,1,2,1,40,39,2
1772774,0,1270,0,40,2,1,2,1,23,90,2
1739329,0,1270,0,40,3,8,2,1,48,45,2
1730212,0,1270,0,40,3,7,2,1,49,34,2
1777675,0,1270,0,40,2,1,2,1,16,44,2
1764522,0,1270,0,40,2,4,2,1,32,49,2
1771844,0,1270,0,40,3,3,2,1,18,42,2
1777570,0,1270,0,40,3,1,2,1,12,63,2
1754592,0,1270,0,40,3,3,2,1,62,14,2
1769839,0,1270,0,40,2,2,2,1,30,65,2
1766147,0,1270,0,40,3,3,2,1,32,7,2
1775645,0,1270,0,40,3,1,2,1,21,34,2
1767932,0,1270,0,40,2,3,2,1,25,61,2
1740648,0,1270,0,40,3,3,2,1,36,74,2
1768209,0,1270,0,40,3,4,2,1,25,62,2
1734258,0,1270,0,40,2,7,2,1,42,99,2
1744386,0,1270,0,40,2,6,2,1,61,32,2
1772885,0,1270,0,40,3,2,2,1,14,30,2
1776411,0,1270,0,40,3,2,2,1,15,32,2
1763865,0,1270,0,40,3,5,2,1,28,32,2
1739094,0,1270,0,40,3,9,2,1,56,47,2
1779916,0,1270,0,40,3,1,2,1,12,36,2
1780393,0,1270,0,40,3,1,2,1,12,31,2
1766684,0,1270,0,40,3,2,2,1,33,33,2
1768299,0,1270,0,40,2,2,2,1,30,83,2
1747161,0,1270,0,40,3,10,2,1,59,33,2
1776680,0,1270,0,40,2,1,2,1,19,76,2
1745894,0,1270,0,40,2,6,2,1,38,15,2
1763458,0,1270,0,40,3,4,2,1,33,57,2
1771100,0,1270,0,40,3,4,2,1,22,51,2
1777113,0,1270,0,40,3,1,2,1,16,30,2
1774797,0,1270,0,40,2,2,2,1,16,53,2
1779023,0,1270,0,40,3,1,2,1,15,90,2
1775652,0,1270,0,40,2,2,2,1,18,47,2
1756220,0,1270,0,40,3,5,2,1,41,61,2
1739017,0,1270,0,40,3,7,2,1,65,52,2
1747677,0,1270,0,40,2,10,2,1,54,47,2
1768806,0,1270,0,40,2,3,2,1,24,23,2
1742861,0,1270,0,40,2,7,2,1,46,31,2
1780408,0,1270,0,40,3,1,2,1,12,54,2
1763787,0,1270,0,40,2,2,2,1,46,19,2
1742155,0,1270,0,40,3,4,2,1,52,43,2
1770521,0,1270,0,40,3,2,2,1,29,44,2
1751047,0,1270,0,40,2,7,2,1,64,25,2
1773715,0,1270,0,40,3,2,2,1,24,13,2
1771500,0,1270,0,40,2,2,2,1,23,15,2
1752442,0,1270,0,40,3,7,2,1,52,60,2
1777417,0,1270,0,40,2,1,2,1,19,56,2
1750143,0,1270,0,40,3,10,2,1,44,61,2
1774504,0,1270,0,40,3,2,2,1,18,56,2
1774003,0,1270,0,40,3,3,2,1,19,48,2
1748663,0,1270,0,40,3,10,2,1,64,41,2
1769189,0,1270,0,40,3,3,2,1,24,19,2
1763268,0,1270,0,40,3,6,2,1,35,38,2
1778539,0,1270,0,40,2,1,2,1,16,92,2
1769071,0,1270,0,40,2,3,2,1,24,50,2
1754753,0,1270,0,40,2,8,2,1,38,13,2
1743579,0,1270,0,40,3,7,2,1,37,79,2
1769690,0,1270,0,40,3,2,2,1,26,12,2
1759654,0,1270,0,40,2,5,2,1,36,44,2
1766873,0,1270,0,40,2,4,2,1,25,67,2
1772756,1,1270,1254,18.2925,3,3,2,1,22,20,2
1770553,0,1270,0,40,2,3,2,1,20,65,2
1764270,0,1270,0,40,2,4,2,1,33,51,2
1746247,0,1270,0,40,3,12,2,1,63,46,2
1780877,0,1270,0,40,3,1,2,1,13,34,2
1758326,0,1270,0,40,2,7,2,1,34,61,2
1749618,0,1270,0,40,3,9,2,1,64,56,2
1775931,0,1270,0,40,2,2,2,1,15,51,2
1763273,0,1270,0,40,2,5,2,1,27,77,2
1753078,0,1270,0,40,3,6,2,1,53,38,2
1779440,0,1270,0,40,3,1,2,1,12,93,2
1781393,0,1270,0,40,3,1,2,1,12,35,2
1763821,0,1270,0,40,3,4,2,1,36,40,2
1769680,0,1270,0,40,3,2,2,1,27,29,2
1770193,0,1270,0,40,3,2,2,1,27,33,2
1752098,0,1270,0,40,3,5,2,1,66,64,2
1756223,0,1270,0,40,3,7,2,1,39,30,2
1748460,0,1270,0,40,3,9,2,1,66,94,2
1761571,0,1270,0,40,3,5,2,1,30,59,2
1773662,0,1270,0,40,3,2,2,1,23,42,2
1752575,0,1270,0,40,2,5,2,1,60,55,2
1777633,0,1270,0,40,3,1,2,1,20,57,2
1763065,0,1270,0,40,3,4,2,1,28,37,2
1764729,0,1270,0,40,3,4,2,1,37,64,2
1777548,0,1270,0,40,3,1,2,1,19,39,2
1749856,0,1270,0,40,3,8,2,1,49,17,2
1778600,0,1270,0,40,3,1,2,1,18,36,2
1750925,0,1270,0,40,2,6,2,1,57,31,2
1751522,0,1270,0,40,2,9,2,1,43,19,2
1754993,0,1270,0,40,3,5,2,1,56,80,2
1752842,0,1270,0,40,3,10,2,1,40,24,2
1760635,0,1270,0,40,3,5,2,1,34,16,2
1751004,0,1270,0,40,2,8,2,1,56,24,2
1745809,0,1270,0,40,3,5,2,1,47,32,2
1780232,0,1270,0,40,3,1,2,1,14,12,2
1747950,0,1270,0,40,2,7,2,1,59,47,2
1737554,0,1270,0,40,3,9,2,1,39,15,2
1765873,0,1270,0,40,2,4,2,1,29,80,2
1749704,0,1270,0,40,2,10,2,1,47,20,2
1771566,0,1270,0,40,3,3,2,1,23,34,2
1661245,0,1270,0,40,2,26,2,1,142,61,2
1747946,0,1270,0,40,3,10,2,1,63,44,2
1727631,0,1270,0,40,3,7,2,1,44,54,2
1779056,0,1270,0,40,2,1,2,1,13,33,2
1781581,0,1270,0,40,3,1,2,1,13,20,2
1766893,0,1270,0,40,2,4,2,1,30,28,2
1766316,0,1270,0,40,3,4,2,1,25,89,2
1757801,0,1270,0,40,3,7,2,1,47,53,2
1766590,1,1270,1255,13.4205,3,4,2,1,26,48,2
1779481,0,1270,0,40,2,2,2,1,14,27,2
1761592,0,1270,0,40,2,4,2,1,45,38,2
1781892,0,1270,0,40,3,1,2,1,12,31,2
1753404,0,1270,0,40,3,7,2,1,57,61,2
1766839,0,1270,0,40,2,2,2,1,36,36,2
1775415,0,1270,0,40,2,1,2,1,25,41,2
1767980,0,1270,0,40,3,2,2,1,34,33,2
1754752,0,1270,0,40,3,6,2,1,50,26,2
1772805,0,1270,0,40,3,2,2,1,26,47,2
1765706,0,1270,0,40,3,4,2,1,31,28,2
1776852,0,1270,0,40,3,1,2,1,22,33,2
1715165,0,1270,0,40,3,15,2,1,97,46,2
1761846,0,1270,0,40,2,5,2,1,40,34,2
1778118,0,1270,0,40,2,1,2,1,20,25,2
1750176,0,1270,0,40,2,8,2,1,45,20,2
1772638,0,1270,0,40,2,2,2,1,28,47,2
1777758,0,1270,0,40,2,1,2,1,19,113,2
1778117,0,1270,0,40,2,1,2,1,19,37,2
1778382,0,1270,0,40,3,1,2,1,19,33,2
1747050,0,1270,0,40,2,7,2,1,63,59,2
1762534,0,1270,0,40,3,4,2,1,38,26,2
1762050,0,1270,0,40,3,5,2,1,36,67,2
1777194,0,1270,0,40,2,2,2,1,19,68,2
1777887,0,1270,0,40,2,1,2,1,17,30,2
1779833,0,1270,0,40,3,1,2,1,17,41,2
1754171,0,1270,0,40,2,9,2,1,48,25,2
1754697,0,1270,0,40,2,7,2,1,47,68,2
1779652,0,1270,0,40,3,1,2,1,16,53,2
1772314,0,1270,0,40,2,2,2,1,21,24,2
1773102,0,1270,0,40,2,2,2,1,23,41,2
1774327,0,1270,0,40,2,2,2,1,19,53,2
1781125,0,1270,0,40,3,1,2,1,15,66,2
1741539,0,1270,0,40,3,10,2,1,57,19,2
1776623,0,1270,0,40,3,2,2,1,15,62,2
1734372,0,1270,0,40,3,8,2,1,56,77,2
1774119,0,1270,0,40,2,2,2,1,21,41,2
1770144,0,1270,0,40,2,2,2,1,31,45,2
1775195,0,1270,0,40,2,2,2,1,18,10,2
1750565,0,1270,0,40,3,12,2,1,43,28,2
1751937,0,1270,0,40,2,8,2,1,50,19,2
1727714,0,1270,0,40,3,13,2,1,75,37,2
1757373,0,1270,0,40,2,6,2,1,49,66,2
1766379,0,1270,0,40,2,4,2,1,31,91,2
1765263,0,1270,0,40,2,4,2,1,35,43,2
1781233,0,1270,0,40,2,1,2,1,14,74,2
1767714,0,1270,0,40,2,4,2,1,23,19,2
1765980,0,1270,0,40,2,5,2,1,25,72,2
1745775,0,1270,0,40,2,5,2,1,42,63,2
1759539,0,1270,0,40,2,6,2,1,40,33,2
1759399,0,1270,0,40,2,6,2,1,43,105,2
1781810,0,1270,0,40,2,1,2,1,13,39,2
1769063,0,1270,0,40,2,4,2,1,26,37,2
1760816,0,1270,0,40,3,4,2,1,40,47,2
1776634,0,1270,0,40,2,2,2,1,15,27,2
1757381,0,1270,0,40,2,6,2,1,42,25,2
1777223,0,1270,0,40,2,2,2,1,17,105,2
1753245,0,1270,0,40,3,6,2,1,54,22,2
1762916,0,1270,0,40,2,4,2,1,41,42,2
1757889,0,1270,0,40,3,6,2,1,28,63,2
1777576,0,1270,0,40,2,3,2,1,17,39,2
1779649,0,1270,0,40,3,2,2,1,15,24,2
1781867,0,1270,0,40,3,1,2,1,12,102,2
1782770,0,1270,0,40,2,1,2,1,12,38,2
1753479,0,1270,0,40,3,4,2,1,60,24,2
1762441,0,1270,0,40,3,4,2,1,37,32,2
1739702,0,1270,0,40,2,6,2,1,48,66,2
1738356,0,1270,0,40,2,6,2,1,82,27,2
1764551,0,1270,0,40,3,3,2,1,39,82,2
1776844,0,1270,0,40,2,1,2,1,23,48,2
1772438,0,1270,0,40,2,2,2,1,28,28,2
1775693,0,1270,0,40,3,2,2,1,23,49,2
1764084,0,1270,0,40,3,5,2,1,36,24,2
1770842,0,1270,0,40,2,2,2,1,29,51,2
1744930,0,1270,0,40,2,2,2,1,28,26,2
1776685,0,1270,0,40,3,2,2,1,22,72,2
1765468,0,1270,0,40,3,5,2,1,36,75,2
1761515,0,1270,0,40,2,4,2,1,37,30,2
1770960,0,1270,0,40,2,2,2,1,29,76,2
1773202,0,1270,0,40,3,2,2,1,20,42,2
1749729,0,1270,0,40,2,10,2,1,67,7,2
1778035,0,1270,0,40,3,1,2,1,19,46,2
1778871,0,1270,0,40,3,1,2,1,19,21,2
1749502,0,1270,0,40,2,7,2,1,56,45,2
1763683,0,1270,0,40,2,6,2,1,31,50,2
1761109,0,1270,0,40,3,5,2,1,36,11,2
1775031,0,1270,0,40,3,2,2,1,20,21,2
1770529,0,1270,0,40,2,3,2,1,29,32,2
1778023,0,1270,0,40,2,1,2,1,17,65,2
1749341,0,1270,0,40,2,9,2,1,61,30,2
1761242,0,1270,0,40,3,6,2,1,27,77,2
1759631,0,1270,0,40,2,5,2,1,32,33,2
1776129,0,1270,0,40,2,2,2,1,18,38,2
1769883,0,1270,0,40,3,2,2,1,34,44,2
1761253,0,1270,0,40,3,6,2,1,41,47,2
1748790,0,1270,0,40,2,10,2,1,52,73,2
1754664,1,1270,1249,40,2,9,2,1,41,49,2
1777986,0,1270,0,40,3,2,2,1,19,61,2
1779606,0,1270,0,40,2,1,2,1,16,92,2
1780805,0,1270,0,40,2,1,2,1,16,38,2
1745528,0,1270,0,40,2,7,2,1,78,80,2
1768748,0,1270,0,40,3,3,2,1,34,43,2
1769873,0,1270,0,40,3,3,2,1,27,43,2
1745938,0,1270,0,40,3,11,2,1,83,19,2
1778375,0,1270,0,40,3,2,2,1,18,28,2
1752001,0,1270,0,40,3,6,2,1,57,29,2
1733197,0,1270,0,40,3,12,2,1,70,37,2
1755206,0,1270,0,40,3,5,2,1,46,66,2
1753315,0,1270,0,40,3,8,2,1,43,65,2
1744350,0,1270,0,40,3,8,2,1,52,32,2
1756899,0,1270,0,40,3,7,2,1,32,26,2
1763285,0,1270,0,40,2,5,2,1,31,23,2
1752296,0,1270,0,40,2,7,2,1,54,53,2
1758943,0,1270,0,40,3,7,2,1,33,28,2
1768128,0,1270,0,40,3,6,2,1,31,36,2
1767553,0,1270,0,40,3,4,2,1,25,19,2
1773222,0,1270,0,40,3,3,2,1,24,67,2
1755801,0,1270,0,40,3,6,2,1,49,39,2
1749155,0,1270,0,40,3,9,2,1,56,60,2
1780497,0,1270,0,40,2,2,2,1,13,42,2
1781673,0,1270,0,40,3,2,2,1,13,8,2
1748993,0,1270,0,40,2,7,2,1,68,61,2
1781209,0,1270,0,40,3,2,2,1,14,67,2
1782197,0,1270,0,40,2,1,2,1,12,15,2
1768059,0,1270,0,40,3,2,2,1,39,28,2
1746062,0,1270,0,40,2,9,2,1,74,42,2
1760667,0,1270,0,40,3,5,2,1,43,64,2
1775584,0,1270,0,40,2,1,2,1,26,30,2
1745210,0,1270,0,40,3,4,2,1,61,38,2
1753095,0,1270,0,40,3,8,2,1,45,62,2
1752177,0,1270,0,40,2,8,2,1,53,23,2
1758984,0,1270,0,40,2,6,2,1,47,56,2
1740285,0,1270,0,40,3,6,2,1,72,63,2
1751799,0,1270,0,40,2,10,2,1,46,41,2
1774864,0,1270,0,40,3,3,2,1,27,33,2
1765956,0,1270,0,40,3,3,2,1,34,58,2
1773921,0,1270,0,40,2,2,2,1,25,48,2
1779807,0,1270,0,40,3,1,2,1,19,47,2
1771045,0,1270,0,40,3,3,2,1,29,24,2
1776957,0,1270,0,40,3,2,2,1,19,50,2
1735245,0,1270,0,40,3,10,2,1,106,31,2
1780028,0,1270,0,40,3,1,2,1,18,75,2
1773932,0,1270,0,40,3,2,2,1,20,20,2
1762414,0,1270,0,40,2,5,2,1,38,21,2
1770542,0,1270,0,40,2,2,2,1,31,13,2
1740321,0,1270,0,40,3,5,2,1,46,25,2
1733929,0,1270,0,40,3,4,2,1,39,41,2
1775933,0,1270,0,40,2,2,2,1,22,39,2
1762723,0,1270,0,40,2,6,2,1,33,31,2
1693282,0,1270,0,40,3,16,2,1,96,26,2
1770510,0,1270,0,40,2,4,2,1,27,49,2
1768483,0,1270,0,40,2,4,2,1,25,27,2
1772902,0,1270,0,40,3,2,2,1,23,48,2
1770525,0,1270,0,40,2,3,2,1,27,34,2
1777737,0,1270,0,40,2,2,2,1,20,100,2
1779749,0,1270,0,40,2,2,2,1,17,18,2
1772038,0,1270,0,40,3,3,2,1,22,68,2
1764921,0,1270,0,40,3,5,2,1,35,39,2
1773490,0,1270,0,40,3,2,2,1,19,32,2
1754285,0,1270,0,40,3,7,2,1,42,33,2
1751178,0,1270,0,40,2,7,2,1,63,109,2
1746456,0,1270,0,40,2,8,2,1,73,72,2
1755781,0,1270,0,40,2,6,2,1,55,64,2
1752339,0,1270,0,40,2,9,2,1,48,31,2
1742368,0,1270,0,40,2,4,2,1,45,56,2
1776969,0,1270,0,40,2,2,2,1,17,30,2
1757603,0,1270,0,40,3,5,2,1,43,50,2
1746585,0,1270,0,40,2,11,2,1,65,28,2
1781751,0,1270,0,40,3,1,2,1,14,56,2
1767579,0,1270,0,40,2,2,2,1,29,38,2
1762039,0,1270,0,40,2,4,2,1,34,41,2
1743879,0,1270,0,40,3,8,2,1,45,60,2
1763076,0,1270,0,40,2,7,2,1,29,37,2
1750819,0,1270,0,40,2,7,2,1,57,52,2
1774448,0,1270,0,40,2,3,2,1,18,20,2
1742954,0,1270,0,40,3,4,2,1,28,56,2
1736647,0,1270,0,40,2,10,2,1,38,15,2
1782321,0,1270,0,40,3,1,2,1,13,23,2
1782489,0,1270,0,40,3,1,2,1,13,51,2
1774050,0,1270,0,40,3,3,2,1,16,29,2
1768120,0,1270,0,40,3,3,2,1,29,35,2
1743794,0,1270,0,40,3,5,2,1,34,52,2
1751121,0,1270,0,40,2,9,2,1,41,86,2
1760449,0,1270,0,40,3,7,2,1,32,25,2
1772826,0,1270,0,40,2,2,2,1,23,64,2
1776659,0,1270,0,40,2,2,2,1,22,84,2
1763036,0,1270,0,40,3,5,2,1,38,94,2
1743486,0,1270,0,40,3,7,2,1,31,36,2
1781777,0,1270,0,40,2,1,2,1,12,141,2
1782779,0,1270,0,40,2,1,2,1,12,32,2
1782903,0,1270,0,40,2,1,2,1,12,26,2
1782955,0,1270,0,40,2,1,2,1,12,30,2
1783893,0,1270,0,40,2,1,2,1,12,48,2
1783921,0,1270,0,40,3,1,2,1,12,19,2
1761825,0,1270,0,40,2,3,2,1,48,59,2
1738895,0,1270,0,40,2,6,2,1,52,23,2
1740026,0,1270,0,40,2,8,2,1,61,60,2
1750145,0,1270,0,40,3,10,2,1,55,82,2
1749164,0,1270,0,40,2,7,2,1,64,25,2
1744023,0,1270,0,40,3,8,2,1,93,16,2
1750142,0,1270,0,40,3,6,2,1,61,35,2
1767811,0,1270,0,40,3,2,2,1,35,90,2
1742230,0,1270,0,40,2,8,2,1,46,35,2
1779681,0,1270,0,40,2,1,2,1,20,34,2
1738794,0,1270,0,40,2,8,2,1,63,24,2
1765738,0,1270,0,40,2,3,2,1,37,54,2
1761559,0,1270,0,40,2,3,2,1,49,76,2
1762929,0,1270,0,40,3,4,2,1,38,57,2
1766172,0,1270,0,40,2,5,2,1,36,52,2
1765863,0,1270,0,40,3,6,2,1,29,108,2
1771101,0,1270,0,40,2,4,2,1,24,37,2
1777402,0,1270,0,40,2,2,2,1,22,41,2
1780595,0,1270,0,40,2,1,2,1,18,30,2
1781133,0,1270,0,40,2,1,2,1,18,55,2
1766305,0,1270,0,40,2,2,2,1,41,41,2
1774348,0,1270,0,40,3,3,2,1,24,45,2
1756390,0,1270,0,40,2,7,2,1,54,37,2
1780018,0,1270,0,40,3,1,2,1,17,37,2
1781447,0,1270,0,40,3,1,2,1,17,37,2
1740731,0,1270,0,40,3,7,2,1,36,37,2
1773481,0,1270,0,40,3,2,2,1,30,43,2
1755875,0,1270,0,40,2,8,2,1,48,39,2
1781940,0,1270,0,40,3,1,2,1,16,48,2
1757678,0,1270,0,40,2,6,2,1,36,43,2
1781807,0,1270,0,40,2,1,2,1,15,36,2
1743222,0,1270,0,40,2,7,2,1,63,29,2
1747557,0,1270,0,40,2,12,2,1,64,19,2
1756836,0,1270,0,40,2,5,2,1,54,24,2
1753340,0,1270,0,40,2,8,2,1,52,70,2
1755881,0,1270,0,40,3,6,2,1,52,27,2
1783250,0,1270,0,40,3,1,2,1,14,40,2
1783444,0,1270,0,40,2,1,2,1,14,72,2
1767516,0,1270,0,40,2,3,2,1,32,58,2
1764870,0,1270,0,40,3,4,2,1,28,57,2
1754397,0,1270,0,40,2,7,2,1,38,73,2
1778689,0,1270,0,40,2,2,2,1,14,36,2
1778696,0,1270,0,40,3,2,2,1,17,32,2
1750422,0,1270,0,40,3,7,2,1,57,29,2
1774546,0,1270,0,40,2,3,2,1,17,38,2
1743584,0,1270,0,40,2,5,2,1,31,83,2
1768829,0,1270,0,40,3,4,2,1,28,39,2
1745607,0,1270,0,40,3,7,2,1,47,55,2
1783339,0,1270,0,40,2,1,2,1,13,100,2
1783419,0,1270,0,40,2,1,2,1,13,35,2
1783971,0,1270,0,40,2,1,2,1,13,36,2
1770441,0,1270,0,40,2,4,2,1,20,18,2
1770854,0,1270,0,40,3,3,2,1,27,42,2
1756324,0,1270,0,40,3,5,2,1,50,64,2
1757300,0,1270,0,40,3,5,2,1,42,26,2
1762711,0,1270,0,40,2,6,2,1,28,60,2
1783125,0,1270,0,40,3,1,2,1,12,39,2
1783638,0,1270,0,40,2,1,2,1,12,43,2
1752432,0,1270,0,40,2,7,2,1,59,23,2
1777623,0,1270,0,40,3,1,2,1,25,38,2
1757384,0,1270,0,40,2,4,2,1,51,34,2
1770202,0,1270,0,40,2,3,2,1,32,62,2
1756561,0,1270,0,40,2,7,2,1,53,39,2
1768676,0,1270,0,40,2,4,2,1,27,42,2
1780411,0,1270,0,40,3,1,2,1,20,43,2
1776373,0,1270,0,40,2,2,2,1,21,7,2
1765491,0,1270,0,40,2,4,2,1,32,29,2
1753008,0,1270,0,40,2,7,2,1,52,40,2
1765698,0,1270,0,40,3,4,2,1,26,11,2
1768179,0,1270,0,40,2,4,2,1,21,71,2
1779489,0,1270,0,40,2,2,2,1,21,76,2
1769514,0,1270,0,40,3,3,2,1,26,43,2
1763441,0,1270,0,40,2,5,2,1,28,64,2
1782549,0,1270,0,40,2,1,2,1,15,49,2
1783170,0,1270,0,40,2,1,2,1,15,35,2
1776846,0,1270,0,40,3,2,2,1,21,17,2
1768040,0,1270,0,40,2,4,2,1,34,23,2
1783915,0,1270,0,40,2,1,2,1,14,29,2
1743737,0,1270,0,40,2,2,2,1,19,101,2
1753339,0,1270,0,40,2,5,2,1,66,49,2
1772692,0,1270,0,40,3,3,2,1,18,70,2
1776158,0,1270,0,40,3,2,2,1,22,81,2
1752125,0,1270,0,40,2,9,2,1,46,25,2
1782670,0,1270,0,40,3,2,2,1,15,41,2
1769599,0,1270,0,40,2,2,2,1,36,36,2
1742674,0,1270,0,40,2,8,2,1,60,31,2
1742335,0,1270,0,40,2,5,2,1,32,76,2
1751994,0,1270,0,40,2,6,2,1,70,78,2
1741882,0,1270,0,40,2,6,2,1,46,33,2
1731625,0,1270,0,40,2,7,2,1,71,65,2
1785166,0,1270,0,40,2,1,2,1,12,28,2
1782299,0,1270,0,40,2,0,2,1,11,48,2
1782411,0,1270,0,40,2,0,2,1,11,33,2
1782775,0,1270,0,40,2,0,2,1,11,58,2
1783476,0,1270,0,40,2,0,2,1,11,48,2
1783868,0,1270,0,40,2,0,2,1,11,52,2
1783996,0,1270,0,40,3,0,2,1,11,37,2
1784028,0,1270,0,40,2,0,2,1,11,4,2
1784122,0,1270,0,40,2,0,2,1,11,22,2
1784138,0,1270,0,40,3,0,2,1,11,73,2
1784218,0,1270,0,40,3,0,2,1,11,21,2
1784298,0,1270,0,40,2,0,2,1,11,64,2
1784378,0,1270,0,40,2,0,2,1,11,6,2
1784704,0,1270,0,40,2,0,2,1,11,56,2
1784712,0,1270,0,40,2,0,2,1,11,45,2
1784752,0,1270,0,40,2,0,2,1,11,53,2
1784784,0,1270,0,40,2,0,2,1,11,42,2
1784800,0,1270,0,40,2,0,2,1,11,73,2
1784808,0,1270,0,40,2,0,2,1,11,48,2
1784824,0,1270,0,40,3,0,2,1,11,41,2
1784960,0,1270,0,40,2,0,2,1,11,20,2
1784968,0,1270,0,40,2,0,2,1,11,12,2
1785024,0,1270,0,40,2,0,2,1,11,40,2
1785040,0,1270,0,40,2,0,2,1,11,48,2
1785072,0,1270,0,40,3,0,2,1,11,38,2
1785112,0,1270,0,40,2,0,2,1,11,40,2
1785152,0,1270,0,40,2,0,2,1,11,19,2
1785184,0,1270,0,40,2,0,2,1,11,48,2
1785200,0,1270,0,40,2,0,2,1,11,73,2
1785296,0,1270,0,40,2,0,2,1,11,29,2
1785300,0,1270,0,40,3,0,2,1,11,31,2
1785308,0,1270,0,40,2,0,2,1,11,66,2
1785320,0,1270,0,40,2,0,2,1,11,6,2
1785352,0,1270,0,40,3,0,2,1,11,25,2
1785360,0,1270,0,40,2,0,2,1,11,31,2
1785372,0,1270,0,40,3,0,2,1,11,71,2
1785440,0,1270,0,40,2,0,2,1,11,20,2
1785460,0,1270,0,40,2,0,2,1,11,80,2
1785496,0,1270,0,40,3,0,2,1,11,35,2
1785528,0,1270,0,40,3,0,2,1,11,26,2
1785556,0,1270,0,40,2,0,2,1,11,43,2
1785580,0,1270,0,40,3,0,2,1,11,67,2
1785588,0,1270,0,40,2,0,2,1,11,29,2
1785596,0,1270,0,40,3,0,2,1,11,88,2
1785604,0,1270,0,40,3,0,2,1,11,39,2
1785608,0,1270,0,40,3,0,2,1,11,42,2
1785632,0,1270,0,40,3,0,2,1,11,19,2
1785640,0,1270,0,40,2,0,2,1,11,88,2
1785660,0,1270,0,40,3,0,2,1,11,48,2
1785684,0,1270,0,40,2,0,2,1,11,33,2
1785724,0,1270,0,40,3,0,2,1,11,35,2
1785744,0,1270,0,40,2,0,2,1,11,20,2
1785748,0,1270,0,40,3,0,2,1,11,23,2
1785756,0,1270,0,40,2,0,2,1,11,46,2
1785805,0,1270,0,40,2,0,2,1,11,52,2
1785811,0,1270,0,40,2,0,2,1,11,58,2
1785825,0,1270,0,40,2,0,2,1,11,132,2
1785847,0,1270,0,40,3,0,2,1,11,30,2
1785855,0,1270,0,40,2,0,2,1,11,32,2
1785865,0,1270,0,40,2,0,2,1,11,48,2
1785883,0,1270,0,40,2,0,2,1,11,29,2
1785897,0,1270,0,40,2,0,2,1,11,25,2
1785917,0,1270,0,40,3,0,2,1,11,29,2
1785927,0,1270,0,40,2,0,2,1,11,110,2
1785945,0,1270,0,40,2,0,2,1,11,39,2
1785969,0,1270,0,40,2,0,2,1,11,26,2
1785985,0,1270,0,40,2,0,2,1,11,43,2
1786003,0,1270,0,40,2,0,2,1,11,84,2
1786005,0,1270,0,40,3,0,2,1,11,35,2
1786007,0,1270,0,40,2,0,2,1,11,26,2
1786019,0,1270,0,40,2,0,2,1,11,16,2
1786047,0,1270,0,40,2,0,2,1,11,47,2
1786057,0,1270,0,40,2,0,2,1,11,21,2
1786077,0,1270,0,40,2,0,2,1,11,20,2
1786099,0,1270,0,40,3,0,2,1,11,41,2
1786101,0,1270,0,40,2,0,2,1,11,18,2
1786105,0,1270,0,40,3,0,2,1,11,85,2
1786123,0,1270,0,40,2,0,2,1,11,30,2
1786143,0,1270,0,40,2,0,2,1,11,22,2
1786151,0,1270,0,40,3,0,2,1,11,27,2
1786179,0,1270,0,40,3,0,2,1,11,44,2
1786183,0,1270,0,40,2,0,2,1,11,68,2
1786199,0,1270,0,40,2,0,2,1,11,28,2
1786227,0,1270,0,40,3,0,2,1,11,57,2
1786249,0,1270,0,40,2,0,2,1,11,31,2
1786261,0,1270,0,40,2,0,2,1,11,92,2
1786267,0,1270,0,40,2,0,2,1,11,36,2
1786269,0,1270,0,40,3,0,2,1,11,69,2
1786275,0,1270,0,40,3,0,2,1,11,17,2
1786287,0,1270,0,40,2,0,2,1,11,31,2
1786291,0,1270,0,40,2,0,2,1,11,14,2
1786293,0,1270,0,40,3,0,2,1,11,57,2
1786299,0,1270,0,40,2,0,2,1,11,45,2
1786317,0,1270,0,40,2,0,2,1,11,38,2
1786321,0,1270,0,40,2,0,2,1,11,39,2
1759470,0,1270,0,40,3,6,2,1,33,46,2
1771294,1,1270,1239,40,2,2,2,1,18,43,2
1775356,0,1270,0,40,2,1,2,1,17,43,2
1762740,0,1270,0,40,3,4,2,1,34,55,2
1761038,0,1270,0,40,2,4,2,1,36,62,2
1740464,0,1270,0,40,3,1,2,1,19,40,2
1747737,0,1270,0,40,2,9,2,1,64,37,2
1768771,0,1270,0,40,2,2,2,1,24,82,2
1773588,0,1270,0,40,3,2,2,1,19,64,2
1772656,0,1270,0,40,3,2,2,1,20,16,2
1772685,0,1270,0,40,3,2,2,1,19,31,2
1749051,0,1270,0,40,3,8,2,1,58,24,2
1755082,0,1270,0,40,2,6,2,1,43,20,2
1773005,0,1270,0,40,2,3,2,1,15,29,2
1734686,0,1270,0,40,2,6,2,1,45,37,2
1775941,0,1270,0,40,2,2,2,1,12,47,2
1778405,0,1270,0,40,3,1,2,1,11,36,2
1741961,0,1270,0,40,3,1,2,1,36,31,2
1754782,0,1270,0,40,3,3,2,1,61,22,2
1765728,0,1270,0,40,2,3,2,1,33,36,2
1749700,0,1270,0,40,3,8,2,1,57,32,2
1776099,0,1270,0,40,3,1,2,1,18,39,2
1778024,0,1270,0,40,2,1,2,1,16,66,2
1758263,0,1270,0,40,3,5,2,1,47,49,2
1748459,0,1270,0,40,2,8,2,1,59,40,2
1761971,0,1270,0,40,3,4,2,1,25,33,2
1778942,0,1270,0,40,3,1,2,1,13,57,2
1765855,0,1270,0,40,2,4,2,1,21,18,2
1780451,0,1270,0,40,2,1,2,1,12,93,2
1772705,0,1270,0,40,2,2,2,1,20,66,2
1761593,0,1270,0,40,2,5,2,1,31,33,2
1741326,0,1270,0,40,2,4,2,1,68,64,2
1762270,0,1270,0,40,2,3,2,1,43,44,2
1767308,0,1270,0,40,3,2,2,1,34,18,2
1750392,0,1270,0,40,2,7,2,1,52,10,2
1744825,0,1270,0,40,2,2,2,1,29,40,2
1761563,0,1270,0,40,2,3,2,1,42,50,2
1757985,0,1270,0,40,3,7,2,1,32,34,2
1755914,0,1270,0,40,3,7,2,1,38,39,2
1744546,0,1270,0,40,3,7,2,1,46,23,2
1764058,0,1270,0,40,3,4,2,1,24,30,2
1736831,0,1270,0,40,3,6,2,1,78,84,2
1756822,0,1270,0,40,2,6,2,1,40,35,2
1748981,0,1270,0,40,3,7,2,1,66,95,2
1729643,0,1270,0,40,3,8,2,1,72,31,2
1740365,0,1270,0,40,3,2,2,1,16,53,2
1751684,0,1270,0,40,3,8,2,1,48,18,2
1757843,0,1270,0,40,2,4,2,1,41,41,2
1744516,0,1270,0,40,2,5,2,1,42,39,2
1776193,0,1270,0,40,3,2,2,1,14,41,2
1766131,0,1270,0,40,3,4,2,1,26,25,2
1761769,0,1270,0,40,2,6,2,1,31,44,2
1746527,0,1270,0,40,3,11,2,1,69,18,2
1763861,0,1270,0,40,2,6,2,1,30,36,2
1781439,0,1270,0,40,3,1,2,1,11,77,2
1767904,0,1270,0,40,2,3,2,1,30,45,2
1771032,0,1270,0,40,2,2,2,1,28,38,2
1765481,0,1270,0,40,3,4,2,1,32,13,2
1762392,0,1270,0,40,2,4,2,1,36,52,2
1758286,0,1270,0,40,3,5,2,1,45,67,2
1765674,0,1270,0,40,3,3,2,1,32,47,2
1755152,0,1270,0,40,3,6,2,1,48,42,2
1760016,0,1270,0,40,3,4,2,1,42,25,2
1768369,0,1270,0,40,3,3,2,1,30,58,2
1776809,0,1270,0,40,2,1,2,1,17,25,2
1743569,0,1270,0,40,2,3,2,1,35,42,2
1761800,0,1270,0,40,3,4,2,1,41,52,2
1780005,0,1270,0,40,3,1,2,1,15,63,2
1754396,0,1270,0,40,2,7,2,1,43,57,2
1776182,0,1270,0,40,3,2,2,1,16,40,2
1778597,0,1270,0,40,2,1,2,1,14,45,2
1775641,0,1270,0,40,2,2,2,1,19,41,2
1773567,0,1270,0,40,3,2,2,1,24,90,2
1774321,0,1270,0,40,3,4,2,1,18,38,2
1769182,0,1270,0,40,3,3,2,1,23,52,2
1742191,0,1270,0,40,2,6,2,1,24,9,2
1777035,0,1270,0,40,3,2,2,1,13,46,2
1775042,0,1270,0,40,2,3,2,1,17,25,2
1749690,0,1270,0,40,3,7,2,1,56,35,2
1764500,0,1270,0,40,2,4,2,1,36,35,2
1781481,0,1270,0,40,2,1,2,1,12,68,2
1777222,0,1270,0,40,3,2,2,1,13,41,2
1750851,0,1270,0,40,2,8,2,1,53,41,2
1765604,0,1270,0,40,2,5,2,1,27,41,2
1752121,0,1270,0,40,3,9,2,1,49,38,2
1755376,0,1270,0,40,2,8,2,1,39,9,2
1763809,0,1270,0,40,3,5,2,1,33,48,2
1781918,0,1270,0,40,3,1,2,1,11,44,2
1767998,0,1270,0,40,2,2,2,1,36,32,2
1761783,0,1270,0,40,3,3,2,1,40,69,2
1770961,0,1270,0,40,2,2,2,1,31,22,2
1771723,0,1270,0,40,3,2,2,1,25,40,2
1776034,0,1270,0,40,2,1,2,1,23,59,2
1773940,0,1270,0,40,3,2,2,1,23,60,2
1766870,0,1270,0,40,2,3,2,1,29,48,2
1758477,0,1270,0,40,2,7,2,1,38,64,2
1763521,0,1270,0,40,2,5,2,1,33,65,2
1777281,0,1270,0,40,3,1,2,1,19,63,2
1772115,0,1270,0,40,2,2,2,1,19,23,2
1772889,0,1270,0,40,2,2,2,1,25,35,2
1777452,0,1270,0,40,2,1,2,1,18,29,2
1757617,0,1270,0,40,2,4,2,1,38,56,2
1766142,0,1270,0,40,2,4,2,1,32,68,2
1778423,0,1270,0,40,2,1,2,1,17,67,2
1768130,0,1270,0,40,2,3,2,1,22,82,2
1769872,0,1270,0,40,3,3,2,1,27,63,2
1757758,0,1270,0,40,2,5,2,1,51,54,2
1743658,0,1270,0,40,2,2,2,1,18,24,2
1762939,0,1270,0,40,3,3,2,1,37,62,2
1741697,0,1270,0,40,2,4,2,1,53,50,2
1740625,0,1270,0,40,3,4,2,1,41,57,2
1770438,0,1270,0,40,2,2,2,1,32,39,2
1757057,0,1270,0,40,2,8,2,1,38,43,2
1780175,0,1270,0,40,2,1,2,1,15,22,2
1775027,0,1270,0,40,2,2,2,1,15,36,2
1770171,0,1270,0,40,2,3,2,1,21,33,2
1776065,0,1270,0,40,2,2,2,1,17,92,2
1766980,0,1270,0,40,2,3,2,1,33,48,2
1773182,0,1270,0,40,3,3,2,1,20,36,2
1771813,0,1270,0,40,3,3,2,1,23,53,2
1780148,0,1270,0,40,3,1,2,1,14,40,2
1781017,0,1270,0,40,3,1,2,1,14,30,2
1743759,0,1270,0,40,2,2,2,1,39,40,2
1755204,0,1270,0,40,2,7,2,1,43,25,2
1755752,0,1270,0,40,2,8,2,1,42,54,2
1746175,0,1270,0,40,2,9,2,1,68,45,2
1779088,0,1270,0,40,2,1,2,1,13,49,2
1781497,0,1270,0,40,3,1,2,1,13,72,2
1746422,0,1270,0,40,2,10,2,1,64,51,2
1770939,0,1270,0,40,2,3,2,1,24,47,2
1745338,0,1270,0,40,2,11,2,1,70,80,2
1779617,0,1270,0,40,2,2,2,1,14,25,2
1775918,0,1270,0,40,2,2,2,1,22,25,2
1777144,0,1270,0,40,2,3,2,1,18,33,2
1758076,0,1270,0,40,2,5,2,1,35,56,2
1769104,0,1270,0,40,2,3,2,1,25,24,2
1751059,0,1270,0,40,2,9,2,1,50,18,2
1743471,0,1270,0,40,2,14,2,1,74,79,2
1753895,0,1270,0,40,2,7,2,1,41,101,2
1766290,0,1270,0,40,2,6,2,1,26,21,2
1750257,0,1270,0,40,2,6,2,1,58,42,2
1750658,0,1270,0,40,3,10,2,1,54,90,2
1781739,0,1270,0,40,3,1,2,1,11,18,2
1782716,0,1270,0,40,3,1,2,1,11,32,2
1746753,0,1270,0,40,3,8,2,1,75,30,2
1746724,0,1270,0,40,3,8,2,1,76,19,2
1756335,0,1270,0,40,2,7,2,1,52,39,2
1751237,0,1270,0,40,2,6,2,1,65,17,2
1767294,0,1270,0,40,3,3,2,1,31,55,2
1771887,0,1270,0,40,3,2,2,1,24,53,2
1738458,0,1270,0,40,3,8,2,1,56,33,2
1772153,0,1270,0,40,2,2,2,1,26,38,2
1768003,0,1270,0,40,2,3,2,1,29,35,2
1770088,0,1270,0,40,2,3,2,1,32,19,2
1777711,0,1270,0,40,2,1,2,1,21,68,2
1757597,0,1270,0,40,3,6,2,1,45,55,2
1778124,0,1270,0,40,2,1,2,1,20,59,2
1765915,0,1270,0,40,3,4,2,1,30,48,2
1750107,0,1270,0,40,2,7,2,1,59,22,2
1778706,0,1270,0,40,2,1,2,1,19,62,2
1772236,0,1270,0,40,3,2,2,1,24,56,2
1754954,0,1270,0,40,2,6,2,1,55,34,2
1772002,0,1270,0,40,3,2,2,1,30,33,2
1761237,0,1270,0,40,2,4,2,1,36,70,2
1779579,2,1270,0,40,2,1,2,1,17,26,2
1749097,0,1270,0,40,3,8,2,1,54,71,2
1779936,0,1270,0,40,3,1,2,1,16,32,2
1780169,0,1270,0,40,3,1,2,1,16,34,2
1780375,0,1270,0,40,2,1,2,1,16,81,2
1765888,0,1270,0,40,3,3,2,1,35,23,2
1769277,0,1270,0,40,3,4,2,1,27,40,2
1757666,0,1270,0,40,2,5,2,1,45,49,2
1741401,0,1270,0,40,3,5,2,1,39,24,2
1773609,0,1270,0,40,2,3,2,1,21,36,2
1752489,0,1270,0,40,2,6,2,1,49,38,2
1778125,0,1270,0,40,2,2,2,1,16,21,2
1781645,0,1270,0,40,3,1,2,1,14,51,2
1774214,0,1270,0,40,2,2,2,1,16,43,2
1774964,0,1270,0,40,2,2,2,1,17,30,2
1763373,0,1270,0,40,3,5,2,1,34,63,2
1731419,0,1270,0,40,2,4,2,1,36,29,2
1776754,0,1270,0,40,3,2,2,1,18,27,2
1778727,0,1270,0,40,3,2,2,1,14,13,2
1757307,0,1270,0,40,2,4,2,1,53,18,2
1776294,0,1270,0,40,2,2,2,1,18,26,2
1772412,0,1270,0,40,2,5,2,1,23,45,2
1745423,0,1270,0,40,3,5,2,1,42,20,2
1760767,0,1270,0,40,2,5,2,1,32,13,2
1779119,0,1270,0,40,2,2,2,1,13,44,2
1769493,0,1270,0,40,3,3,2,1,23,45,2
1749124,0,1270,0,40,3,10,2,1,49,21,2
1775051,0,1270,0,40,3,2,2,1,17,25,2
1771282,0,1270,0,40,2,4,2,1,20,35,2
1740341,0,1270,0,40,3,7,2,1,50,74,2
1777786,0,1270,0,40,2,2,2,1,16,24,2
1763805,0,1270,0,40,3,5,2,1,36,92,2
1781823,0,1270,0,40,3,1,2,1,12,27,2
1757232,0,1270,0,40,2,4,2,1,49,44,2
1751158,0,1270,0,40,2,8,2,1,37,45,2
1764649,0,1270,0,40,3,3,2,1,39,28,2
1741911,0,1270,0,40,3,5,2,1,43,31,2
1779506,0,1270,0,40,2,2,2,1,12,42,2
1771003,0,1270,0,40,2,3,2,1,24,12,2
1772155,0,1270,0,40,3,3,2,1,16,29,2
1771650,0,1270,0,40,2,5,2,1,23,60,2
1775422,0,1270,0,40,3,3,2,1,15,60,2
1761642,0,1270,0,40,2,7,2,1,29,41,2
1782713,0,1270,0,40,3,1,2,1,11,57,2
1783318,0,1270,0,40,3,1,2,1,11,54,2
1753964,0,1270,0,40,2,5,2,1,57,71,2
1770275,0,1270,0,40,2,2,2,1,29,27,2
1774149,0,1270,0,40,2,1,2,1,27,95,2
1771266,0,1270,0,40,3,2,2,1,31,35,2
1766451,0,1270,0,40,3,2,2,1,30,17,2
1775155,0,1270,0,40,2,1,2,1,24,32,2
1761914,0,1270,0,40,3,4,2,1,37,20,2
1770389,0,1270,0,40,2,3,2,1,29,86,2
1778010,0,1270,0,40,2,1,2,1,21,22,2
1744079,0,1270,0,40,2,8,2,1,44,59,2
1769632,0,1270,0,40,2,4,2,1,27,25,2
1777845,0,1270,0,40,3,1,2,1,20,20,2
1778816,0,1270,0,40,2,1,2,1,20,62,2
1758360,0,1270,0,40,2,4,2,1,42,35,2
1770289,0,1270,0,40,2,4,2,1,25,29,2
1741160,0,1270,0,40,3,2,2,1,21,62,2
1750707,0,1270,0,40,3,6,2,1,63,69,2
1769139,0,1270,0,40,3,4,2,1,25,63,2
1778111,0,1270,0,40,2,1,2,1,18,17,2
1779511,0,1270,0,40,3,1,2,1,18,34,2
1779693,0,1270,0,40,2,1,2,1,18,73,2
1773012,0,1270,0,40,3,2,2,1,23,49,2
1779672,0,1270,0,40,3,1,2,1,17,77,2
1745253,0,1270,0,40,3,8,2,1,70,34,2
1776423,0,1270,0,40,2,2,2,1,18,66,2
1776077,0,1270,0,40,2,2,2,1,22,38,2
1744642,0,1270,0,40,2,11,2,1,77,45,2
1764548,0,1270,0,40,3,3,2,1,44,50,2
1772449,0,1270,0,40,3,4,2,1,22,47,2
1778637,0,1270,0,40,3,1,2,1,16,93,2
1741804,0,1270,0,40,3,4,2,1,50,55,2
1776437,0,1270,0,40,2,2,2,1,18,10,2
1769428,0,1270,0,40,2,3,2,1,28,70,2
1754562,0,1270,0,40,3,7,2,1,46,50,2
1772221,0,1270,0,40,2,4,2,1,20,46,2
1779381,0,1270,0,40,2,2,2,1,18,44,2
1772812,0,1270,0,40,2,2,2,1,24,30,2
1778029,0,1270,0,40,3,2,2,1,15,35,2
1761813,0,1270,0,40,2,4,2,1,37,63,2
1762054,0,1270,0,40,2,5,2,1,34,59,2
1744730,0,1270,0,40,2,10,2,1,46,19,2
1767569,0,1270,0,40,3,5,2,1,29,52,2
1781668,0,1270,0,40,3,1,2,1,14,44,2
1781776,0,1270,0,40,2,1,2,1,14,50,2
1781978,0,1270,0,40,3,1,2,1,14,69,2
1757417,0,1270,0,40,2,5,2,1,44,51,2
1755650,0,1270,0,40,2,6,2,1,44,50,2
1768795,0,1270,0,40,3,3,2,1,23,53,2
1778562,0,1270,0,40,3,2,2,1,18,53,2
1774145,0,1270,0,40,3,4,2,1,19,74,2
1781907,0,1270,0,40,3,1,2,1,13,31,2
1782412,0,1270,0,40,3,1,2,1,13,34,2
1782710,0,1270,0,40,2,1,2,1,13,47,2
1769262,0,1270,0,40,3,4,2,1,24,52,2
1760852,0,1270,0,40,3,7,2,1,32,39,2
1750807,0,1270,0,40,2,6,2,1,60,83,2
1770943,0,1270,0,40,2,3,2,1,19,44,2
1762448,0,1270,0,40,2,5,2,1,41,96,2
1773698,0,1270,0,40,2,4,2,1,18,44,2
1752137,0,1270,0,40,3,6,2,1,60,60,2
1743522,0,1270,0,40,3,8,2,1,49,47,2
1759477,0,1270,0,40,3,6,2,1,34,67,2
1740467,0,1270,0,40,2,9,2,1,48,72,2
1703082,0,1270,0,40,2,14,2,1,105,43,2
1764241,0,1270,0,40,3,4,2,1,34,14,2
1781170,0,1270,0,40,3,1,2,1,12,50,2
1783298,0,1270,0,40,2,1,2,1,12,36,2
1775847,0,1270,0,40,2,2,2,1,14,37,2
1762768,0,1270,0,40,3,4,2,1,30,72,2
1776057,0,1270,0,40,3,2,2,1,17,49,2
1747206,0,1270,0,40,2,10,2,1,59,32,2
1739607,0,1270,0,40,2,7,2,1,47,80,2
1768841,0,1270,0,40,3,3,2,1,29,56,2
1754345,0,1270,0,40,2,8,2,1,49,13,2
1741579,0,1270,0,40,3,7,2,1,32,28,2
1763275,0,1270,0,40,2,5,2,1,36,14,2
1765207,0,1270,0,40,3,5,2,1,30,59,2
1742960,0,1270,0,40,2,8,2,1,76,89,2
1772773,0,1270,0,40,3,5,2,1,22,27,2
1781001,0,1270,0,40,3,2,2,1,14,44,2
1772415,0,1270,0,40,2,3,2,1,26,24,2
1781985,0,1270,0,40,2,1,2,1,11,35,2
1783581,0,1270,0,40,2,1,2,1,11,28,2
1784029,0,1270,0,40,3,1,2,1,11,45,2
1759625,0,1270,0,40,3,4,2,1,55,42,2
1756059,0,1270,0,40,2,5,2,1,60,70,2
1760931,0,1270,0,40,2,4,2,1,43,22,2
1741554,0,1270,0,40,2,7,2,1,83,14,2
1756429,0,1270,0,40,2,6,2,1,48,71,2
1776237,0,1270,0,40,2,1,2,1,25,22,2
1776035,0,1270,0,40,2,1,2,1,24,55,2
1748089,0,1270,0,40,2,12,2,1,61,29,2
1761490,0,1270,0,40,3,6,2,1,31,101,2
1759767,0,1270,0,40,2,5,2,1,42,74,2
1778420,0,1270,0,40,2,1,2,1,21,41,2
1764320,0,1270,0,40,3,3,2,1,34,44,2
1741559,0,1270,0,40,3,7,2,1,35,35,2
1764067,0,1270,0,40,3,4,2,1,36,36,2
1747434,0,1270,0,40,3,11,2,1,54,23,2
1766994,0,1270,0,40,3,3,2,1,33,54,2
1777954,0,1270,0,40,3,2,2,1,21,54,2
1752313,0,1270,0,40,3,5,2,1,64,90,2
1774690,0,1270,0,40,3,2,2,1,27,26,2
1764470,0,1270,0,40,2,5,2,1,35,64,2
1756960,0,1270,0,40,3,7,2,1,43,30,2
1774523,0,1270,0,40,2,3,2,1,21,14,2
1772727,0,1270,0,40,3,3,2,1,26,50,2
1776548,0,1270,0,40,3,2,2,1,20,31,2
1780842,0,1270,0,40,3,1,2,1,16,56,2
1781495,0,1270,0,40,2,1,2,1,16,49,2
1753151,0,1270,0,40,2,8,2,1,44,73,2
1760606,0,1270,0,40,3,7,2,1,34,17,2
1768177,0,1270,0,40,3,4,2,1,27,56,2
1781016,0,1270,0,40,2,1,2,1,15,37,2
1782154,0,1270,0,40,3,1,2,1,15,20,2
1777700,0,1270,0,40,2,2,2,1,15,21,2
1778738,0,1270,0,40,2,2,2,1,15,32,2
1771490,0,1270,0,40,3,3,2,1,26,40,2
1770685,0,1270,0,40,3,3,2,1,28,42,2
1776950,0,1270,0,40,2,2,2,1,22,33,2
1773747,0,1270,0,40,2,2,2,1,18,24,2
1775610,0,1270,0,40,3,2,2,1,15,43,2
1754135,0,1270,0,40,3,7,2,1,44,31,2
1742723,0,1270,0,40,2,6,2,1,31,25,2
1776157,0,1270,0,40,3,2,2,1,18,9,2
1764207,0,1270,0,40,3,5,2,1,31,21,2
1768934,0,1270,0,40,2,4,2,1,28,50,2
1755756,0,1270,0,40,3,6,2,1,51,48,2
1734037,0,1270,0,40,2,12,2,1,61,19,2
1758651,0,1270,0,40,2,7,2,1,35,57,2
1763918,0,1270,0,40,3,3,2,1,38,45,2
1742548,0,1270,0,40,2,6,2,1,48,52,2
1776204,0,1270,0,40,3,3,2,1,21,53,2
1778968,0,1270,0,40,3,2,2,1,16,24,2
1781973,0,1270,0,40,2,1,2,1,13,49,2
1782437,0,1270,0,40,2,1,2,1,13,16,2
1775504,0,1270,0,40,3,2,2,1,18,72,2
1774452,0,1270,0,40,3,3,2,1,18,42,2
1753700,0,1270,0,40,3,6,2,1,53,41,2
1780381,0,1270,0,40,2,2,2,1,13,35,2
1773164,0,1270,0,40,3,4,2,1,22,38,2
1768539,0,1270,0,40,3,5,2,1,29,16,2
1779599,0,1270,0,40,2,2,2,1,16,33,2
1759557,0,1270,0,40,3,5,2,1,33,31,2
1739707,0,1270,0,40,2,6,2,1,61,27,2
1778059,0,1270,0,40,3,2,2,1,18,49,2
1763956,0,1270,0,40,3,7,2,1,28,23,2
1783517,0,1270,0,40,2,1,2,1,12,88,2
1784039,0,1270,0,40,2,1,2,1,12,88,2
1757192,0,1270,0,40,3,5,2,1,47,29,2
1777033,0,1270,0,40,2,2,2,1,12,21,2
1774230,0,1270,0,40,2,3,2,1,19,24,2
1752099,0,1270,0,40,3,9,2,1,46,48,2
1736521,0,1270,0,40,3,6,2,1,53,33,2
1780104,0,1270,0,40,2,2,2,1,13,83,2
1781567,0,1270,0,40,2,2,2,1,12,26,2
1773716,0,1270,0,40,2,3,2,1,21,41,2
1769326,0,1270,0,40,3,4,2,1,25,33,2
1749143,0,1270,0,40,3,9,2,1,61,33,2
1775815,0,1270,0,40,2,3,2,1,16,37,2
1764150,0,1270,0,40,3,7,2,1,32,55,2
1775622,0,1270,0,40,2,3,2,1,18,55,2
1781442,0,1270,0,40,2,1,2,1,11,61,2
1783762,0,1270,0,40,2,1,2,1,11,33,2
1784241,0,1270,0,40,3,1,2,1,11,51,2
1784335,0,1270,0,40,2,1,2,1,11,26,2
1744464,0,1270,0,40,2,4,2,1,43,57,2
1774185,0,1270,0,40,3,2,2,1,25,33,2
1777498,0,1270,0,40,3,1,2,1,23,46,2
1774876,0,1270,0,40,3,2,2,1,23,25,2
1768720,0,1270,0,40,3,3,2,1,31,32,2
1777915,0,1270,0,40,2,1,2,1,21,56,2
1779401,0,1270,0,40,2,1,2,1,21,57,2
1772430,0,1270,0,40,3,2,2,1,28,44,2
1773583,0,1270,0,40,3,2,2,1,27,62,2
1776390,0,1270,0,40,2,2,2,1,21,26,2
1730250,0,1270,0,40,3,10,2,1,88,38,2
1751491,0,1270,0,40,2,6,2,1,65,60,2
1755372,0,1270,0,40,2,9,2,1,50,38,2
1779738,0,1270,0,40,2,1,2,1,17,31,2
1780582,0,1270,0,40,3,1,2,1,17,27,2
1772539,0,1270,0,40,2,2,2,1,20,72,2
1770000,0,1270,0,40,2,4,2,1,25,61,2
1767416,0,1270,0,40,3,4,2,1,25,33,2
1774563,0,1270,0,40,2,2,2,1,21,40,2
1759750,0,1270,0,40,3,5,2,1,40,39,2
1781835,0,1270,0,40,2,1,2,1,15,38,2
1782123,0,1270,0,40,3,1,2,1,15,45,2
1782472,0,1270,0,40,2,1,2,1,15,46,2
1755231,0,1270,0,40,3,5,2,1,54,55,2
1764562,0,1270,0,40,3,5,2,1,30,33,2
1765680,0,1270,0,40,3,4,2,1,25,37,2
1764047,0,1270,0,40,3,4,2,1,34,33,2
1771257,0,1270,0,40,3,3,2,1,22,25,2
1749936,0,1270,0,40,3,9,2,1,49,33,2
1773803,0,1270,0,40,2,3,2,1,16,45,2
1770367,0,1270,0,40,2,3,2,1,23,28,2
1775508,0,1270,0,40,3,3,2,1,23,53,2
1783115,0,1270,0,40,2,1,2,1,13,27,2
1783989,0,1270,0,40,3,1,2,1,13,28,2
1768237,0,1270,0,40,3,4,2,1,22,49,2
1741467,0,1270,0,40,2,9,2,1,52,73,2
1755892,0,1270,0,40,3,8,2,1,33,54,2
1768020,0,1270,0,40,2,5,2,1,25,40,2
1775999,0,1270,0,40,2,2,2,1,17,73,2
1773121,0,1270,0,40,2,4,2,1,23,69,2
1752321,0,1270,0,40,2,10,2,1,50,71,2
1760038,0,1270,0,40,2,6,2,1,35,43,2
1756216,0,1270,0,40,2,6,2,1,51,33,2
1783101,0,1270,0,40,3,1,2,1,12,11,2
1784185,0,1270,0,40,2,1,2,1,12,31,2
1770619,0,1270,0,40,3,3,2,1,22,64,2
1773742,0,1270,0,40,2,3,2,1,19,41,2
1742744,0,1270,0,40,2,5,2,1,34,26,2
1777054,0,1270,0,40,2,2,2,1,18,65,2
1732175,0,1270,0,40,3,14,2,1,60,28,2
1772075,0,1270,0,40,3,4,2,1,22,38,2
1749395,0,1270,0,40,2,6,2,1,61,25,2
1742447,0,1270,0,40,3,10,2,1,68,56,2
1739140,0,1270,0,40,3,4,2,1,64,22,2
1764996,0,1270,0,40,2,6,2,1,30,26,2
1778156,0,1270,0,40,3,3,2,1,18,57,2
1783393,0,1270,0,40,2,1,2,1,11,31,2
1773277,0,1270,0,40,3,1,2,1,33,41,2
1767350,0,1270,0,40,3,3,2,1,36,37,2
1758583,0,1270,0,40,2,5,2,1,50,23,2
1776134,0,1270,0,40,2,2,2,1,24,77,2
1775672,0,1270,0,40,3,2,2,1,26,24,2
1771379,0,1270,0,40,2,2,2,1,29,49,2
1749125,0,1270,0,40,3,8,2,1,60,48,2
1753509,0,1270,0,40,3,7,2,1,57,47,2
1780373,0,1270,0,40,2,1,2,1,20,79,2
1737387,0,1270,0,40,3,2,2,1,27,27,2
1770337,0,1270,0,40,3,2,2,1,37,26,2
1763718,0,1270,0,40,3,4,2,1,33,25,2
1781197,0,1270,0,40,3,1,2,1,18,20,2
1775949,0,1270,0,40,2,3,2,1,22,51,2
1780365,0,1270,0,40,3,2,2,1,18,91,2
1746966,0,1270,0,40,3,10,2,1,58,29,2
1761787,0,1270,0,40,3,6,2,1,40,93,2
1775897,0,1270,0,40,2,3,2,1,21,53,2
1768342,0,1270,0,40,2,3,2,1,38,48,2
1782021,0,1270,0,40,3,1,2,1,15,27,2
1756890,0,1270,0,40,2,6,2,1,41,41,2
1761306,0,1270,0,40,3,7,2,1,24,33,2
1762100,0,1270,0,40,3,6,2,1,28,31,2
1783349,0,1270,0,40,2,1,2,1,13,40,2
1783682,0,1270,0,40,3,1,2,1,13,40,2
1742818,0,1270,0,40,2,5,2,1,26,22,2
1771880,0,1270,0,40,3,3,2,1,28,47,2
1745709,0,1270,0,40,3,4,2,1,23,59,2
1780544,0,1270,0,40,3,2,2,1,14,21,2
1755280,0,1270,0,40,3,6,2,1,56,15,2
1783808,0,1270,0,40,2,1,2,1,12,36,2
1739782,0,1270,0,40,3,10,2,1,64,37,2
1770840,0,1270,0,40,2,4,2,1,22,36,2
1767739,0,1270,0,40,3,5,2,1,25,72,2
1780536,0,1270,0,40,2,2,2,1,13,24,2
1749255,0,1270,0,40,3,7,2,1,67,88,2
1781747,0,1270,0,40,2,2,2,1,13,65,2
1766907,0,1270,0,40,2,4,2,1,32,52,2
1753016,0,1270,0,40,3,9,2,1,45,81,2
1773602,0,1270,0,40,3,2,2,1,20,30,2
1769757,0,1270,0,40,3,3,2,1,32,20,2
1760369,0,1270,0,40,2,7,2,1,44,39,2
1745916,0,1270,0,40,3,4,2,1,24,33,2
1784074,0,1270,0,40,3,1,2,1,11,23,2
1783492,0,1270,0,40,2,0,2,1,10,56,2
1783756,0,1270,0,40,2,0,2,1,10,48,2
1783884,0,1270,0,40,2,0,2,1,10,24,2
1784258,0,1270,0,40,3,0,2,1,10,47,2
1784546,0,1270,0,40,2,0,2,1,10,30,2
1784660,0,1270,0,40,2,0,2,1,10,42,2
1784756,0,1270,0,40,2,0,2,1,10,50,2
1784868,0,1270,0,40,2,0,2,1,10,100,2
1784884,0,1270,0,40,2,0,2,1,10,57,2
1785060,0,1270,0,40,2,0,2,1,10,34,2
1785076,0,1270,0,40,2,0,2,1,10,22,2
1785204,0,1270,0,40,2,0,2,1,10,41,2
1785220,0,1270,0,40,2,0,2,1,10,50,2
1785302,0,1270,0,40,3,0,2,1,10,17,2
1785390,0,1270,0,40,3,0,2,1,10,27,2
1785446,0,1270,0,40,2,0,2,1,10,54,2
1785454,0,1270,0,40,3,0,2,1,10,64,2
1785462,0,1270,0,40,3,0,2,1,10,23,2
1785494,0,1270,0,40,3,0,2,1,10,68,2
1785558,0,1270,0,40,2,0,2,1,10,10,2
1785574,0,1270,0,40,3,0,2,1,10,42,2
1785630,0,1270,0,40,2,0,2,1,10,63,2
1785794,0,1270,0,40,2,0,2,1,10,56,2
1785798,0,1270,0,40,3,0,2,1,10,67,2
1785818,0,1270,0,40,2,0,2,1,10,11,2
1785842,0,1270,0,40,3,0,2,1,10,89,2
1785858,0,1270,0,40,2,0,2,1,10,31,2
1785890,0,1270,0,40,2,0,2,1,10,40,2
1785902,0,1270,0,40,3,0,2,1,10,37,2
1785930,0,1270,0,40,3,0,2,1,10,41,2
1785938,0,1270,0,40,3,0,2,1,10,56,2
1785994,0,1270,0,40,3,0,2,1,10,89,2
1786014,0,1270,0,40,3,0,2,1,10,63,2
1786018,0,1270,0,40,3,0,2,1,10,45,2
1786026,0,1270,0,40,3,0,2,1,10,42,2
1786042,0,1270,0,40,3,0,2,1,10,28,2
1786046,0,1270,0,40,2,0,2,1,10,48,2
1786078,0,1270,0,40,3,0,2,1,10,69,2
1786086,0,1270,0,40,2,0,2,1,10,57,2
1786094,0,1270,0,40,3,0,2,1,10,27,2
1786106,0,1270,0,40,3,0,2,1,10,63,2
1786110,0,1270,0,40,2,0,2,1,10,18,2
1786114,0,1270,0,40,2,0,2,1,10,47,2
1786130,0,1270,0,40,3,0,2,1,10,18,2
1786142,0,1270,0,40,3,0,2,1,10,21,2
1786178,0,1270,0,40,3,0,2,1,10,20,2
1786186,0,1270,0,40,3,0,2,1,10,20,2
1786190,0,1270,0,40,3,0,2,1,10,43,2
1786210,0,1270,0,40,3,0,2,1,10,54,2
1786238,0,1270,0,40,2,0,2,1,10,61,2
1786254,0,1270,0,40,2,0,2,1,10,72,2
1786262,0,1270,0,40,3,0,2,1,10,36,2
1786298,0,1270,0,40,3,0,2,1,10,52,2
1786318,0,1270,0,40,2,0,2,1,10,46,2
1786322,0,1270,0,40,3,0,2,1,10,35,2
1786338,0,1270,0,40,2,0,2,1,10,31,2
1786349,0,1270,0,40,2,0,2,1,10,35,2
1786359,0,1270,0,40,3,0,2,1,10,45,2
1786361,0,1270,0,40,3,0,2,1,10,75,2
1786367,0,1270,0,40,3,0,2,1,10,30,2
1786373,0,1270,0,40,2,0,2,1,10,87,2
1786387,0,1270,0,40,2,0,2,1,10,86,2
1786393,0,1270,0,40,3,0,2,1,10,56,2
1786411,0,1270,0,40,2,0,2,1,10,37,2
1786419,0,1270,0,40,2,0,2,1,10,41,2
1786433,0,1270,0,40,3,0,2,1,10,50,2
1786441,0,1270,0,40,2,0,2,1,10,31,2
1786443,0,1270,0,40,3,0,2,1,10,27,2
1786451,0,1270,0,40,3,0,2,1,10,33,2
1786461,0,1270,0,40,3,0,2,1,10,68,2
1786463,0,1270,0,40,3,0,2,1,10,41,2
1786469,0,1270,0,40,3,0,2,1,10,14,2
1786473,0,1270,0,40,3,0,2,1,10,60,2
1786483,0,1270,0,40,2,0,2,1,10,59,2
1786489,0,1270,0,40,2,0,2,1,10,40,2
1786493,0,1270,0,40,3,0,2,1,10,65,2
1786499,0,1270,0,40,3,0,2,1,10,71,2
1786505,0,1270,0,40,3,0,2,1,10,70,2
1786513,0,1270,0,40,2,0,2,1,10,29,2
1786515,0,1270,0,40,3,0,2,1,10,29,2
1786521,0,1270,0,40,3,0,2,1,10,11,2
1786529,0,1270,0,40,3,0,2,1,10,69,2
1786533,0,1270,0,40,2,0,2,1,10,20,2
1786551,0,1270,0,40,3,0,2,1,10,26,2
1786557,0,1270,0,40,3,0,2,1,10,106,2
1786559,0,1270,0,40,3,0,2,1,10,43,2
1786561,0,1270,0,40,2,0,2,1,10,48,2
1786565,0,1270,0,40,3,0,2,1,10,41,2
1786581,0,1270,0,40,2,0,2,1,10,45,2
1786613,0,1270,0,40,3,0,2,1,10,29,2
1786617,0,1270,0,40,2,0,2,1,10,15,2
1786631,0,1270,0,40,3,0,2,1,10,82,2
1786637,0,1270,0,40,2,0,2,1,10,34,2
1786649,0,1270,0,40,2,0,2,1,10,61,2
1786653,0,1270,0,40,2,0,2,1,10,17,2
1786677,0,1270,0,40,2,0,2,1,10,56,2
1786683,0,1270,0,40,3,0,2,1,10,20,2
1786685,0,1270,0,40,2,0,2,1,10,53,2
1786689,0,1270,0,40,2,0,2,1,10,39,2
1786695,0,1270,0,40,2,0,2,1,10,44,2
1786699,0,1270,0,40,3,0,2,1,10,48,2
1786729,0,1270,0,40,2,0,2,1,10,16,2
1786743,0,1270,0,40,2,0,2,1,10,45,2
1786747,0,1270,0,40,3,0,2,1,10,39,2
1786775,0,1270,0,40,3,0,2,1,10,18,2
1786791,0,1270,0,40,3,0,2,1,10,64,2
1786799,0,1270,0,40,3,0,2,1,10,28,2
1786811,0,1270,0,40,3,0,2,1,10,43,2
1786813,0,1270,0,40,2,0,2,1,10,49,2
1786817,0,1270,0,40,3,0,2,1,10,49,2
1786819,0,1270,0,40,2,0,2,1,10,45,2
1786825,0,1270,0,40,2,0,2,1,10,37,2
1786833,0,1270,0,40,3,0,2,1,10,47,2
1786837,0,1270,0,40,3,0,2,1,10,40,2
1786843,0,1270,0,40,2,0,2,1,10,59,2
1786845,0,1270,0,40,2,0,2,1,10,46,2
1786849,0,1270,0,40,3,0,2,1,10,86,2
1786863,0,1270,0,40,2,0,2,1,10,35,2
1786883,0,1270,0,40,2,0,2,1,10,42,2
1786901,0,1270,0,40,2,0,2,1,10,48,2
1786917,0,1270,0,40,2,0,2,1,10,40,2
1768210,0,1270,0,40,3,2,2,1,25,70,2
1768812,0,1270,0,40,3,2,2,1,26,27,2
1761087,0,1270,0,40,3,4,2,1,33,47,2
1738750,0,1270,0,40,3,6,2,1,34,61,2
1744317,0,1270,0,40,3,2,2,1,36,51,2
1752455,0,1270,0,40,2,4,2,1,65,62,2
1752029,0,1270,0,40,3,4,2,1,59,58,2
1743550,0,1270,0,40,2,5,2,1,32,44,2
1777653,0,1270,0,40,2,1,2,1,15,50,2
1777436,0,1270,0,40,2,1,2,1,13,35,2
1740405,0,1270,0,40,3,7,2,1,52,38,2
1740307,0,1270,0,40,2,6,2,1,45,36,2
1765136,0,1270,0,40,2,4,2,1,18,52,2
1780527,0,1270,0,40,2,1,2,1,10,39,2
1747751,0,1270,0,40,2,9,2,1,63,90,2
1752491,0,1270,0,40,3,7,2,1,44,73,2
1776284,0,1270,0,40,2,1,2,1,17,23,2
1752302,0,1270,0,40,3,8,2,1,53,45,2
1747313,0,1270,0,40,3,11,2,1,55,45,2
1765911,0,1270,0,40,2,3,2,1,31,34,2
1765195,0,1270,0,40,2,5,2,1,25,46,2
1777609,0,1270,0,40,2,2,2,1,13,40,2
1765912,0,1270,0,40,3,4,2,1,22,59,2
1780120,0,1270,0,40,2,1,2,1,10,14,2
1759511,0,1270,0,40,3,4,2,1,32,30,2
1756092,0,1270,0,40,3,7,2,1,40,83,2
1753309,0,1270,0,40,3,5,2,1,56,24,2
1768668,0,1270,0,40,2,2,2,1,30,70,2
1777396,0,1270,0,40,2,1,2,1,15,61,2
1778241,0,1270,0,40,2,1,2,1,15,43,2
1766504,0,1270,0,40,3,3,2,1,32,32,2
1779337,0,1270,0,40,3,1,2,1,14,20,2
1753506,0,1270,0,40,3,6,2,1,42,33,2
1774422,0,1270,0,40,3,2,2,1,19,41,2
1750999,0,1270,0,40,3,7,2,1,57,16,2
1740664,0,1270,0,40,2,3,2,1,33,55,2
1772531,0,1270,0,40,3,2,2,1,21,36,2
1780947,0,1270,0,40,2,1,2,1,11,25,2
1772329,0,1270,0,40,3,3,2,1,15,75,2
1749592,0,1270,0,40,2,8,2,1,48,80,2
1735179,0,1270,0,40,2,12,2,1,92,83,2
1761625,0,1270,0,40,3,6,2,1,34,38,2
1771870,0,1270,0,40,2,1,2,1,29,26,2
1739041,0,1270,0,40,3,4,2,1,44,54,2
1774454,0,1270,0,40,2,1,2,1,24,46,2
1768675,0,1270,0,40,2,3,2,1,30,25,2
1761451,0,1270,0,40,3,4,2,1,39,28,2
1749129,0,1270,0,40,3,9,2,1,47,56,2
1760175,0,1270,0,40,2,4,2,1,47,32,2
1768850,0,1270,0,40,3,3,2,1,24,56,2
1774973,0,1270,0,40,3,2,2,1,21,52,2
1760995,0,1270,0,40,2,4,2,1,34,59,2
1758308,0,1270,0,40,3,6,2,1,39,71,2
1754962,0,1270,0,40,2,7,2,1,39,39,2
1750964,0,1270,0,40,2,7,2,1,43,66,2
1751951,0,1270,0,40,3,7,2,1,44,32,2
1721241,0,1270,0,40,2,14,2,1,96,44,2
1738323,0,1270,0,40,2,11,2,1,49,44,2
1741410,0,1270,0,40,2,5,2,1,40,23,2
1774437,0,1270,0,40,3,3,2,1,19,68,2
1740635,1,1270,1255,40,2,5,2,1,44,62,2
1780757,0,1270,0,40,3,1,2,1,12,25,2
1750928,0,1270,0,40,2,9,2,1,53,78,2
1740668,0,1270,0,40,3,6,2,1,53,77,2
1756539,0,1270,0,40,3,8,2,1,34,57,2
1744447,0,1270,0,40,3,9,2,1,76,39,2
1778445,0,1270,0,40,3,1,2,1,11,85,2
1781383,0,1270,0,40,2,1,2,1,11,26,2
1759918,0,1270,0,40,2,5,2,1,37,21,2
1782144,0,1270,0,40,2,1,2,1,10,56,2
1760996,0,1270,0,40,3,2,2,1,48,91,2
1755394,0,1270,0,40,2,4,2,1,60,33,2
1740036,0,1270,0,40,2,7,2,1,64,68,2
1747467,0,1270,0,40,2,11,2,1,57,101,2
1743466,0,1270,0,40,2,5,2,1,63,49,2
1760012,0,1270,0,40,2,6,2,1,34,29,2
1769252,0,1270,0,40,2,3,2,1,26,46,2
1774587,0,1270,0,40,3,2,2,1,21,18,2
1755330,0,1270,0,40,2,6,2,1,42,58,2
1765919,0,1270,0,40,3,3,2,1,32,33,2
1774320,0,1270,0,40,2,3,2,1,21,33,2
1778147,0,1270,0,40,2,1,2,1,16,33,2
1764723,0,1270,0,40,2,4,2,1,34,55,2
1754743,0,1270,0,40,2,6,2,1,44,61,2
1754919,0,1270,0,40,2,7,2,1,49,60,2
1770487,0,1270,0,40,3,2,2,1,27,30,2
1749149,0,1270,0,40,3,8,2,1,70,38,2
1751013,0,1270,0,40,3,7,2,1,48,75,2
1780079,0,1270,0,40,2,1,2,1,14,30,2
1753480,0,1270,0,40,3,6,2,1,47,76,2
1772259,0,1270,0,40,3,3,2,1,17,25,2
1772559,0,1270,0,40,3,3,2,1,16,34,2
1741173,0,1270,0,40,3,4,2,1,27,38,2
1739026,0,1270,0,40,2,9,2,1,71,41,2
1778236,0,1270,0,40,3,2,2,1,13,26,2
1775950,0,1270,0,40,3,2,2,1,19,44,2
1778588,0,1270,0,40,3,2,2,1,14,22,2
1745135,0,1270,0,40,3,9,2,1,81,43,2
1742479,0,1270,0,40,3,8,2,1,45,64,2
1760477,0,1270,0,40,2,6,2,1,34,69,2
1743095,0,1270,0,40,2,5,2,1,26,36,2
1773118,0,1270,0,40,2,3,2,1,18,67,2
1765243,0,1270,0,40,3,3,2,1,37,114,2
1759239,0,1270,0,40,3,6,2,1,44,13,2
1739668,0,1270,0,40,3,8,2,1,55,34,2
1766796,0,1270,0,40,2,5,2,1,27,55,2
1782054,0,1270,0,40,3,1,2,1,11,43,2
1768381,0,1270,0,40,2,3,2,1,23,18,2
1766109,0,1270,0,40,3,4,2,1,24,41,2
1723531,0,1270,0,40,2,12,2,1,71,22,2
1774498,0,1270,0,40,2,2,2,1,22,54,2
1775749,0,1270,0,40,3,2,2,1,21,54,2
1761810,0,1270,0,40,3,5,2,1,35,72,2
1768604,0,1270,0,40,3,4,2,1,24,27,2
1781526,0,1270,0,40,2,1,2,1,10,57,2
1782470,0,1270,0,40,2,1,2,1,10,24,2
1762507,0,1270,0,40,3,3,2,1,36,17,2
1766894,0,1270,0,40,3,2,2,1,40,40,2
1768963,0,1270,0,40,3,2,2,1,31,24,2
1757008,0,1270,0,40,3,4,2,1,63,51,2
1766720,0,1270,0,40,2,4,2,1,37,85,2
1776452,0,1270,0,40,3,1,2,1,21,31,2
1741211,0,1270,0,40,3,4,2,1,52,38,2
1739120,0,1270,0,40,3,7,2,1,67,58,2
1757099,0,1270,0,40,3,6,2,1,46,76,2
1749738,0,1270,0,40,3,7,2,1,60,51,2
1755495,0,1270,0,40,3,6,2,1,50,42,2
1759415,0,1270,0,40,3,6,2,1,38,41,2
1764016,0,1270,0,40,2,4,2,1,35,20,2
1771067,0,1270,0,40,3,3,2,1,23,32,2
1774981,0,1270,0,40,2,2,2,1,17,34,2
1747307,0,1270,0,40,2,9,2,1,66,25,2
1766658,0,1270,0,40,2,3,2,1,33,33,2
1777464,0,1270,0,40,2,1,2,1,16,28,2
1779975,0,1270,0,40,3,1,2,1,16,56,2
1742297,0,1270,0,40,3,4,2,1,62,20,2
1751124,0,1270,0,40,2,6,2,1,61,78,2
1779536,0,1270,0,40,3,1,2,1,15,39,2
1766294,0,1270,0,40,3,5,2,1,24,44,2
1772210,0,1270,0,40,3,2,2,1,26,38,2
1743887,0,1270,0,40,2,11,2,1,82,61,2
1769610,0,1270,0,40,3,3,2,1,24,35,2
1757237,0,1270,0,40,2,6,2,1,28,29,2
1772445,0,1270,0,40,2,2,2,1,23,18,2
1750165,0,1270,0,40,3,7,2,1,50,62,2
1753578,0,1270,0,40,2,5,2,1,64,40,2
1774533,0,1270,0,40,3,2,2,1,23,27,2
1772896,0,1270,0,40,2,3,2,1,24,37,2
1778748,0,1270,0,40,2,2,2,1,15,15,2
1745550,1,1270,1257,17.0086,3,6,2,1,34,27,2
1781136,0,1270,0,40,3,1,2,1,12,57,2
1781332,0,1270,0,40,2,1,2,1,12,19,2
1781938,0,1270,0,40,3,1,2,1,12,59,2
1782158,0,1270,0,40,3,1,2,1,12,8,2
1773561,0,1270,0,40,2,2,2,1,20,49,2
1776561,0,1270,0,40,3,2,2,1,16,26,2
1772396,0,1270,0,40,2,4,2,1,20,94,2
1777078,0,1270,0,40,2,3,2,1,15,21,2
1777754,0,1270,0,40,3,2,2,1,14,47,2
1765426,0,1270,0,40,2,4,2,1,35,28,2
1782662,0,1270,0,40,3,1,2,1,11,44,2
1771838,0,1270,0,40,3,3,2,1,19,36,2
1764625,0,1270,0,40,3,7,2,1,25,74,2
1770051,0,1270,0,40,3,3,2,1,23,25,2
1767902,0,1270,0,40,3,3,2,1,26,43,2
1777492,0,1270,0,40,2,2,2,1,11,24,2
1769589,0,1270,0,40,2,3,2,1,24,94,2
1749925,0,1270,0,40,2,9,2,1,51,38,2
1776269,0,1270,0,40,3,3,2,1,15,66,2
1738426,0,1270,0,40,2,9,2,1,48,24,2
1773313,0,1270,0,40,3,4,2,1,22,49,2
1768185,0,1270,0,40,3,4,2,1,23,45,2
1782769,0,1270,0,40,3,1,2,1,10,19,2
1783342,0,1270,0,40,2,1,2,1,10,36,2
1741200,0,1270,0,40,3,5,2,1,46,19,2
1736614,0,1270,0,40,2,8,2,1,72,44,2
1748149,0,1270,0,40,3,6,2,1,75,34,2
1769987,0,1270,0,40,2,3,2,1,31,70,2
1759051,0,1270,0,40,2,6,2,1,45,45,2
1762453,0,1270,0,40,3,5,2,1,35,50,2
1753892,0,1270,0,40,3,6,2,1,42,28,2
1775863,0,1270,0,40,3,1,2,1,21,61,2
1749726,0,1270,0,40,2,4,2,1,75,59,2
1770738,0,1270,0,40,3,2,2,1,29,25,2
1765359,0,1270,0,40,2,3,2,1,38,39,2
1756920,0,1270,0,40,3,4,2,1,54,38,2
1767438,0,1270,0,40,2,4,2,1,28,29,2
1778408,0,1270,0,40,2,1,2,1,19,43,2
1771145,0,1270,0,40,3,2,2,1,26,39,2
1778995,0,1270,0,40,2,1,2,1,18,43,2
1748530,0,1270,0,40,2,9,2,1,58,52,2
1750221,0,1270,0,40,3,7,2,1,65,44,2
1768249,0,1270,0,40,3,4,2,1,29,34,2
1763284,0,1270,0,40,3,4,2,1,31,32,2
1777137,0,1270,0,40,3,1,2,1,17,34,2
1779098,0,1270,0,40,3,1,2,1,17,41,2
1772651,0,1270,0,40,2,2,2,1,21,38,2
1764220,0,1270,0,40,3,4,2,1,37,57,2
1758934,0,1270,0,40,2,5,2,1,43,45,2
1775296,0,1270,0,40,3,2,2,1,22,54,2
1739667,0,1270,0,40,2,5,2,1,53,29,2
1763998,0,1270,0,40,3,4,2,1,31,18,2
1778037,0,1270,0,40,3,2,2,1,16,40,2
1756741,0,1270,0,40,3,8,2,1,38,52,2
1757298,0,1270,0,40,3,7,2,1,46,30,2
1779240,0,1270,0,40,3,1,2,1,15,39,2
1731084,0,1270,0,40,3,10,2,1,69,30,2
1766795,0,1270,0,40,2,4,2,1,21,57,2
1748781,0,1270,0,40,3,11,2,1,49,66,2
1776213,0,1270,0,40,3,2,2,1,19,23,2
1766636,0,1270,0,40,3,5,2,1,27,22,2
1744154,0,1270,0,40,3,1,2,1,22,29,2
1741228,0,1270,0,40,3,3,2,1,24,40,2
1766254,0,1270,0,40,3,4,2,1,35,61,2
1758613,0,1270,0,40,3,6,2,1,35,72,2
1749333,0,1270,0,40,3,5,2,1,75,40,2
1777114,0,1270,0,40,2,3,2,1,16,38,2
1772114,0,1270,0,40,2,2,2,1,29,56,2
1781726,0,1270,0,40,3,1,2,1,13,46,2
1772552,0,1270,0,40,3,3,2,1,21,15,2
1774203,0,1270,0,40,3,3,2,1,15,63,2
1774290,0,1270,0,40,2,2,2,1,22,57,2
1753402,0,1270,0,40,2,8,2,1,40,19,2
1772970,0,1270,0,40,3,2,2,1,22,41,2
1779298,0,1270,0,40,3,2,2,1,13,53,2
1774184,0,1270,0,40,2,3,2,1,20,36,2
1774015,0,1270,0,40,3,2,2,1,25,19,2
1773174,0,1270,0,40,2,3,2,1,23,24,2
1763098,0,1270,0,40,2,5,2,1,39,32,2
1762525,0,1270,0,40,2,4,2,1,42,21,2
1780948,0,1270,0,40,2,1,2,1,12,26,2
1782398,0,1270,0,40,3,1,2,1,12,34,2
1762117,0,1270,0,40,3,4,2,1,41,59,2
1769628,0,1270,0,40,3,4,2,1,19,41,2
1743472,0,1270,0,40,3,7,2,1,51,57,2
1755706,0,1270,0,40,2,9,2,1,42,39,2
1780171,0,1270,0,40,3,2,2,1,12,48,2
1768144,0,1270,0,40,2,4,2,1,30,14,2
1774620,0,1270,0,40,3,2,2,1,25,36,2
1776653,0,1270,0,40,2,3,2,1,14,43,2
1774727,0,1270,0,40,3,4,2,1,17,57,2
1782341,0,1270,0,40,2,1,2,1,11,55,2
1782996,0,1270,0,40,3,1,2,1,11,93,2
1783356,0,1270,0,40,3,1,2,1,11,35,2
1748203,0,1270,0,40,3,6,2,1,68,64,2
1766842,0,1270,0,40,3,4,2,1,27,60,2
1743088,0,1270,0,40,2,7,2,1,53,27,2
1779490,0,1270,0,40,2,2,2,1,11,41,2
1765057,0,1270,0,40,2,4,2,1,36,38,2
1740574,0,1270,0,40,3,10,2,1,48,55,2
1770743,0,1270,0,40,3,5,2,1,19,67,2
1777817,0,1270,0,40,3,3,2,1,15,46,2
1710187,0,1270,0,40,2,16,2,1,81,48,2
1756844,0,1270,0,40,2,7,2,1,42,19,2
1781144,0,1270,0,40,2,2,2,1,11,28,2
1767981,0,1270,0,40,2,3,2,1,33,49,2
1741023,0,1270,0,40,3,5,2,1,35,14,2
1772057,0,1270,0,40,2,5,2,1,24,22,2
1780458,0,1270,0,40,2,1,2,1,10,21,2
1783459,0,1270,0,40,3,1,2,1,10,60,2
1783711,0,1270,0,40,3,1,2,1,10,54,2
1783737,0,1270,0,40,3,1,2,1,10,17,2
1764577,0,1270,0,40,3,2,2,1,42,59,2
1744669,0,1270,0,40,3,3,2,1,52,98,2
1760904,0,1270,0,40,3,3,2,1,46,33,2
1742410,0,1270,0,40,2,6,2,1,36,101,2
1764421,0,1270,0,40,3,4,2,1,35,44,2
1776584,0,1270,0,40,2,1,2,1,23,116,2
1776258,0,1270,0,40,2,1,2,1,22,18,2
1777536,0,1270,0,40,3,1,2,1,21,43,2
1778157,0,1270,0,40,2,1,2,1,20,39,2
1740985,0,1270,0,40,2,10,2,1,72,45,2
1746213,0,1270,0,40,3,11,2,1,70,36,2
1761561,0,1270,0,40,3,5,2,1,33,59,2
1767841,0,1270,0,40,3,3,2,1,31,38,2
1773029,0,1270,0,40,3,3,2,1,26,64,2
1742905,0,1270,0,40,2,4,2,1,29,40,2
1766171,0,1270,0,40,3,4,2,1,24,39,2
1768831,0,1270,0,40,2,3,2,1,27,36,2
1767818,0,1270,0,40,2,4,2,1,30,39,2
1772089,0,1270,0,40,3,3,2,1,22,46,2
1703087,0,1270,0,40,2,16,2,1,97,100,2
1749167,0,1270,0,40,2,7,2,1,69,34,2
1780140,0,1270,0,40,2,1,2,1,16,83,2
1781007,0,1270,0,40,3,1,2,1,16,40,2
1761993,1,1270,1226,29.702,2,6,2,1,35,47,2
1775709,0,1270,0,40,2,2,2,1,21,21,2
1760255,0,1270,0,40,2,7,2,1,29,25,2
1775262,0,1270,0,40,2,2,2,1,18,59,2
1761578,0,1270,0,40,2,6,2,1,44,63,2
1746579,0,1270,0,40,3,7,2,1,78,99,2
1764821,0,1270,0,40,2,4,2,1,35,51,2
1774597,0,1270,0,40,3,3,2,1,18,37,2
1772647,0,1270,0,40,2,4,2,1,18,20,2
1750239,0,1270,0,40,2,8,2,1,61,45,2
1773109,0,1270,0,40,3,2,2,1,30,36,2
1781736,0,1270,0,40,3,1,2,1,14,46,2
1771877,0,1270,0,40,2,4,2,1,18,60,2
1771383,0,1270,0,40,2,3,2,1,22,63,2
1759260,0,1270,0,40,2,5,2,1,39,98,2
1775796,0,1270,0,40,2,3,2,1,18,64,2
1762656,0,1270,0,40,3,6,2,1,23,18,2
1764964,0,1270,0,40,3,6,2,1,33,43,2
1751233,0,1270,0,40,2,8,2,1,56,21,2
1760412,0,1270,0,40,3,5,2,1,41,45,2
1781943,0,1270,0,40,3,1,2,1,13,43,2
1754188,0,1270,0,40,2,7,2,1,55,28,2
1740075,0,1270,0,40,3,9,2,1,54,45,2
1770678,0,1270,0,40,3,4,2,1,26,55,2
1749872,0,1270,0,40,3,8,2,1,51,16,2
1758143,0,1270,0,40,2,8,2,1,35,45,2
1761983,0,1270,0,40,3,5,2,1,37,69,2
1779009,0,1270,0,40,2,2,2,1,15,18,2
1757847,0,1270,0,40,2,5,2,1,42,137,2
1743370,0,1270,0,40,2,8,2,1,42,54,2
1773327,0,1270,0,40,3,2,2,1,29,44,2
1782385,0,1270,0,40,3,1,2,1,12,7,2
1782661,0,1270,0,40,2,1,2,1,12,29,2
1783150,0,1270,0,40,2,1,2,1,12,22,2
1773775,0,1270,0,40,2,2,2,1,20,30,2
1757695,0,1270,0,40,2,7,2,1,35,38,2
1775520,0,1270,0,40,3,2,2,1,19,30,2
1772335,0,1270,0,40,2,3,2,1,21,56,2
1747294,0,1270,0,40,2,6,2,1,83,42,2
1749787,0,1270,0,40,3,7,2,1,58,84,2
1772831,0,1270,0,40,3,3,2,1,22,76,2
1771083,0,1270,0,40,3,3,2,1,26,52,2
1761995,0,1270,0,40,2,6,2,1,34,21,2
1772044,0,1270,0,40,2,3,2,1,24,51,2
1741140,0,1270,0,40,3,7,2,1,61,27,2
1778182,0,1270,0,40,3,3,2,1,15,35,2
1782281,0,1270,0,40,2,1,2,1,11,53,2
1782899,0,1270,0,40,2,1,2,1,11,43,2
1783103,0,1270,0,40,3,1,2,1,11,52,2
1783283,0,1270,0,40,2,1,2,1,11,30,2
1783477,0,1270,0,40,3,1,2,1,11,57,2
1783745,0,1270,0,40,2,1,2,1,11,64,2
1770377,0,1270,0,40,2,2,2,1,21,41,2
1777143,0,1270,0,40,2,2,2,1,15,32,2
1771792,0,1270,0,40,3,3,2,1,22,20,2
1751285,0,1270,0,40,3,7,2,1,54,64,2
1751406,0,1270,0,40,3,7,2,1,50,81,2
1744260,0,1270,0,40,2,8,2,1,55,33,2
1738863,0,1270,0,40,2,6,2,1,51,13,2
1746763,0,1270,0,40,2,9,2,1,62,86,2
1774191,0,1270,0,40,2,3,2,1,21,55,2
1749701,0,1270,0,40,3,8,2,1,60,48,2
1763690,0,1270,0,40,2,6,2,1,32,22,2
1781043,0,1270,0,40,2,2,2,1,14,18,2
1783991,0,1270,0,40,3,2,2,1,11,60,2
1784397,0,1270,0,40,2,1,2,1,10,17,2
1784551,0,1270,0,40,2,1,2,1,10,62,2
1767039,0,1270,0,40,2,1,2,1,42,49,2
1751092,0,1270,0,40,2,5,2,1,60,94,2
1754689,0,1270,0,40,2,5,2,1,56,49,2
1754897,0,1270,0,40,3,6,2,1,49,55,2
1771339,0,1270,0,40,2,2,2,1,28,23,2
1776360,0,1270,0,40,2,1,2,1,24,51,2
1773703,0,1270,0,40,2,2,2,1,27,52,2
1778218,0,1270,0,40,3,1,2,1,22,59,2
1758745,0,1270,0,40,2,5,2,1,47,36,2
1745469,0,1270,0,40,3,5,2,1,58,36,2
1766740,0,1270,0,40,3,5,2,1,34,42,2
1760915,0,1270,0,40,3,4,2,1,40,58,2
1743960,0,1270,0,40,3,4,2,1,40,22,2
1774719,0,1270,0,40,2,2,2,1,22,82,2
1779521,0,1270,0,40,3,1,2,1,19,40,2
1770472,0,1270,0,40,2,3,2,1,26,51,2
1773475,0,1270,0,40,3,2,2,1,27,52,2
1774672,0,1270,0,40,2,2,2,1,26,66,2
1780455,0,1270,0,40,3,1,2,1,18,41,2
1776416,0,1270,0,40,3,2,2,1,18,33,2
1780088,0,1270,0,40,3,1,2,1,17,62,2
1775393,0,1270,0,40,3,2,2,1,19,46,2
1772342,0,1270,0,40,2,3,2,1,23,13,2
1750424,0,1270,0,40,2,9,2,1,59,17,2
1752630,0,1270,0,40,3,10,2,1,43,57,2
1774105,0,1270,0,40,3,2,2,1,23,40,2
1761654,1,1270,1260,40,2,6,2,1,39,25,2
1780446,0,1270,0,40,2,1,2,1,16,23,2
1781022,0,1270,0,40,3,1,2,1,16,24,2
1781357,0,1270,0,40,3,1,2,1,16,46,2
1781517,0,1270,0,40,3,1,2,1,16,31,2
1773676,0,1270,0,40,3,2,2,1,25,35,2
1775476,0,1270,0,40,3,2,2,1,21,41,2
1768017,0,1270,0,40,3,3,2,1,28,38,2
1774541,0,1270,0,40,3,3,2,1,22,25,2
1759857,0,1270,0,40,2,7,2,1,43,111,2
1775770,0,1270,0,40,3,2,2,1,17,33,2
1765982,0,1270,0,40,3,4,2,1,34,37,2
1776410,0,1270,0,40,2,2,2,1,16,48,2
1762442,0,1270,0,40,2,4,2,1,40,21,2
1759762,0,1270,0,40,3,5,2,1,38,52,2
1753238,0,1270,0,40,3,7,2,1,50,32,2
1776376,0,1270,0,40,2,2,2,1,21,50,2
1776119,0,1270,0,40,2,2,2,1,20,20,2
1765780,0,1270,0,40,2,7,2,1,32,20,2
1761854,0,1270,0,40,3,5,2,1,44,17,2
1782135,0,1270,0,40,2,1,2,1,14,52,2
1782494,0,1270,0,40,3,1,2,1,14,46,2
1782728,0,1270,0,40,2,1,2,1,14,36,2
1772782,0,1270,0,40,2,3,2,1,20,11,2
1733963,0,1270,0,40,3,6,2,1,81,54,2
1742921,0,1270,0,40,2,5,2,1,40,31,2
1755075,0,1270,0,40,2,7,2,1,58,50,2
1762265,0,1270,0,40,2,4,2,1,39,45,2
1760876,0,1270,0,40,2,6,2,1,38,31,2
1767380,0,1270,0,40,3,4,2,1,34,42,2
1775041,0,1270,0,40,3,4,2,1,21,29,2
1781701,0,1270,0,40,2,1,2,1,13,25,2
1781901,0,1270,0,40,2,1,2,1,13,47,2
1783058,0,1270,0,40,2,1,2,1,13,31,2
1757282,0,1270,0,40,3,6,2,1,37,77,2
1767390,0,1270,0,40,3,4,2,1,24,63,2
1747637,0,1270,0,40,3,9,2,1,58,40,2
1758044,0,1270,0,40,3,7,2,1,32,17,2
1780265,0,1270,0,40,3,2,2,1,13,42,2
1756044,0,1270,0,40,3,6,2,1,51,45,2
1773330,0,1270,0,40,2,3,2,1,15,20,2
1756136,0,1270,0,40,3,8,2,1,41,12,2
1752103,0,1270,0,40,3,7,2,1,58,33,2
1755337,0,1270,0,40,3,7,2,1,45,25,2
1755618,0,1270,0,40,3,9,2,1,39,23,2
1783645,0,1270,0,40,2,1,2,1,12,21,2
1783859,0,1270,0,40,2,1,2,1,12,102,2
1738989,0,1270,0,40,3,4,2,1,33,33,2
1746369,0,1270,0,40,2,11,2,1,66,30,2
1763397,0,1270,0,40,2,6,2,1,26,65,2
1765140,0,1270,0,40,3,5,2,1,30,34,2
1766886,0,1270,0,40,3,4,2,1,35,35,2
1775024,0,1270,0,40,3,4,2,1,15,38,2
1737990,0,1270,0,40,3,9,2,1,38,55,2
1780194,0,1270,0,40,3,2,2,1,12,64,2
1768899,0,1270,0,40,3,4,2,1,28,38,2
1769348,0,1270,0,40,3,3,2,1,29,10,2
1784179,0,1270,0,40,2,1,2,1,11,34,2
1776518,0,1270,0,40,2,2,2,1,15,65,2
1745421,0,1270,0,40,3,4,2,1,50,48,2
1751597,1,1270,1253,39.1504,2,8,2,1,52,35,2
1778673,0,1270,0,40,2,2,2,1,15,45,2
1766478,0,1270,0,40,2,5,2,1,25,45,2
1769311,1,1270,1255,35.212,2,6,2,1,22,31,2
1781196,0,1270,0,40,3,2,2,1,11,19,2
1769504,0,1270,0,40,3,4,2,1,26,82,2
1777374,0,1270,0,40,3,2,2,1,20,47,2
1781848,0,1270,0,40,3,2,2,1,13,25,2
1769465,0,1270,0,40,3,5,2,1,26,44,2
1774291,0,1270,0,40,3,3,2,1,20,47,2
1772232,0,1270,0,40,2,4,2,1,25,32,2
1763972,0,1270,0,40,3,4,2,1,42,31,2
1783225,0,1270,0,40,2,1,2,1,10,69,2
1783560,0,1270,0,40,2,1,2,1,10,34,2
1783928,0,1270,0,40,2,1,2,1,10,38,2
1769600,0,1270,0,40,2,1,2,1,39,31,2
1775595,0,1270,0,40,3,1,2,1,28,39,2
1764638,0,1270,0,40,3,3,2,1,41,37,2
1777896,0,1270,0,40,2,1,2,1,23,26,2
1774575,0,1270,0,40,3,2,2,1,23,20,2
1769817,0,1270,0,40,3,2,2,1,32,33,2
1761598,0,1270,0,40,3,5,2,1,33,61,2
1765515,0,1270,0,40,2,4,2,1,40,33,2
1779380,0,1270,0,40,2,1,2,1,19,41,2
1740234,0,1270,0,40,3,7,2,1,58,37,2
1763205,0,1270,0,40,3,5,2,1,37,98,2
1754151,0,1270,0,40,2,6,2,1,61,18,2
1780651,0,1270,0,40,3,1,2,1,18,40,2
1758306,0,1270,0,40,3,6,2,1,40,51,2
1767383,0,1270,0,40,2,3,2,1,32,24,2
1750049,0,1270,0,40,3,7,2,1,67,26,2
1767119,0,1270,0,40,2,4,2,1,33,35,2
1776961,0,1270,0,40,2,2,2,1,18,14,2
1779922,0,1270,0,40,3,1,2,1,17,75,2
1771508,0,1270,0,40,3,2,2,1,28,25,2
1748323,0,1270,0,40,2,10,2,1,64,27,2
1749996,0,1270,0,40,3,7,2,1,63,67,2
1745708,0,1270,0,40,2,10,2,1,56,13,2
1781992,0,1270,0,40,2,1,2,1,16,32,2
1754875,0,1270,0,40,2,6,2,1,53,81,2
1753850,0,1270,0,40,2,8,2,1,52,38,2
1755890,0,1270,0,40,2,3,2,1,66,30,2
1776929,0,1270,0,40,3,2,2,1,19,38,2
1782438,0,1270,0,40,2,1,2,1,15,24,2
1782772,0,1270,0,40,2,1,2,1,15,46,2
1758215,0,1270,0,40,2,6,2,1,45,54,2
1754004,0,1270,0,40,3,9,2,1,47,36,2
1752082,0,1270,0,40,2,10,2,1,56,17,2
1775519,0,1270,0,40,2,3,2,1,21,31,2
1751067,0,1270,0,40,2,8,2,1,54,40,2
1766108,0,1270,0,40,2,5,2,1,27,33,2
1740983,0,1270,0,40,3,4,2,1,27,42,2
1774598,0,1270,0,40,3,3,2,1,23,66,2
1763589,0,1270,0,40,2,6,2,1,28,56,2
1767300,0,1270,0,40,2,4,2,1,25,52,2
1769036,0,1270,0,40,3,5,2,1,28,36,2
1782423,0,1270,0,40,2,1,2,1,13,45,2
1783387,0,1270,0,40,2,1,2,1,13,65,2
1775000,0,1270,0,40,3,2,2,1,21,60,2
1768141,0,1270,0,40,2,2,2,1,36,57,2
1737034,0,1270,0,40,3,10,2,1,55,68,2
1750887,0,1270,0,40,2,8,2,1,61,28,2
1726913,0,1270,0,40,3,16,2,1,70,25,2
1763474,0,1270,0,40,2,6,2,1,31,42,2
1768218,0,1270,0,40,2,5,2,1,26,27,2
1770297,0,1270,0,40,2,4,2,1,23,32,2
1775833,0,1270,0,40,3,3,2,1,24,44,2
1784117,0,1270,0,40,2,1,2,1,12,33,2
1784497,0,1270,0,40,2,1,2,1,12,13,2
1750831,0,1270,0,40,2,7,2,1,50,31,2
1772742,0,1270,0,40,2,3,2,1,19,31,2
1745123,0,1270,0,40,2,9,2,1,76,44,2
1777650,0,1270,0,40,3,2,2,1,13,32,2
1768184,0,1270,0,40,3,3,2,1,31,35,2
1773462,0,1270,0,40,3,3,2,1,18,52,2
1780989,0,1270,0,40,2,2,2,1,14,70,2
1769949,0,1270,0,40,3,5,2,1,27,61,2
1782230,0,1270,0,40,2,2,2,1,13,24,2
1768904,0,1270,0,40,2,3,2,1,32,32,2
1757293,0,1270,0,40,3,7,2,1,37,40,2
1781801,0,1270,0,40,2,1,2,1,11,83,2
1783488,0,1270,0,40,2,1,2,1,11,30,2
1784152,0,1270,0,40,3,1,2,1,11,34,2
1785007,0,1270,0,40,2,1,2,1,11,26,2
1757890,0,1270,0,40,2,5,2,1,45,21,2
1748756,0,1270,0,40,3,9,2,1,47,78,2
1770520,0,1270,0,40,2,4,2,1,21,42,2
1762491,0,1270,0,40,3,5,2,1,31,58,2
1764116,0,1270,0,40,3,5,2,1,33,24,2
1776828,0,1270,0,40,2,3,2,1,17,25,2
1774847,0,1270,0,40,2,4,2,1,16,41,2
1781373,0,1270,0,40,3,2,2,1,11,59,2
1766851,0,1270,0,40,3,5,2,1,33,66,2
1781392,0,1270,0,40,3,2,2,1,12,48,2
1770264,0,1270,0,40,2,4,2,1,29,26,2
1759849,0,1270,0,40,2,7,2,1,42,37,2
1739520,0,1270,0,40,2,9,2,1,53,41,2
1756553,0,1270,0,40,3,7,2,1,45,44,2
1784036,0,1270,0,40,2,1,2,1,10,42,2
1784702,0,1270,0,40,2,1,2,1,10,33,2
1785283,0,1270,0,40,3,1,2,1,10,48,2
1785415,0,1270,0,40,2,1,2,1,10,28,2
1785733,0,1270,0,40,2,1,2,1,10,21,2
1763793,0,1270,0,40,2,3,2,1,48,14,2
1763512,0,1270,0,40,3,2,2,1,44,62,2
1767451,0,1270,0,40,3,2,2,1,34,43,2
1767268,0,1270,0,40,3,4,2,1,38,44,2
1774863,0,1270,0,40,2,2,2,1,26,69,2
1770909,0,1270,0,40,3,2,2,1,31,39,2
1772337,0,1270,0,40,2,2,2,1,31,31,2
1777056,0,1270,0,40,2,2,2,1,23,23,2
1769480,1,1270,1234,18.8163,3,3,2,1,24,37,2
1763848,0,1270,0,40,2,6,2,1,40,32,2
1745717,0,1270,0,40,3,10,2,1,76,52,2
1740346,0,1270,0,40,3,11,2,1,75,28,2
1780025,0,1270,0,40,3,2,2,1,20,72,2
1772829,0,1270,0,40,2,4,2,1,21,42,2
1773172,0,1270,0,40,2,3,2,1,19,47,2
1782161,0,1270,0,40,2,1,2,1,13,28,2
1784293,0,1270,0,40,2,1,2,1,13,102,2
1767844,0,1270,0,40,2,5,2,1,29,65,2
1758051,0,1270,0,40,2,4,2,1,55,76,2
1768937,0,1270,0,40,2,2,2,1,38,20,2
1740821,0,1270,0,40,3,6,2,1,44,63,2
1778684,0,1270,0,40,3,2,2,1,15,60,2
1764705,0,1270,0,40,2,5,2,1,34,34,2
1750045,0,1270,0,40,2,9,2,1,56,19,2
1772118,0,1270,0,40,2,3,2,1,30,37,2
1750610,0,1270,0,40,3,7,2,1,66,31,2
1730780,0,1270,0,40,2,12,2,1,93,38,2
1785513,0,1270,0,40,3,1,2,1,11,28,2
1763140,0,1270,0,40,2,5,2,1,38,36,2
1777325,0,1270,0,40,2,3,2,1,17,66,2
1749203,0,1270,0,40,2,9,2,1,46,16,2
1785787,0,1270,0,40,3,1,2,1,10,39,2
1756986,0,1270,0,40,3,4,2,1,52,18,2
1777038,0,1270,0,40,2,2,2,1,25,18,2
1729363,0,1270,0,40,3,7,2,1,67,75,2
1781983,0,1270,0,40,3,1,2,1,17,42,2
1782425,0,1270,0,40,3,1,2,1,16,57,2
1754751,0,1270,0,40,2,9,2,1,40,37,2
1780570,0,1270,0,40,2,2,2,1,15,38,2
1778316,0,1270,0,40,3,3,2,1,20,31,2
1757560,0,1270,0,40,2,5,2,1,44,41,2
1760844,0,1270,0,40,3,6,2,1,43,16,2
1741164,0,1270,0,40,2,10,2,1,81,47,2
1768890,0,1270,0,40,2,5,2,1,22,114,2
1785797,0,1270,0,40,2,1,2,1,11,43,2
1756445,0,1270,0,40,2,6,2,1,43,41,2
1767250,0,1270,0,40,2,7,2,1,28,26,2
1783025,0,1270,0,40,3,0,2,1,9,59,2
1783572,0,1270,0,40,2,0,2,1,9,30,2
1784274,0,1270,0,40,2,0,2,1,9,69,2
1784402,0,1270,0,40,2,0,2,1,9,16,2
1784732,0,1270,0,40,3,0,2,1,9,38,2
1784860,0,1270,0,40,2,0,2,1,9,58,2
1784924,0,1270,0,40,2,0,2,1,9,64,2
1784988,0,1270,0,40,2,0,2,1,9,41,2
1785148,0,1270,0,40,3,0,2,1,9,29,2
1785212,0,1270,0,40,2,0,2,1,9,43,2
1785242,0,1270,0,40,3,0,2,1,9,26,2
1785274,0,1270,0,40,3,0,2,1,9,23,2
1785386,0,1270,0,40,3,0,2,1,9,41,2
1785450,0,1270,0,40,2,0,2,1,9,47,2
1785498,0,1270,0,40,2,0,2,1,9,58,2
1785514,0,1270,0,40,2,0,2,1,9,35,2
1785530,0,1270,0,40,3,0,2,1,9,29,2
1785626,0,1270,0,40,3,0,2,1,9,67,2
1785642,0,1270,0,40,3,0,2,1,9,15,2
1785690,0,1270,0,40,3,0,2,1,9,30,2
1785738,0,1270,0,40,3,0,2,1,9,43,2
1785754,0,1270,0,40,2,0,2,1,9,51,2
1785804,0,1270,0,40,2,0,2,1,9,35,2
1785812,0,1270,0,40,2,0,2,1,9,52,2
1785868,0,1270,0,40,3,0,2,1,9,46,2
1785916,0,1270,0,40,2,0,2,1,9,53,2
1785956,0,1270,0,40,2,0,2,1,9,89,2
1786004,0,1270,0,40,3,0,2,1,9,63,2
1786020,0,1270,0,40,2,0,2,1,9,31,2
1786028,0,1270,0,40,3,0,2,1,9,51,2
1786136,2,1270,0,40,2,0,2,1,9,14,2
1786160,0,1270,0,40,3,0,2,1,9,36,2
1786192,0,1270,0,40,2,0,2,1,9,22,2
1786208,0,1270,0,40,3,0,2,1,9,67,2
1786272,0,1270,0,40,3,0,2,1,9,57,2
1786312,0,1270,0,40,2,0,2,1,9,25,2
1786320,0,1270,0,40,3,0,2,1,9,45,2
1786356,0,1270,0,40,2,0,2,1,9,46,2
1786364,0,1270,0,40,3,0,2,1,9,29,2
1786384,0,1270,0,40,2,0,2,1,9,28,2
1786392,0,1270,0,40,3,0,2,1,9,57,2
1786400,0,1270,0,40,2,0,2,1,9,20,2
1786440,0,1270,0,40,2,0,2,1,9,41,2
1786444,0,1270,0,40,2,0,2,1,9,34,2
1786448,0,1270,0,40,3,0,2,1,9,25,2
1786460,0,1270,0,40,2,0,2,1,9,14,2
1786464,0,1270,0,40,2,0,2,1,9,97,2
1786476,0,1270,0,40,3,0,2,1,9,19,2
1786484,0,1270,0,40,3,0,2,1,9,64,2
1786520,0,1270,0,40,2,0,2,1,9,44,2
1786548,0,1270,0,40,3,0,2,1,9,108,2
1786552,0,1270,0,40,3,0,2,1,9,37,2
1786572,0,1270,0,40,2,0,2,1,9,59,2
1786588,0,1270,0,40,3,0,2,1,9,74,2
1786616,0,1270,0,40,3,0,2,1,9,59,2
1786648,0,1270,0,40,2,0,2,1,9,35,2
1786652,0,1270,0,40,2,0,2,1,9,68,2
1786660,0,1270,0,40,3,0,2,1,9,58,2
1786676,0,1270,0,40,3,0,2,1,9,33,2
1786720,0,1270,0,40,2,0,2,1,9,71,2
1786756,0,1270,0,40,3,0,2,1,9,100,2
1786776,0,1270,0,40,2,0,2,1,9,40,2
1786792,0,1270,0,40,3,0,2,1,9,35,2
1786804,0,1270,0,40,2,0,2,1,9,39,2
1786816,0,1270,0,40,3,0,2,1,9,81,2
1786832,0,1270,0,40,3,0,2,1,9,36,2
1786836,0,1270,0,40,2,0,2,1,9,44,2
1786852,0,1270,0,40,3,0,2,1,9,81,2
1786864,0,1270,0,40,2,0,2,1,9,45,2
1786888,0,1270,0,40,2,0,2,1,9,21,2
1786904,0,1270,0,40,2,0,2,1,9,61,2
1786923,0,1270,0,40,3,0,2,1,9,22,2
1786927,0,1270,0,40,2,0,2,1,9,73,2
1786935,0,1270,0,40,3,0,2,1,9,40,2
1786939,0,1270,0,40,2,0,2,1,9,22,2
1786947,0,1270,0,40,3,0,2,1,9,46,2
1786955,0,1270,0,40,3,0,2,1,9,97,2
1786959,0,1270,0,40,2,0,2,1,9,33,2
1786961,0,1270,0,40,2,0,2,1,9,38,2
1786979,0,1270,0,40,3,0,2,1,9,37,2
1786997,0,1270,0,40,2,0,2,1,9,41,2
1787013,0,1270,0,40,3,0,2,1,9,57,2
1787015,0,1270,0,40,2,0,2,1,9,80,2
1787017,0,1270,0,40,3,0,2,1,9,113,2
1787029,0,1270,0,40,2,0,2,1,9,34,2
1787037,0,1270,0,40,3,0,2,1,9,34,2
1787039,0,1270,0,40,3,0,2,1,9,22,2
1787041,0,1270,0,40,2,0,2,1,9,42,2
1787053,0,1270,0,40,3,0,2,1,9,60,2
1787057,0,1270,0,40,2,0,2,1,9,43,2
1787065,0,1270,0,40,2,0,2,1,9,24,2
1787085,0,1270,0,40,2,0,2,1,9,58,2
1787101,0,1270,0,40,3,0,2,1,9,32,2
1787103,0,1270,0,40,3,0,2,1,9,55,2
1787105,0,1270,0,40,2,0,2,1,9,64,2
1787111,0,1270,0,40,2,0,2,1,9,36,2
1787125,0,1270,0,40,3,0,2,1,9,52,2
1787135,0,1270,0,40,2,0,2,1,9,36,2
1787145,0,1270,0,40,2,0,2,1,9,48,2
1787151,0,1270,0,40,2,0,2,1,9,39,2
1787163,0,1270,0,40,2,0,2,1,9,31,2
1787171,0,1270,0,40,3,0,2,1,9,38,2
1787187,0,1270,0,40,3,0,2,1,9,25,2
1787193,0,1270,0,40,2,0,2,1,9,71,2
1787205,0,1270,0,40,3,0,2,1,9,24,2
1787209,0,1270,0,40,3,0,2,1,9,61,2
1787217,0,1270,0,40,2,0,2,1,9,24,2
1787231,0,1270,0,40,2,0,2,1,9,17,2
1787239,0,1270,0,40,3,0,2,1,9,38,2
1787243,0,1270,0,40,3,0,2,1,9,36,2
1787253,0,1270,0,40,3,0,2,1,9,16,2
1787263,0,1270,0,40,3,0,2,1,9,37,2
1787273,0,1270,0,40,3,0,2,1,9,49,2
1787281,0,1270,0,40,2,0,2,1,9,55,2
1787301,0,1270,0,40,2,0,2,1,9,10,2
1787303,0,1270,0,40,2,0,2,1,9,89,2
1787313,0,1270,0,40,3,0,2,1,9,72,2
1787321,0,1270,0,40,2,0,2,1,9,41,2
1787323,0,1270,0,40,3,0,2,1,9,50,2
1787325,0,1270,0,40,2,0,2,1,9,84,2
1787329,0,1270,0,40,3,0,2,1,9,25,2
1787333,0,1270,0,40,3,0,2,1,9,33,2
1787353,0,1270,0,40,3,0,2,1,9,32,2
1787357,0,1270,0,40,2,0,2,1,9,53,2
1787373,0,1270,0,40,3,0,2,1,9,42,2
1787377,0,1270,0,40,3,0,2,1,9,75,2
1787385,0,1270,0,40,2,0,2,1,9,63,2
1787387,0,1270,0,40,2,0,2,1,9,53,2
1787405,0,1270,0,40,3,0,2,1,9,33,2
1787415,0,1270,0,40,3,0,2,1,9,41,2
1787421,0,1270,0,40,2,0,2,1,9,35,2
1787429,0,1270,0,40,2,0,2,1,9,61,2
1787431,0,1270,0,40,3,0,2,1,9,39,2
1787437,0,1270,0,40,3,0,2,1,9,40,2
1787439,0,1270,0,40,3,0,2,1,9,64,2
1787459,0,1270,0,40,2,0,2,1,9,49,2
1787463,0,1270,0,40,2,0,2,1,9,29,2
1787475,0,1270,0,40,3,0,2,1,9,43,2
1787481,0,1270,0,40,2,0,2,1,9,25,2
1787487,0,1270,0,40,3,0,2,1,9,19,2
1787493,0,1270,0,40,3,0,2,1,9,63,2
1776303,0,1270,0,40,3,2,2,1,13,24,2
1754261,0,1270,0,40,2,6,2,1,41,71,2
1744107,0,1270,0,40,2,9,2,1,36,42,2
1764454,0,1270,0,40,3,3,2,1,31,20,2
1765788,0,1270,0,40,2,3,2,1,28,21,2
1772035,0,1270,0,40,3,2,2,1,18,46,2
1778434,0,1270,0,40,3,1,2,1,13,37,2
1766539,0,1270,0,40,2,3,2,1,26,52,2
1775485,0,1270,0,40,3,1,2,1,20,52,2
1757503,0,1270,0,40,3,4,2,1,45,47,2
1766116,0,1270,0,40,3,3,2,1,31,49,2
1778093,0,1270,0,40,2,1,2,1,14,36,2
1771134,0,1270,0,40,3,3,2,1,24,39,2
1767115,0,1270,0,40,3,4,2,1,22,43,2
1756578,0,1270,0,40,2,5,2,1,44,23,2
1764266,0,1270,0,40,2,6,2,1,28,15,2
1780587,0,1270,0,40,2,1,2,1,10,37,2
1760609,0,1270,0,40,2,7,2,1,29,19,2
1765772,0,1270,0,40,3,2,2,1,34,16,2
1747485,0,1270,0,40,3,9,2,1,61,45,2
1767329,0,1270,0,40,2,4,2,1,25,51,2
1738900,0,1270,0,40,2,6,2,1,34,51,2
1778302,0,1270,0,40,2,1,2,1,16,38,2
1644888,0,1270,0,40,2,21,2,1,161,33,2
1774027,0,1270,0,40,2,3,2,1,17,26,2
1758585,0,1270,0,40,3,4,2,1,48,24,2
1777249,0,1270,0,40,3,2,2,1,14,63,2
1779478,0,1270,0,40,3,1,2,1,13,26,2
1779765,0,1270,0,40,3,1,2,1,13,58,2
1755870,0,1270,0,40,3,4,2,1,52,62,2
1777123,0,1270,0,40,2,2,2,1,14,82,2
1757301,0,1270,0,40,2,4,2,1,45,20,2
1768851,0,1270,0,40,3,3,2,1,23,58,2
1766368,0,1270,0,40,2,3,2,1,29,26,2
1734904,0,1270,0,40,3,7,2,1,54,30,2
1769317,0,1270,0,40,2,1,2,1,34,63,2
1756439,0,1270,0,40,3,5,2,1,42,34,2
1765541,0,1270,0,40,2,4,2,1,29,30,2
1685071,0,1270,0,40,2,17,2,1,129,24,2
1766604,0,1270,0,40,3,5,2,1,23,57,2
1768242,0,1270,0,40,3,2,2,1,33,29,2
1754643,0,1270,0,40,2,7,2,1,52,22,2
1778100,0,1270,0,40,2,1,2,1,17,38,2
1768501,0,1270,0,40,3,3,2,1,33,69,2
1778422,0,1270,0,40,2,1,2,1,16,76,2
1751917,0,1270,0,40,2,6,2,1,54,39,2
1776619,0,1270,0,40,2,2,2,1,17,32,2
1764409,0,1270,0,40,3,4,2,1,29,24,2
1759673,0,1270,0,40,2,5,2,1,43,37,2
1779172,0,1270,0,40,2,1,2,1,13,54,2
1741375,0,1270,0,40,3,8,2,1,48,67,2
1781010,0,1270,0,40,3,1,2,1,11,47,2
1781359,0,1270,0,40,3,1,2,1,11,45,2
1776012,0,1270,0,40,3,2,2,1,12,27,2
1772511,0,1270,0,40,3,3,2,1,21,26,2
1781958,0,1270,0,40,2,1,2,1,10,69,2
1778949,0,1270,0,40,3,2,2,1,10,25,2
1758449,0,1270,0,40,3,7,2,1,32,57,2
1781622,0,1270,0,40,2,1,2,1,9,74,2
1750407,0,1270,0,40,3,6,2,1,62,39,2
1772605,0,1270,0,40,3,2,2,1,24,65,2
1769099,0,1270,0,40,3,3,2,1,28,14,2
1766271,0,1270,0,40,2,3,2,1,31,63,2
1764201,0,1270,0,40,3,4,2,1,36,44,2
1747947,0,1270,0,40,3,7,2,1,56,28,2
1777236,0,1270,0,40,3,1,2,1,20,45,2
1776823,0,1270,0,40,2,1,2,1,19,78,2
1769666,1,1270,1257,28.1278,2,3,2,1,31,35,2
1766633,0,1270,0,40,3,2,2,1,28,72,2
1778806,0,1270,0,40,3,1,2,1,17,37,2
1736019,0,1270,0,40,2,7,2,1,59,14,2
1779157,0,1270,0,40,2,1,2,1,16,31,2
1740226,0,1270,0,40,2,8,2,1,44,46,2
1771750,0,1270,0,40,2,3,2,1,29,24,2
1779006,0,1270,0,40,2,1,2,1,15,50,2
1745540,0,1270,0,40,3,9,2,1,58,49,2
1758616,0,1270,0,40,2,5,2,1,36,23,2
1751792,0,1270,0,40,2,9,2,1,51,25,2
1759068,0,1270,0,40,2,4,2,1,34,47,2
1746424,0,1270,0,40,3,7,2,1,77,55,2
1780195,0,1270,0,40,3,1,2,1,14,37,2
1773492,0,1270,0,40,2,2,2,1,22,60,2
1772732,0,1270,0,40,2,3,2,1,18,52,2
1780340,0,1270,0,40,3,1,2,1,13,63,2
1768508,0,1270,0,40,2,3,2,1,23,9,2
1769347,0,1270,0,40,2,2,2,1,31,30,2
1769407,0,1270,0,40,3,3,2,1,26,6,2
1770230,0,1270,0,40,3,4,2,1,23,21,2
1772299,0,1270,0,40,3,2,2,1,23,23,2
1780662,0,1270,0,40,3,1,2,1,12,66,2
1761950,0,1270,0,40,2,4,2,1,36,80,2
1743956,0,1270,0,40,2,7,2,1,28,27,2
1772201,0,1270,0,40,3,3,2,1,22,43,2
1775294,0,1270,0,40,2,2,2,1,16,39,2
1777473,0,1270,0,40,3,2,2,1,19,32,2
1780338,0,1270,0,40,2,1,2,1,11,25,2
1781716,0,1270,0,40,2,1,2,1,11,36,2
1781952,0,1270,0,40,3,1,2,1,11,59,2
1750427,0,1270,0,40,3,8,2,1,34,34,2
1755041,0,1270,0,40,3,7,2,1,41,46,2
1769857,0,1270,0,40,3,3,2,1,27,53,2
1770516,0,1270,0,40,3,5,2,1,21,57,2
1782754,0,1270,0,40,2,1,2,1,10,27,2
1765111,0,1270,0,40,3,4,2,1,26,18,2
1777773,0,1270,0,40,2,2,2,1,13,18,2
1770668,0,1270,0,40,3,4,2,1,17,37,2
1759442,0,1270,0,40,3,4,2,1,39,58,2
1747035,0,1270,0,40,2,12,2,1,49,18,2
1741426,1,1270,1257,33.8572,2,7,2,1,45,28,2
1770148,0,1270,0,40,2,5,2,1,24,29,2
1766895,0,1270,0,40,2,3,2,1,28,26,2
1738850,0,1270,0,40,3,9,2,1,55,27,2
1763625,0,1270,0,40,2,5,2,1,32,32,2
1779205,0,1270,0,40,3,2,2,1,16,24,2
1782793,0,1270,0,40,3,1,2,1,9,44,2
1783134,0,1270,0,40,2,1,2,1,9,59,2
1746340,0,1270,0,40,3,6,2,1,83,37,2
1770512,0,1270,0,40,2,2,2,1,31,42,2
1753962,0,1270,0,40,3,5,2,1,52,35,2
1771771,0,1270,0,40,3,1,2,1,29,42,2
1766628,0,1270,0,40,3,3,2,1,36,78,2
1757252,0,1270,0,40,2,6,2,1,39,17,2
1767398,0,1270,0,40,3,3,2,1,24,51,2
1746199,0,1270,0,40,3,11,2,1,72,66,2
1762520,0,1270,0,40,3,3,2,1,33,20,2
1752728,0,1270,0,40,3,7,2,1,51,25,2
1777912,0,1270,0,40,3,1,2,1,19,14,2
1775551,0,1270,0,40,2,2,2,1,19,31,2
1747898,0,1270,0,40,3,9,2,1,58,44,2
1744371,0,1270,0,40,3,14,2,1,63,67,2
1760266,0,1270,0,40,3,5,2,1,37,23,2
1779419,0,1270,0,40,2,1,2,1,17,39,2
1749287,0,1270,0,40,3,8,2,1,55,24,2
1730085,0,1270,0,40,3,12,2,1,65,77,2
1762035,0,1270,0,40,2,7,2,1,34,56,2
1779553,0,1270,0,40,3,1,2,1,16,41,2
1764660,0,1270,0,40,3,4,2,1,30,46,2
1743530,0,1270,0,40,3,6,2,1,48,55,2
1767615,0,1270,0,40,3,3,2,1,25,41,2
1771177,0,1270,0,40,3,3,2,1,20,39,2
1767864,0,1270,0,40,3,3,2,1,26,27,2
1762902,0,1270,0,40,3,5,2,1,31,37,2
1774386,0,1270,0,40,2,2,2,1,24,63,2
1768961,0,1270,0,40,2,4,2,1,28,62,2
1779574,0,1270,0,40,2,1,2,1,14,46,2
1780168,0,1270,0,40,2,1,2,1,14,47,2
1780565,0,1270,0,40,3,1,2,1,14,15,2
1774845,0,1270,0,40,3,2,2,1,19,11,2
1712333,0,1270,0,40,2,12,2,1,92,71,2
1778823,0,1270,0,40,2,2,2,1,14,46,2
1779538,0,1270,0,40,3,1,2,1,13,27,2
1781691,0,1270,0,40,3,1,2,1,13,38,2
1758997,0,1270,0,40,2,7,2,1,31,53,2
1733522,0,1270,0,40,2,9,2,1,69,63,2
1760754,0,1270,0,40,3,5,2,1,30,59,2
1744716,0,1270,0,40,2,10,2,1,84,22,2
1744792,0,1270,0,40,3,7,2,1,72,31,2
1766357,0,1270,0,40,2,3,2,1,29,65,2
1761873,0,1270,0,40,2,5,2,1,26,43,2
1776331,0,1270,0,40,3,2,2,1,19,32,2
1776780,0,1270,0,40,2,2,2,1,19,60,2
1774459,0,1270,0,40,3,3,2,1,16,59,2
1779288,0,1270,0,40,3,2,2,1,13,43,2
1781886,0,1270,0,40,3,1,2,1,12,75,2
1782082,0,1270,0,40,3,1,2,1,12,69,2
1782172,0,1270,0,40,3,1,2,1,12,44,2
1774558,0,1270,0,40,2,2,2,1,17,60,2
1740924,0,1270,0,40,2,5,2,1,38,61,2
1764865,0,1270,0,40,3,3,2,1,35,46,2
1772264,0,1270,0,40,3,4,2,1,17,59,2
1763658,0,1270,0,40,2,4,2,1,39,27,2
1748984,0,1270,0,40,2,9,2,1,68,99,2
1757983,0,1270,0,40,3,6,2,1,33,26,2
1753932,0,1270,0,40,2,7,2,1,46,50,2
1781875,0,1270,0,40,2,1,2,1,11,28,2
1782644,0,1270,0,40,2,1,2,1,11,58,2
1761056,0,1270,0,40,2,5,2,1,37,22,2
1774714,0,1270,0,40,3,2,2,1,19,37,2
1766277,0,1270,0,40,2,5,2,1,24,15,2
1772789,0,1270,0,40,3,3,2,1,18,33,2
1760201,0,1270,0,40,3,8,2,1,28,92,2
1752668,0,1270,0,40,3,9,2,1,47,7,2
1742968,0,1270,0,40,3,16,2,1,72,17,2
1759092,0,1270,0,40,3,5,2,1,36,9,2
1749328,0,1270,0,40,3,8,2,1,54,69,2
1782517,0,1270,0,40,3,1,2,1,10,75,2
1743565,0,1270,0,40,3,6,2,1,24,31,2
1743340,0,1270,0,40,3,6,2,1,59,15,2
1760921,0,1270,0,40,2,4,2,1,33,30,2
1743028,0,1270,0,40,2,6,2,1,39,28,2
1771009,0,1270,0,40,3,2,2,1,26,17,2
1775542,0,1270,0,40,3,3,2,1,13,55,2
1778205,0,1270,0,40,3,2,2,1,13,28,2
1763629,0,1270,0,40,3,6,2,1,24,71,2
1777945,0,1270,0,40,3,2,2,1,14,69,2
1779171,0,1270,0,40,2,2,2,1,13,31,2
1778303,0,1270,0,40,2,2,2,1,12,50,2
1770651,0,1270,0,40,2,3,2,1,25,50,2
1776445,0,1270,0,40,2,3,2,1,17,32,2
1748184,0,1270,0,40,3,10,2,1,57,27,2
1770090,0,1270,0,40,3,4,2,1,26,30,2
1782795,0,1270,0,40,3,1,2,1,9,39,2
1783623,0,1270,0,40,2,1,2,1,9,30,2
1759032,0,1270,0,40,2,4,2,1,48,54,2
1770066,0,1270,0,40,2,2,2,1,30,40,2
1773894,0,1270,0,40,3,1,2,1,28,36,2
1742151,0,1270,0,40,3,5,2,1,70,56,2
1774783,0,1270,0,40,3,1,2,1,24,58,2
1762319,0,1270,0,40,3,6,2,1,37,20,2
1771196,0,1270,0,40,2,2,2,1,29,35,2
1771986,0,1270,0,40,3,3,2,1,27,12,2
1776328,0,1270,0,40,2,1,2,1,22,18,2
1767351,0,1270,0,40,2,3,2,1,31,50,2
1750200,0,1270,0,40,2,7,2,1,64,35,2
1768543,0,1270,0,40,2,3,2,1,34,31,2
1774896,0,1270,0,40,2,2,2,1,23,53,2
1772113,0,1270,0,40,3,3,2,1,23,95,2
1756006,0,1270,0,40,2,5,2,1,50,36,2
1778834,0,1270,0,40,3,1,2,1,19,25,2
1764159,0,1270,0,40,3,4,2,1,36,36,2
1757848,0,1270,0,40,2,7,2,1,43,43,2
1779161,0,1270,0,40,2,1,2,1,18,30,2
1779331,0,1270,0,40,3,1,2,1,18,36,2
1759519,0,1270,0,40,3,6,2,1,33,27,2
1771227,0,1270,0,40,2,2,2,1,25,36,2
1766055,0,1270,0,40,2,3,2,1,36,33,2
1777698,0,1270,0,40,2,1,2,1,17,47,2
1770208,0,1270,0,40,3,3,2,1,25,33,2
1753115,0,1270,0,40,2,6,2,1,54,45,2
1768999,0,1270,0,40,2,3,2,1,26,94,2
1778725,0,1270,0,40,2,1,2,1,16,69,2
1742158,0,1270,0,40,3,9,2,1,63,28,2
1763866,0,1270,0,40,2,4,2,1,21,46,2
1778484,0,1270,0,40,3,3,2,1,17,63,2
1780689,0,1270,0,40,3,1,2,1,15,47,2
1742279,0,1270,0,40,2,6,2,1,51,18,2
1766482,0,1270,0,40,2,5,2,1,31,42,2
1755221,0,1270,0,40,2,7,2,1,49,57,2
1780658,0,1270,0,40,2,1,2,1,14,33,2
1755864,0,1270,0,40,3,5,2,1,44,47,2
1772790,0,1270,0,40,2,2,2,1,22,42,2
1768447,0,1270,0,40,3,4,2,1,23,29,2
1777411,0,1270,0,40,2,3,2,1,16,73,2
1757592,0,1270,0,40,3,5,2,1,43,55,2
1745106,0,1270,0,40,2,2,2,1,15,54,2
1781780,0,1270,0,40,2,1,2,1,13,67,2
1763728,0,1270,0,40,3,4,2,1,24,40,2
1761487,0,1270,0,40,3,6,2,1,32,54,2
1765086,0,1270,0,40,3,4,2,1,37,44,2
1767269,0,1270,0,40,3,5,2,1,23,46,2
1759862,0,1270,0,40,3,3,2,1,50,46,2
1739873,0,1270,0,40,2,5,2,1,44,97,2
1759127,0,1270,0,40,3,4,2,1,49,34,2
1766154,0,1270,0,40,2,4,2,1,32,83,2
1777916,0,1270,0,40,2,2,2,1,19,14,2
1775550,0,1270,0,40,3,3,2,1,20,30,2
1781959,0,1270,0,40,2,1,2,1,12,54,2
1782374,0,1270,0,40,2,1,2,1,12,57,2
1782506,0,1270,0,40,3,1,2,1,12,41,2
1756229,0,1270,0,40,3,5,2,1,38,59,2
1771359,0,1270,0,40,3,2,2,1,26,26,2
1766027,0,1270,0,40,3,4,2,1,31,27,2
1765257,0,1270,0,40,3,5,2,1,27,24,2
1752155,0,1270,0,40,2,9,2,1,46,21,2
1771248,0,1270,0,40,2,3,2,1,23,53,2
1769689,0,1270,0,40,2,4,2,1,28,52,2
1770414,0,1270,0,40,2,5,2,1,21,75,2
1765909,0,1270,0,40,3,4,2,1,23,25,2
1777068,0,1270,0,40,2,2,2,1,20,40,2
1780605,0,1270,0,40,3,2,2,1,13,8,2
1775700,0,1270,0,40,2,2,2,1,23,32,2
1783044,0,1270,0,40,3,1,2,1,11,24,2
1783434,0,1270,0,40,2,1,2,1,11,27,2
1755677,0,1270,0,40,3,5,2,1,50,80,2
1769391,0,1270,0,40,2,4,2,1,22,24,2
1746094,0,1270,0,40,3,9,2,1,60,34,2
1741963,0,1270,0,40,3,6,2,1,27,50,2
1740860,0,1270,0,40,3,11,2,1,46,27,2
1741937,0,1270,0,40,2,4,2,1,16,37,2
1775723,0,1270,0,40,2,3,2,1,18,67,2
1766198,0,1270,0,40,3,5,2,1,34,38,2
1724730,0,1270,0,40,2,15,2,1,101,70,2
1771235,0,1270,0,40,3,4,2,1,23,45,2
1767829,0,1270,0,40,3,4,2,1,26,62,2
1780908,0,1270,0,40,2,1,2,1,10,54,2
1783525,0,1270,0,40,2,1,2,1,10,14,2
1783719,0,1270,0,40,2,1,2,1,10,25,2
1742677,0,1270,0,40,2,7,2,1,59,72,2
1770865,0,1270,0,40,3,3,2,1,22,26,2
1764061,0,1270,0,40,3,3,2,1,39,69,2
1740669,0,1270,0,40,3,9,2,1,42,24,2
1767942,0,1270,0,40,3,3,2,1,32,49,2
1738992,0,1270,0,40,3,8,2,1,35,33,2
1775651,0,1270,0,40,3,3,2,1,17,38,2
1750965,1,1270,1236,16.4406,3,11,2,1,46,29,2
1745627,0,1270,0,40,3,11,2,1,64,28,2
1667285,0,1270,0,40,3,18,2,1,111,65,2
1781053,0,1270,0,40,2,2,2,1,12,42,2
1747538,0,1270,0,40,2,11,2,1,57,45,2
1744483,1,1270,1259,30.8806,2,14,2,1,72,35,2
1763239,0,1270,0,40,2,7,2,1,35,59,2
1770661,0,1270,0,40,3,4,2,1,21,33,2
1766862,0,1270,0,40,3,5,2,1,27,34,2
1765697,0,1270,0,40,2,3,2,1,40,90,2
1782515,0,1270,0,40,3,1,2,1,9,26,2
1783686,0,1270,0,40,3,1,2,1,9,18,2
1784061,0,1270,0,40,3,1,2,1,9,49,2
1784591,0,1270,0,40,3,1,2,1,9,27,2
1764247,0,1270,0,40,3,2,2,1,41,34,2
1759910,0,1270,0,40,2,3,2,1,44,74,2
1767960,0,1270,0,40,3,2,2,1,36,51,2
1751311,0,1270,0,40,2,6,2,1,62,76,2
1773634,0,1270,0,40,3,1,2,1,26,37,2
1750878,0,1270,0,40,2,9,2,1,52,15,2
1757917,0,1270,0,40,2,3,2,1,55,40,2
1756675,0,1270,0,40,2,6,2,1,49,55,2
1766854,0,1270,0,40,3,4,2,1,33,27,2
1777457,0,1270,0,40,3,1,2,1,22,48,2
1742400,0,1270,0,40,2,3,2,1,42,49,2
1761906,0,1270,0,40,3,4,2,1,42,38,2
1778300,0,1270,0,40,2,1,2,1,21,45,2
1773924,0,1270,0,40,2,2,2,1,25,42,2
1775470,0,1270,0,40,3,1,2,1,20,88,2
1763616,0,1270,0,40,2,4,2,1,35,21,2
1769975,0,1270,0,40,2,3,2,1,26,85,2
1775379,0,1270,0,40,2,2,2,1,21,51,2
1772870,0,1270,0,40,3,3,2,1,22,41,2
1775172,0,1270,0,40,2,2,2,1,20,39,2
1756810,0,1270,0,40,3,7,2,1,33,25,2
1759817,0,1270,0,40,2,4,2,1,45,28,2
1746447,0,1270,0,40,2,11,2,1,57,62,2
1765026,0,1270,0,40,3,6,2,1,35,52,2
1779559,0,1270,0,40,3,1,2,1,18,59,2
1764765,0,1270,0,40,3,4,2,1,37,85,2
1767766,0,1270,0,40,3,4,2,1,30,35,2
1750796,0,1270,0,40,2,10,2,1,52,32,2
1747483,0,1270,0,40,2,7,2,1,60,51,2
1756022,0,1270,0,40,2,5,2,1,57,69,2
1746882,0,1270,0,40,2,10,2,1,63,78,2
1775711,0,1270,0,40,3,2,2,1,24,101,2
1766431,0,1270,0,40,3,5,2,1,30,33,2
1777273,0,1270,0,40,3,2,2,1,19,44,2
1740718,0,1270,0,40,3,9,2,1,47,68,2
1750499,0,1270,0,40,3,8,2,1,56,43,2
1775461,0,1270,0,40,2,2,2,1,22,93,2
1776474,0,1270,0,40,3,2,2,1,20,34,2
1780993,0,1270,0,40,3,1,2,1,16,20,2
1763304,0,1270,0,40,3,5,2,1,28,27,2
1755235,0,1270,0,40,2,8,2,1,44,68,2
1769769,0,1270,0,40,2,3,2,1,28,42,2
1744528,0,1270,0,40,3,4,2,1,47,49,2
1755510,0,1270,0,40,2,6,2,1,54,39,2
1780790,0,1270,0,40,3,1,2,1,15,69,2
1774865,0,1270,0,40,3,2,2,1,19,55,2
1749021,0,1270,0,40,2,7,2,1,66,34,2
1742351,0,1270,0,40,3,6,2,1,57,31,2
1760938,0,1270,0,40,3,6,2,1,43,37,2
1753777,0,1270,0,40,3,7,2,1,47,36,2
1736770,0,1270,0,40,3,7,2,1,75,23,2
1757412,0,1270,0,40,2,7,2,1,44,30,2
1755216,0,1270,0,40,2,7,2,1,54,14,2
1756609,0,1270,0,40,3,7,2,1,38,42,2
1780258,0,1270,0,40,3,1,2,1,14,25,2
1781244,0,1270,0,40,2,1,2,1,14,71,2
1781714,0,1270,0,40,2,1,2,1,14,45,2
1782204,0,1270,0,40,3,1,2,1,14,30,2
1770731,0,1270,0,40,2,4,2,1,20,31,2
1771846,0,1270,0,40,3,4,2,1,19,29,2
1777252,0,1270,0,40,3,2,2,1,18,43,2
1739615,0,1270,0,40,3,8,2,1,71,51,2
1741372,0,1270,0,40,2,2,2,1,19,80,2
1753958,0,1270,0,40,2,7,2,1,49,31,2
1762109,0,1270,0,40,3,4,2,1,37,61,2
1757336,0,1270,0,40,2,6,2,1,42,41,2
1780964,0,1270,0,40,3,1,2,1,13,38,2
1781590,0,1270,0,40,3,1,2,1,13,42,2
1782263,0,1270,0,40,2,1,2,1,13,16,2
1782466,0,1270,0,40,3,1,2,1,13,55,2
1782708,0,1270,0,40,2,1,2,1,13,107,2
1728471,0,1270,0,40,3,12,2,1,77,50,2
1746885,0,1270,0,40,2,8,2,1,68,39,2
1751867,0,1270,0,40,2,10,2,1,50,52,2
1772498,0,1270,0,40,3,4,2,1,17,70,2
1752225,0,1270,0,40,3,8,2,1,45,58,2
1756037,0,1270,0,40,3,7,2,1,45,29,2
1771690,0,1270,0,40,3,3,2,1,26,10,2
1774139,0,1270,0,40,3,3,2,1,20,35,2
1779197,0,1270,0,40,2,2,2,1,17,56,2
1750487,0,1270,0,40,2,9,2,1,64,72,2
1745543,0,1270,0,40,3,13,2,1,51,57,2
1776347,0,1270,0,40,2,4,2,1,19,24,2
1783236,0,1270,0,40,2,1,2,1,12,37,2
1742837,0,1270,0,40,2,4,2,1,29,35,2
1772363,0,1270,0,40,2,2,2,1,21,23,2
1749900,0,1270,0,40,3,7,2,1,48,60,2
1776457,0,1270,0,40,2,2,2,1,18,17,2
1775596,0,1270,0,40,2,2,2,1,20,59,2
1766380,0,1270,0,40,3,3,2,1,36,20,2
1760651,0,1270,0,40,2,6,2,1,32,80,2
1744060,0,1270,0,40,3,5,2,1,73,55,2
1765393,0,1270,0,40,2,4,2,1,34,53,2
1750063,0,1270,0,40,2,10,2,1,44,51,2
1741605,0,1270,0,40,3,8,2,1,55,31,2
1764920,0,1270,0,40,2,5,2,1,25,32,2
1765504,0,1270,0,40,2,3,2,1,35,43,2
1784049,0,1270,0,40,3,1,2,1,11,110,2
1758618,0,1270,0,40,2,6,2,1,37,49,2
1761244,0,1270,0,40,3,6,2,1,39,36,2
1771703,0,1270,0,40,3,2,2,1,25,44,2
1736709,0,1270,0,40,2,10,2,1,73,30,2
1740085,0,1270,0,40,3,5,2,1,35,44,2
1776617,0,1270,0,40,3,2,2,1,20,21,2
1780047,0,1270,0,40,3,2,2,1,14,43,2
1780012,0,1270,0,40,3,2,2,1,13,35,2
1749901,0,1270,0,40,3,7,2,1,59,87,2
1755035,0,1270,0,40,2,8,2,1,49,36,2
1757620,0,1270,0,40,3,8,2,1,30,59,2
1764713,0,1270,0,40,3,6,2,1,33,66,2
1780816,0,1270,0,40,3,2,2,1,13,34,2
1782965,0,1270,0,40,3,1,2,1,10,35,2
1783381,0,1270,0,40,3,1,2,1,10,37,2
1783674,0,1270,0,40,2,1,2,1,10,37,2
1783846,0,1270,0,40,2,1,2,1,10,38,2
1784067,0,1270,0,40,2,1,2,1,10,63,2
1784395,0,1270,0,40,3,1,2,1,10,66,2
1784437,0,1270,0,40,2,1,2,1,10,58,2
1776878,0,1270,0,40,2,2,2,1,15,19,2
1745408,0,1270,0,40,3,11,2,1,58,30,2
1741314,0,1270,0,40,2,8,2,1,46,25,2
1778666,0,1270,0,40,3,2,2,1,13,46,2
1774179,0,1270,0,40,2,3,2,1,18,93,2
1778299,0,1270,0,40,3,2,2,1,12,58,2
1752601,0,1270,0,40,3,7,2,1,44,48,2
1776530,0,1270,0,40,2,2,2,1,12,67,2
1747866,0,1270,0,40,3,11,2,1,63,42,2
1768158,0,1270,0,40,2,4,2,1,24,72,2
1744572,0,1270,0,40,2,4,2,1,26,17,2
1766422,0,1270,0,40,3,5,2,1,21,37,2
1769438,0,1270,0,40,3,3,2,1,30,52,2
1769572,0,1270,0,40,2,4,2,1,25,40,2
1738520,0,1270,0,40,2,9,2,1,61,64,2
1768717,0,1270,0,40,2,4,2,1,26,56,2
1771476,0,1270,0,40,2,4,2,1,21,24,2
1765843,0,1270,0,40,2,3,2,1,39,64,2
1777297,0,1270,0,40,3,3,2,1,17,32,2
1758289,0,1270,0,40,2,6,2,1,51,47,2
1783097,0,1270,0,40,3,1,2,1,9,18,2
1783712,0,1270,0,40,3,1,2,1,9,62,2
1783880,0,1270,0,40,2,1,2,1,9,71,2
1784817,0,1270,0,40,3,1,2,1,9,39,2
1755719,0,1270,0,40,2,4,2,1,52,61,2
1745796,0,1270,0,40,3,7,2,1,83,70,2
1774812,0,1270,0,40,2,1,2,1,28,19,2
1762811,0,1270,0,40,2,4,2,1,37,19,2
1760085,0,1270,0,40,3,3,2,1,50,43,2
1768331,0,1270,0,40,3,3,2,1,29,49,2
1764323,0,1270,0,40,3,3,2,1,35,72,2
1769762,0,1270,0,40,3,4,2,1,24,59,2
1755393,0,1270,0,40,2,7,2,1,43,28,2
1778451,0,1270,0,40,3,1,2,1,20,22,2
1779183,0,1270,0,40,3,1,2,1,20,38,2
1770465,0,1270,0,40,2,2,2,1,29,56,2
1767144,0,1270,0,40,2,3,2,1,35,55,2
1762450,0,1270,0,40,3,4,2,1,34,55,2
1740019,1,1270,1247,16.4663,3,8,2,1,62,31,2
1779543,0,1270,0,40,2,1,2,1,19,63,2
1770858,0,1270,0,40,3,2,2,1,26,29,2
1773756,0,1270,0,40,3,2,2,1,26,85,2
1743681,0,1270,0,40,3,8,2,1,55,44,2
1758933,0,1270,0,40,3,5,2,1,37,18,2
1764787,0,1270,0,40,2,5,2,1,31,15,2
1779160,0,1270,0,40,3,1,2,1,17,26,2
1758905,0,1270,0,40,2,4,2,1,43,25,2
1771466,0,1270,0,40,2,2,2,1,35,14,2
1745643,0,1270,0,40,3,4,2,1,91,54,2
1764542,0,1270,0,40,2,4,2,1,31,27,2
1742656,0,1270,0,40,2,2,2,1,25,75,2
1771953,0,1270,0,40,2,3,2,1,22,64,2
1743797,0,1270,0,40,2,14,2,1,70,90,2
1749486,0,1270,0,40,2,8,2,1,52,91,2
1755853,0,1270,0,40,3,7,2,1,53,10,2
1780010,0,1270,0,40,2,1,2,1,15,31,2
1780370,0,1270,0,40,2,1,2,1,15,17,2
1773273,0,1270,0,40,3,3,2,1,17,63,2
1764626,0,1270,0,40,3,4,2,1,36,54,2
1776964,0,1270,0,40,2,2,2,1,19,30,2
1743688,0,1270,0,40,2,8,2,1,50,24,2
1770841,0,1270,0,40,2,3,2,1,30,39,2
1717156,0,1270,0,40,2,15,2,1,97,33,2
1742664,0,1270,0,40,2,9,2,1,35,38,2
1779901,0,1270,0,40,2,2,2,1,18,48,2
1781558,0,1270,0,40,3,1,2,1,14,51,2
1782179,0,1270,0,40,2,1,2,1,14,34,2
1764706,0,1270,0,40,3,5,2,1,28,58,2
1756385,0,1270,0,40,3,6,2,1,36,23,2
1776985,0,1270,0,40,2,2,2,1,14,95,2
1776686,0,1270,0,40,2,3,2,1,16,69,2
1759114,0,1270,0,40,3,5,2,1,42,63,2
1713881,0,1270,0,40,2,14,2,1,110,27,2
1765110,0,1270,0,40,3,6,2,1,27,38,2
1763771,0,1270,0,40,3,3,2,1,39,81,2
1778620,0,1270,0,40,3,2,2,1,18,18,2
1768371,0,1270,0,40,3,4,2,1,32,53,2
1775358,0,1270,0,40,3,2,2,1,21,85,2
1740088,1,1270,1255,31.8381,2,5,2,1,37,21,2
1782908,0,1270,0,40,2,1,2,1,13,53,2
1760594,0,1270,0,40,2,4,2,1,33,21,2
1778386,0,1270,0,40,2,2,2,1,13,31,2
1758874,0,1270,0,40,2,6,2,1,38,40,2
1741116,0,1270,0,40,2,6,2,1,54,70,2
1759837,0,1270,0,40,2,5,2,1,50,73,2
1764355,0,1270,0,40,3,4,2,1,37,54,2
1748578,0,1270,0,40,3,7,2,1,58,63,2
1748795,0,1270,0,40,3,13,2,1,48,9,2
1761045,0,1270,0,40,3,6,2,1,37,77,2
1743032,0,1270,0,40,2,4,2,1,31,41,2
1777151,0,1270,0,40,2,2,2,1,17,39,2
1742028,0,1270,0,40,2,7,2,1,36,51,2
1778401,0,1270,0,40,2,2,2,1,14,17,2
1773882,0,1270,0,40,3,3,2,1,19,16,2
1771122,0,1270,0,40,2,4,2,1,25,40,2
1758919,0,1270,0,40,3,5,2,1,52,24,2
1766367,0,1270,0,40,2,5,2,1,27,34,2
1779504,0,1270,0,40,3,2,2,1,13,19,2
1781832,0,1270,0,40,2,2,2,1,12,30,2
1769295,0,1270,0,40,3,5,2,1,31,34,2
1783882,0,1270,0,40,3,1,2,1,11,35,2
1784249,0,1270,0,40,3,1,2,1,11,37,2
1784447,0,1270,0,40,3,1,2,1,11,35,2
1755750,0,1270,0,40,3,6,2,1,48,62,2
1773074,0,1270,0,40,3,3,2,1,19,59,2
1774588,0,1270,0,40,3,3,2,1,18,51,2
1772001,0,1270,0,40,3,3,2,1,24,42,2
1780914,0,1270,0,40,3,2,2,1,12,78,2
1764287,0,1270,0,40,2,5,2,1,27,34,2
1781536,0,1270,0,40,3,2,2,1,12,42,2
1784232,0,1270,0,40,2,1,2,1,10,52,2
1784723,0,1270,0,40,2,1,2,1,10,18,2
1785067,0,1270,0,40,3,1,2,1,10,34,2
1785197,0,1270,0,40,3,1,2,1,10,61,2
1769142,0,1270,0,40,2,4,2,1,18,42,2
1754998,0,1270,0,40,3,6,2,1,35,27,2
1756776,0,1270,0,40,2,6,2,1,44,14,2
1733437,0,1270,0,40,2,6,2,1,41,33,2
1779138,0,1270,0,40,2,2,2,1,12,45,2
1772407,0,1270,0,40,3,4,2,1,16,41,2
1758019,0,1270,0,40,2,6,2,1,44,23,2
1739083,0,1270,0,40,3,5,2,1,41,43,2
1755549,0,1270,0,40,3,7,2,1,42,30,2
1778647,0,1270,0,40,2,2,2,1,15,32,2
1769437,0,1270,0,40,3,4,2,1,30,18,2
1780912,0,1270,0,40,2,2,2,1,11,45,2
1758792,0,1270,0,40,3,5,2,1,48,59,2
1771683,0,1270,0,40,2,4,2,1,23,88,2
1758158,0,1270,0,40,2,6,2,1,46,46,2
1759211,0,1270,0,40,3,6,2,1,33,67,2
1776511,0,1270,0,40,3,4,2,1,14,68,2
1775827,0,1270,0,40,2,3,2,1,19,63,2
1760368,0,1270,0,40,2,5,2,1,39,49,2
1774696,0,1270,0,40,2,3,2,1,24,53,2
1773186,0,1270,0,40,2,4,2,1,20,31,2
1741948,0,1270,0,40,3,7,2,1,36,46,2
1783947,0,1270,0,40,3,2,2,1,12,49,2
1784606,0,1270,0,40,3,1,2,1,9,28,2
1784814,0,1270,0,40,3,1,2,1,9,42,2
1785343,0,1270,0,40,2,1,2,1,9,34,2
1785737,0,1270,0,40,2,1,2,1,9,32,2
1773103,0,1270,0,40,2,1,2,1,33,28,2
1759867,1,1270,1262,30.2011,2,5,2,1,48,26,2
1758576,0,1270,0,40,2,3,2,1,51,25,2
1751630,0,1270,0,40,3,7,2,1,61,33,2
1770027,0,1270,0,40,2,3,2,1,28,37,2
1773859,0,1270,0,40,2,2,2,1,26,77,2
1768942,0,1270,0,40,2,3,2,1,33,66,2
1772646,0,1270,0,40,2,3,2,1,27,16,2
1761313,0,1270,0,40,2,5,2,1,40,14,2
1776534,0,1270,0,40,2,2,2,1,22,21,2
1742018,0,1270,0,40,3,5,2,1,50,24,2
1751826,0,1270,0,40,2,8,2,1,64,17,2
1779686,0,1270,0,40,3,1,2,1,18,76,2
1781033,0,1270,0,40,2,1,2,1,18,31,2
1754169,0,1270,0,40,2,7,2,1,57,57,2
1771124,0,1270,0,40,3,4,2,1,26,34,2
1780758,0,1270,0,40,3,1,2,1,17,29,2
1780990,0,1270,0,40,3,1,2,1,17,94,2
1762084,0,1270,0,40,3,6,2,1,36,46,2
1773515,0,1270,0,40,3,3,2,1,27,44,2
1765507,0,1270,0,40,2,4,2,1,31,44,2
1742386,0,1270,0,40,2,4,2,1,48,65,2
1736721,0,1270,0,40,2,10,2,1,52,40,2
1766007,0,1270,0,40,3,4,2,1,33,51,2
1775430,0,1270,0,40,2,2,2,1,24,61,2
1770151,0,1270,0,40,3,3,2,1,27,72,2
1779799,0,1270,0,40,3,2,2,1,15,34,2
1778050,0,1270,0,40,2,3,2,1,17,24,2
1753421,0,1270,0,40,3,6,2,1,50,45,2
1782609,0,1270,0,40,3,1,2,1,14,82,2
1746443,0,1270,0,40,3,11,2,1,74,82,2
1778396,0,1270,0,40,2,2,2,1,16,61,2
1744873,0,1270,0,40,2,8,2,1,42,61,2
1749282,0,1270,0,40,3,8,2,1,68,62,2
1728006,0,1270,0,40,2,6,2,1,38,52,2
1770787,0,1270,0,40,3,3,2,1,24,36,2
1766581,0,1270,0,40,3,4,2,1,26,109,2
1775673,0,1270,0,40,3,3,2,1,15,37,2
1725428,0,1270,0,40,2,7,2,1,34,33,2
1775306,0,1270,0,40,2,2,2,1,22,43,2
1778446,0,1270,0,40,2,2,2,1,18,45,2
1780730,0,1270,0,40,2,2,2,1,13,69,2
1746132,0,1270,0,40,2,10,2,1,72,34,2
1783698,0,1270,0,40,2,1,2,1,12,34,2
1764639,0,1270,0,40,3,6,2,1,31,28,2
1763902,0,1270,0,40,3,3,2,1,40,34,2
1770982,0,1270,0,40,2,4,2,1,19,90,2
1758311,0,1270,0,40,3,7,2,1,43,33,2
1742898,0,1270,0,40,2,7,2,1,42,45,2
1752197,0,1270,0,40,2,8,2,1,54,43,2
1773772,0,1270,0,40,2,4,2,1,19,68,2
1780820,0,1270,0,40,2,2,2,1,14,40,2
1779147,0,1270,0,40,3,3,2,1,18,69,2
1784851,0,1270,0,40,3,1,2,1,11,51,2
1785227,0,1270,0,40,3,1,2,1,11,18,2
1748315,0,1270,0,40,3,6,2,1,73,57,2
1762375,0,1270,0,40,3,3,2,1,36,91,2
1766447,0,1270,0,40,2,4,2,1,28,39,2
1748078,0,1270,0,40,3,9,2,1,48,71,2
1772497,0,1270,0,40,3,3,2,1,25,35,2
1778874,0,1270,0,40,2,3,2,1,15,37,2
1777449,0,1270,0,40,2,3,2,1,16,52,2
1782231,0,1270,0,40,2,2,2,1,12,28,2
1765942,0,1270,0,40,3,6,2,1,21,55,2
1742772,0,1270,0,40,3,11,2,1,76,27,2
1784462,0,1270,0,40,2,1,2,1,10,32,2
1752164,0,1270,0,40,2,8,2,1,42,42,2
1754793,0,1270,0,40,2,8,2,1,38,15,2
1771290,0,1270,0,40,3,4,2,1,19,22,2
1747166,0,1270,0,40,3,12,2,1,67,42,2
1767466,0,1270,0,40,2,3,2,1,36,60,2
1757470,0,1270,0,40,3,6,2,1,49,48,2
1745637,0,1270,0,40,3,6,2,1,43,50,2
1749780,0,1270,0,40,2,10,2,1,63,58,2
1762114,0,1270,0,40,2,6,2,1,30,49,2
1770976,0,1270,0,40,3,4,2,1,26,42,2
1782634,0,1270,0,40,3,3,2,1,12,36,2
1767062,0,1270,0,40,2,5,2,1,30,65,2
1784658,0,1270,0,40,2,2,2,1,10,56,2
1784888,0,1270,0,40,3,1,2,1,9,57,2
1785312,0,1270,0,40,3,1,2,1,9,33,2
1785552,0,1270,0,40,3,1,2,1,9,22,2
1785923,0,1270,0,40,2,1,2,1,9,63,2
1764202,0,1270,0,40,3,3,2,1,38,34,2
1765366,0,1270,0,40,3,3,2,1,40,74,2
1751496,0,1270,0,40,2,8,2,1,60,71,2
1766499,0,1270,0,40,3,2,2,1,40,41,2
1748678,0,1270,0,40,2,7,2,1,73,75,2
1779473,0,1270,0,40,3,1,2,1,22,34,2
1778705,0,1270,0,40,2,1,2,1,21,33,2
1762642,0,1270,0,40,3,5,2,1,42,37,2
1764943,0,1270,0,40,3,5,2,1,40,40,2
1771219,0,1270,0,40,2,3,2,1,28,20,2
1758287,0,1270,0,40,2,7,2,1,45,69,2
1764179,0,1270,0,40,3,4,2,1,37,41,2
1772195,0,1270,0,40,3,3,2,1,27,33,2
1778715,0,1270,0,40,2,2,2,1,21,41,2
1757957,0,1270,0,40,2,6,2,1,42,21,2
1752185,0,1270,0,40,2,7,2,1,63,29,2
1764909,0,1270,0,40,2,3,2,1,43,35,2
1781925,0,1270,0,40,2,1,2,1,15,38,2
1776739,0,1270,0,40,3,2,2,1,15,42,2
1758873,0,1270,0,40,2,6,2,1,44,62,2
1782431,0,1270,0,40,2,1,2,1,14,28,2
1754338,0,1270,0,40,2,8,2,1,42,33,2
1767159,0,1270,0,40,2,4,2,1,31,41,2
1780233,0,1270,0,40,2,2,2,1,18,22,2
1784455,0,1270,0,40,2,1,2,1,13,36,2
1742773,0,1270,0,40,2,6,2,1,48,38,2
1722633,0,1270,0,40,3,18,2,1,99,26,2
1774693,0,1270,0,40,2,3,2,1,21,85,2
1780517,0,1270,0,40,2,2,2,1,17,29,2
1778918,0,1270,0,40,2,2,2,1,13,54,2
1768025,0,1270,0,40,2,4,2,1,29,57,2
1748310,0,1270,0,40,3,10,2,1,43,43,2
1780950,0,1270,0,40,2,2,2,1,17,39,2
1752022,0,1270,0,40,3,9,2,1,58,30,2
1775996,0,1270,0,40,3,4,2,1,17,67,2
1786089,0,1270,0,40,2,1,2,1,10,92,2
1746023,0,1270,0,40,3,11,2,1,55,38,2
1742107,0,1270,0,40,3,3,2,1,23,66,2
1741553,0,1270,0,40,3,8,2,1,35,23,2
1742053,0,1270,0,40,2,5,2,1,40,39,2
1749498,0,1270,0,40,3,7,2,1,64,37,2
1782138,0,1270,0,40,2,2,2,1,11,32,2
1782008,0,1270,0,40,2,2,2,1,12,83,2
1776714,0,1270,0,40,2,2,2,1,20,53,2
1774019,0,1270,0,40,3,3,2,1,19,27,2
1747989,0,1270,0,40,3,11,2,1,54,33,2
1766896,0,1270,0,40,3,3,2,1,35,22,2
1743170,0,1270,0,40,2,9,2,1,45,50,2
1783239,0,1270,0,40,2,2,2,1,11,50,2
1772306,0,1270,0,40,3,3,2,1,26,53,2
1782951,0,1270,0,40,2,2,2,1,12,45,2
1763726,0,1270,0,40,3,5,2,1,36,64,2
1785358,0,1270,0,40,2,1,2,1,9,27,2
1785702,0,1270,0,40,3,1,2,1,9,78,2
1785822,0,1270,0,40,3,1,2,1,9,44,2
1786727,0,1270,0,40,2,1,2,1,9,80,2
1773853,0,1270,0,40,3,3,2,1,26,39,2
1772785,0,1270,0,40,3,3,2,1,23,52,2
1738861,0,1270,0,40,2,7,2,1,85,39,2
1784111,0,1270,0,40,2,1,2,1,14,47,2
1768891,0,1270,0,40,3,4,2,1,26,25,2
1768864,0,1270,0,40,2,3,2,1,32,18,2
1785045,0,1270,0,40,2,1,2,1,13,34,2
1763095,0,1270,0,40,3,6,2,1,33,30,2
1752202,0,1270,0,40,3,8,2,1,50,36,2
1760432,0,1270,0,40,2,5,2,1,38,27,2
1781541,0,1270,0,40,3,2,2,1,17,24,2
1786700,0,1270,0,40,3,1,2,1,9,29,2
1783788,0,1270,0,40,3,0,2,1,8,43,2
1784370,0,1270,0,40,3,0,2,1,8,18,2
1784684,0,1270,0,40,3,0,2,1,8,33,2
1784748,0,1270,0,40,2,0,2,1,8,32,2
1785004,0,1270,0,40,3,0,2,1,8,39,2
1785250,0,1270,0,40,2,0,2,1,8,47,2
1785346,0,1270,0,40,2,0,2,1,8,23,2
1785378,0,1270,0,40,3,0,2,1,8,84,2
1785426,0,1270,0,40,2,0,2,1,8,27,2
1785650,0,1270,0,40,3,0,2,1,8,33,2
1785776,0,1270,0,40,3,0,2,1,8,59,2
1785792,0,1270,0,40,2,0,2,1,8,36,2
1785808,0,1270,0,40,2,0,2,1,8,42,2
1785824,0,1270,0,40,3,0,2,1,8,32,2
1785856,0,1270,0,40,3,0,2,1,8,37,2
1785888,0,1270,0,40,2,0,2,1,8,62,2
1785968,0,1270,0,40,3,0,2,1,8,60,2
1786032,0,1270,0,40,2,0,2,1,8,48,2
1786080,0,1270,0,40,3,0,2,1,8,31,2
1786124,0,1270,0,40,3,0,2,1,8,51,2
1786140,0,1270,0,40,2,0,2,1,8,19,2
1786188,0,1270,0,40,2,0,2,1,8,56,2
1786204,0,1270,0,40,2,0,2,1,8,53,2
1786236,0,1270,0,40,2,0,2,1,8,79,2
1786252,0,1270,0,40,2,0,2,1,8,61,2
1786324,0,1270,0,40,2,0,2,1,8,21,2
1786340,0,1270,0,40,3,0,2,1,8,32,2
1786358,0,1270,0,40,2,0,2,1,8,77,2
1786390,0,1270,0,40,3,0,2,1,8,66,2
1786406,0,1270,0,40,3,0,2,1,8,21,2
1786414,0,1270,0,40,3,0,2,1,8,55,2
1786422,0,1270,0,40,2,0,2,1,8,33,2
1786454,0,1270,0,40,2,0,2,1,8,25,2
1786462,0,1270,0,40,3,0,2,1,8,30,2
1786478,0,1270,0,40,2,0,2,1,8,28,2
1786510,0,1270,0,40,2,0,2,1,8,85,2
1786534,0,1270,0,40,2,0,2,1,8,105,2
1786558,0,1270,0,40,3,0,2,1,8,40,2
1786574,0,1270,0,40,2,0,2,1,8,37,2
1786606,0,1270,0,40,2,0,2,1,8,26,2
1786614,0,1270,0,40,2,0,2,1,8,57,2
1786622,0,1270,0,40,2,0,2,1,8,24,2
1786630,0,1270,0,40,2,0,2,1,8,43,2
1786662,0,1270,0,40,3,0,2,1,8,57,2
1786702,0,1270,0,40,2,0,2,1,8,36,2
1786710,0,1270,0,40,3,0,2,1,8,133,2
1786718,0,1270,0,40,3,0,2,1,8,34,2
1786790,0,1270,0,40,3,0,2,1,8,32,2
1786822,0,1270,0,40,3,0,2,1,8,55,2
1786830,0,1270,0,40,2,0,2,1,8,54,2
1786838,0,1270,0,40,3,0,2,1,8,30,2
1786902,0,1270,0,40,3,0,2,1,8,59,2
1786918,0,1270,0,40,3,0,2,1,8,46,2
1786940,0,1270,0,40,3,0,2,1,8,35,2
1786948,0,1270,0,40,3,0,2,1,8,23,2
1786968,0,1270,0,40,3,0,2,1,8,8,2
1786972,0,1270,0,40,2,0,2,1,8,29,2
1786976,0,1270,0,40,2,0,2,1,8,23,2
1786980,0,1270,0,40,3,0,2,1,8,84,2
1786996,0,1270,0,40,3,0,2,1,8,43,2
1787016,0,1270,0,40,3,0,2,1,8,35,2
1787024,0,1270,0,40,2,0,2,1,8,46,2
1787044,0,1270,0,40,2,0,2,1,8,75,2
1787052,0,1270,0,40,3,0,2,1,8,56,2
1787068,0,1270,0,40,2,0,2,1,8,125,2
1787076,0,1270,0,40,3,0,2,1,8,54,2
1787088,0,1270,0,40,3,0,2,1,8,62,2
1787096,0,1270,0,40,2,0,2,1,8,44,2
1787112,0,1270,0,40,2,0,2,1,8,45,2
1787132,0,1270,0,40,2,0,2,1,8,67,2
1787144,0,1270,0,40,3,0,2,1,8,74,2
1787168,0,1270,0,40,2,0,2,1,8,71,2
1787196,0,1270,0,40,3,0,2,1,8,31,2
1787204,0,1270,0,40,2,0,2,1,8,71,2
1787212,0,1270,0,40,2,0,2,1,8,45,2
1787220,0,1270,0,40,2,0,2,1,8,24,2
1787224,0,1270,0,40,3,0,2,1,8,76,2
1787232,0,1270,0,40,3,0,2,1,8,62,2
1787240,0,1270,0,40,2,0,2,1,8,73,2
1787256,0,1270,0,40,2,0,2,1,8,29,2
1787260,0,1270,0,40,2,0,2,1,8,41,2
1787264,0,1270,0,40,2,0,2,1,8,49,2
1787268,0,1270,0,40,3,0,2,1,8,19,2
1787280,0,1270,0,40,2,0,2,1,8,54,2
1787292,0,1270,0,40,2,0,2,1,8,36,2
1787304,0,1270,0,40,2,0,2,1,8,83,2
1787328,0,1270,0,40,3,0,2,1,8,52,2
1787356,0,1270,0,40,2,0,2,1,8,21,2
1787364,0,1270,0,40,2,0,2,1,8,40,2
1787380,0,1270,0,40,3,0,2,1,8,50,2
1787396,0,1270,0,40,2,0,2,1,8,68,2
1787424,0,1270,0,40,2,0,2,1,8,45,2
1787428,0,1270,0,40,2,0,2,1,8,39,2
1787444,0,1270,0,40,2,0,2,1,8,36,2
1787460,0,1270,0,40,2,0,2,1,8,44,2
1787464,0,1270,0,40,3,0,2,1,8,29,2
1787472,0,1270,0,40,3,0,2,1,8,12,2
1787507,0,1270,0,40,3,0,2,1,8,25,2
1787513,0,1270,0,40,2,0,2,1,8,29,2
1787519,0,1270,0,40,2,0,2,1,8,50,2
1787525,0,1270,0,40,3,0,2,1,8,79,2
1787531,0,1270,0,40,2,0,2,1,8,50,2
1787533,0,1270,0,40,2,0,2,1,8,90,2
1787535,0,1270,0,40,2,0,2,1,8,61,2
1787539,0,1270,0,40,3,0,2,1,8,40,2
1787541,0,1270,0,40,3,0,2,1,8,12,2
1787551,0,1270,0,40,3,0,2,1,8,37,2
1787553,0,1270,0,40,2,0,2,1,8,55,2
1787559,0,1270,0,40,3,0,2,1,8,25,2
1787573,0,1270,0,40,3,0,2,1,8,13,2
1787583,0,1270,0,40,3,0,2,1,8,34,2
1787593,0,1270,0,40,3,0,2,1,8,19,2
1787599,0,1270,0,40,3,0,2,1,8,33,2
1787613,0,1270,0,40,3,0,2,1,8,28,2
1787629,0,1270,0,40,2,0,2,1,8,45,2
1787635,0,1270,0,40,3,0,2,1,8,55,2
1787647,0,1270,0,40,2,0,2,1,8,77,2
1787659,0,1270,0,40,2,0,2,1,8,41,2
1787665,0,1270,0,40,2,0,2,1,8,95,2
1787677,0,1270,0,40,3,0,2,1,8,37,2
1787679,0,1270,0,40,2,0,2,1,8,67,2
1787687,0,1270,0,40,2,0,2,1,8,35,2
1787689,0,1270,0,40,3,0,2,1,8,60,2
1787691,0,1270,0,40,2,0,2,1,8,88,2
1787707,0,1270,0,40,2,0,2,1,8,53,2
1787713,0,1270,0,40,2,0,2,1,8,52,2
1787715,0,1270,0,40,2,0,2,1,8,73,2
1787719,0,1270,0,40,3,0,2,1,8,39,2
1787737,0,1270,0,40,3,0,2,1,8,91,2
1787747,0,1270,0,40,2,0,2,1,8,38,2
1787759,0,1270,0,40,2,0,2,1,8,60,2
1787763,0,1270,0,40,3,0,2,1,8,50,2
1787771,0,1270,0,40,3,0,2,1,8,25,2
1787779,0,1270,0,40,3,0,2,1,8,41,2
1787795,0,1270,0,40,3,0,2,1,8,54,2
1787801,0,1270,0,40,3,0,2,1,8,43,2
1787819,0,1270,0,40,2,0,2,1,8,61,2
1787831,0,1270,0,40,2,0,2,1,8,38,2
1787833,0,1270,0,40,2,0,2,1,8,51,2
1787849,0,1270,0,40,2,0,2,1,8,28,2
1787853,0,1270,0,40,2,0,2,1,8,28,2
1787857,0,1270,0,40,3,0,2,1,8,37,2
1787863,0,1270,0,40,2,0,2,1,8,82,2
1787871,0,1270,0,40,3,0,2,1,8,53,2
1787873,0,1270,0,40,2,0,2,1,8,70,2
1787885,0,1270,0,40,3,0,2,1,8,42,2
1787887,0,1270,0,40,3,0,2,1,8,44,2
1787889,0,1270,0,40,3,0,2,1,8,63,2
1787895,0,1270,0,40,3,0,2,1,8,65,2
1787901,0,1270,0,40,3,0,2,1,8,32,2
1787907,0,1270,0,40,2,0,2,1,8,44,2
1787915,0,1270,0,40,3,0,2,1,8,72,2
1787925,0,1270,0,40,3,0,2,1,8,59,2
1787939,0,1270,0,40,3,0,2,1,8,24,2
1787941,0,1270,0,40,2,0,2,1,8,80,2
1787945,0,1270,0,40,3,0,2,1,8,17,2
1787947,0,1270,0,40,2,0,2,1,8,57,2
1787949,0,1270,0,40,3,0,2,1,8,13,2
1787951,0,1270,0,40,2,0,2,1,8,58,2
1787957,0,1270,0,40,3,0,2,1,8,34,2
1787961,0,1270,0,40,2,0,2,1,8,46,2
1787971,0,1270,0,40,3,0,2,1,8,67,2
1787979,0,1270,0,40,3,0,2,1,8,50,2
1787987,0,1270,0,40,3,0,2,1,8,54,2
1787991,0,1270,0,40,2,0,2,1,8,30,2
1787993,0,1270,0,40,2,0,2,1,8,65,2
1788003,0,1270,0,40,3,0,2,1,8,28,2
1788011,0,1270,0,40,3,0,2,1,8,24,2
1788013,0,1270,0,40,3,0,2,1,8,33,2
1788029,0,1270,0,40,2,0,2,1,8,35,2
1788031,0,1270,0,40,2,0,2,1,8,30,2
1788033,0,1270,0,40,2,0,2,1,8,19,2
1788035,0,1270,0,40,3,0,2,1,8,25,2
1788047,0,1270,0,40,3,0,2,1,8,60,2
1788059,0,1270,0,40,3,0,2,1,8,60,2
1788067,0,1270,0,40,3,0,2,1,8,57,2
1788073,0,1270,0,40,2,0,2,1,8,25,2
1788081,0,1270,0,40,2,0,2,1,8,28,2
1788085,0,1270,0,40,2,0,2,1,8,24,2
1788089,0,1270,0,40,2,0,2,1,8,66,2
1788091,0,1270,0,40,2,0,2,1,8,24,2
1788099,0,1270,0,40,2,0,2,1,8,24,2
1788101,0,1270,0,40,2,0,2,1,8,38,2
1788105,0,1270,0,40,2,0,2,1,8,46,2
1788113,0,1270,0,40,2,0,2,1,8,74,2
1788123,0,1270,0,40,2,0,2,1,8,44,2
1788125,0,1270,0,40,3,0,2,1,8,38,2
1756912,0,1270,0,40,2,5,2,1,38,29,2
1772295,0,1270,0,40,3,2,2,1,13,82,2
1749531,0,1270,0,40,3,8,2,1,54,49,2
1746170,0,1270,0,40,2,6,2,1,30,24,2
1754161,0,1270,0,40,2,7,2,1,37,48,2
1750938,0,1270,0,40,3,9,2,1,49,46,2
1777424,0,1270,0,40,3,1,2,1,12,29,2
1768476,0,1270,0,40,2,4,2,1,16,20,2
1779064,0,1270,0,40,3,1,2,1,9,33,2
1771389,0,1270,0,40,2,3,2,1,20,51,2
1772226,0,1270,0,40,2,1,2,1,26,63,2
1757543,0,1270,0,40,2,6,2,1,43,33,2
1767894,0,1270,0,40,2,2,2,1,29,32,2
1773704,0,1270,0,40,3,2,2,1,18,35,2
1771903,0,1270,0,40,2,2,2,1,17,30,2
1750104,0,1270,0,40,2,6,2,1,55,57,2
1775574,0,1270,0,40,2,2,2,1,15,24,2
1779603,0,1270,0,40,3,1,2,1,12,38,2
1770903,0,1270,0,40,2,3,2,1,21,82,2
1773763,0,1270,0,40,3,3,2,1,18,43,2
1741610,1,1270,1255,40,2,6,2,1,45,26,2
1745870,0,1270,0,40,2,4,2,1,33,54,2
1780581,0,1270,0,40,3,1,2,1,10,39,2
1741500,0,1270,0,40,3,6,2,1,47,65,2
1772537,0,1270,0,40,3,3,2,1,14,42,2
1768239,0,1270,0,40,2,3,2,1,25,48,2
1757347,0,1270,0,40,2,4,2,1,51,48,2
1755055,0,1270,0,40,2,6,2,1,51,62,2
1747310,0,1270,0,40,2,6,2,1,78,42,2
1756360,0,1270,0,40,2,5,2,1,46,22,2
1751829,0,1270,0,40,2,8,2,1,50,36,2
1745339,0,1270,0,40,3,4,2,1,49,91,2
1764350,0,1270,0,40,3,4,2,1,28,41,2
1778770,0,1270,0,40,2,1,2,1,15,34,2
1774461,0,1270,0,40,3,3,2,1,18,21,2
1755922,0,1270,0,40,3,5,2,1,41,42,2
1775176,0,1270,0,40,3,3,2,1,16,29,2
1745086,0,1270,0,40,3,2,2,1,15,49,2
1760309,0,1270,0,40,2,3,2,1,43,54,2
1764807,0,1270,0,40,2,3,2,1,35,20,2
1772627,0,1270,0,40,3,3,2,1,13,82,2
1781315,0,1270,0,40,2,1,2,1,10,32,2
1756490,0,1270,0,40,3,6,2,1,38,18,2
1764392,0,1270,0,40,3,4,2,1,32,8,2
1780306,0,1270,0,40,2,1,2,1,9,32,2
1744990,0,1270,0,40,2,4,2,1,34,11,2
1762366,0,1270,0,40,2,7,2,1,21,50,2
1767346,0,1270,0,40,3,5,2,1,19,57,2
1781326,0,1270,0,40,3,1,2,1,8,45,2
1768632,0,1270,0,40,2,2,2,1,32,11,2
1758608,0,1270,0,40,2,5,2,1,42,24,2
1767883,0,1270,0,40,2,2,2,1,32,48,2
1741820,0,1270,0,40,3,5,2,1,45,58,2
1751741,0,1270,0,40,2,7,2,1,43,29,2
1770590,0,1270,0,40,2,3,2,1,20,22,2
1769185,0,1270,0,40,2,3,2,1,20,41,2
1757388,0,1270,0,40,2,6,2,1,39,47,2
1768049,0,1270,0,40,2,3,2,1,27,62,2
1746952,0,1270,0,40,3,11,2,1,62,40,2
1771959,0,1270,0,40,3,3,2,1,21,76,2
1741045,0,1270,0,40,3,5,2,1,46,19,2
1756299,0,1270,0,40,3,7,2,1,38,47,2
1777109,0,1270,0,40,3,2,2,1,14,51,2
1781065,0,1270,0,40,2,1,2,1,12,24,2
1776282,0,1270,0,40,2,2,2,1,12,18,2
1756177,0,1270,0,40,2,6,2,1,43,61,2
1778783,0,1270,0,40,3,2,2,1,12,31,2
1769787,0,1270,0,40,2,3,2,1,27,23,2
1776047,0,1270,0,40,3,3,2,1,14,53,2
1692066,0,1270,0,40,2,13,2,1,130,40,2
1774333,0,1270,0,40,3,3,2,1,15,11,2
1760179,0,1270,0,40,2,4,2,1,41,23,2
1776199,0,1270,0,40,2,2,2,1,14,14,2
1776839,0,1270,0,40,3,2,2,1,15,78,2
1782376,0,1270,0,40,2,1,2,1,9,52,2
1755869,0,1270,0,40,3,7,2,1,34,57,2
1774999,0,1270,0,40,2,2,2,1,13,43,2
1740303,0,1270,0,40,2,7,2,1,34,59,2
1757974,0,1270,0,40,2,5,2,1,42,82,2
1776765,0,1270,0,40,3,2,2,1,12,60,2
1735871,0,1270,0,40,2,9,2,1,54,120,2
1775097,0,1270,0,40,2,3,2,1,12,28,2
1781941,0,1270,0,40,2,1,2,1,8,50,2
1765204,0,1270,0,40,2,2,2,1,37,83,2
1770587,0,1270,0,40,3,2,2,1,29,33,2
1760769,0,1270,0,40,3,4,2,1,32,65,2
1773741,0,1270,0,40,2,1,2,1,24,43,2
1767314,0,1270,0,40,2,3,2,1,31,54,2
1761529,0,1270,0,40,3,4,2,1,35,54,2
1772947,0,1270,0,40,2,2,2,1,22,103,2
1769578,0,1270,0,40,2,3,2,1,24,17,2
1751122,0,1270,0,40,2,7,2,1,59,37,2
1773706,0,1270,0,40,3,2,2,1,24,42,2
1778876,0,1270,0,40,3,1,2,1,17,70,2
1759712,0,1270,0,40,2,3,2,1,48,65,2
1779109,0,1270,0,40,3,1,2,1,16,17,2
1770582,0,1270,0,40,3,2,2,1,28,58,2
1779366,0,1270,0,40,2,1,2,1,15,27,2
1769239,0,1270,0,40,3,3,2,1,16,33,2
1764114,0,1270,0,40,2,4,2,1,28,35,2
1749969,0,1270,0,40,3,7,2,1,57,35,2
1773424,0,1270,0,40,3,3,2,1,17,77,2
1759141,0,1270,0,40,3,7,2,1,31,41,2
1779036,0,1270,0,40,2,1,2,1,14,18,2
1747306,0,1270,0,40,2,9,2,1,62,46,2
1729631,0,1270,0,40,3,8,2,1,88,61,2
1770750,0,1270,0,40,3,5,2,1,24,10,2
1780717,0,1270,0,40,2,1,2,1,13,45,2
1753336,0,1270,0,40,3,4,2,1,54,32,2
1767807,0,1270,0,40,2,3,2,1,20,35,2
1771306,0,1270,0,40,2,3,2,1,16,22,2
1773249,0,1270,0,40,3,3,2,1,17,60,2
1771317,0,1270,0,40,3,3,2,1,21,22,2
1781138,0,1270,0,40,2,1,2,1,12,34,2
1772269,0,1270,0,40,2,3,2,1,18,68,2
1771935,0,1270,0,40,2,2,2,1,22,48,2
1765900,0,1270,0,40,3,5,2,1,26,68,2
1781008,0,1270,0,40,2,1,2,1,11,30,2
1766518,0,1270,0,40,2,4,2,1,25,26,2
1775799,0,1270,0,40,3,2,2,1,12,17,2
1767613,0,1270,0,40,2,3,2,1,30,41,2
1761438,0,1270,0,40,3,5,2,1,33,67,2
1758591,0,1270,0,40,3,8,2,1,43,28,2
1748996,0,1270,0,40,2,8,2,1,53,30,2
1782620,0,1270,0,40,2,1,2,1,10,59,2
1753461,0,1270,0,40,2,6,2,1,49,57,2
1763107,0,1270,0,40,2,4,2,1,33,45,2
1764261,0,1270,0,40,3,4,2,1,30,45,2
1754432,0,1270,0,40,2,7,2,1,42,74,2
1777312,0,1270,0,40,2,2,2,1,10,11,2
1775669,0,1270,0,40,2,3,2,1,14,72,2
1776889,0,1270,0,40,2,2,2,1,12,33,2
1774794,0,1270,0,40,2,2,2,1,20,57,2
1745510,0,1270,0,40,3,4,2,1,27,53,2
1780771,0,1270,0,40,3,2,2,1,10,42,2
1783186,0,1270,0,40,3,1,2,1,9,22,2
1783386,0,1270,0,40,2,1,2,1,9,58,2
1776538,0,1270,0,40,2,2,2,1,9,48,2
1735119,0,1270,0,40,2,6,2,1,63,42,2
1770231,0,1270,0,40,2,3,2,1,22,64,2
1749120,0,1270,0,40,2,6,2,1,63,37,2
1760318,0,1270,0,40,2,6,2,1,34,88,2
1760127,0,1270,0,40,2,7,2,1,28,43,2
1743948,0,1270,0,40,2,8,2,1,46,29,2
1732317,0,1270,0,40,2,7,2,1,60,37,2
1780785,0,1270,0,40,3,2,2,1,11,35,2
1782947,0,1270,0,40,2,1,2,1,8,45,2
1783975,0,1270,0,40,3,1,2,1,8,40,2
1768314,0,1270,0,40,2,2,2,1,34,25,2
1759025,0,1270,0,40,2,3,2,1,49,13,2
1756911,0,1270,0,40,3,5,2,1,39,41,2
1761610,0,1270,0,40,2,3,2,1,43,33,2
1754576,0,1270,0,40,2,7,2,1,49,99,2
1765370,0,1270,0,40,2,3,2,1,35,12,2
1744891,0,1270,0,40,2,9,2,1,80,15,2
1747112,0,1270,0,40,2,7,2,1,70,31,2
1755472,0,1270,0,40,2,6,2,1,48,53,2
1745244,0,1270,0,40,2,9,2,1,77,37,2
1777069,0,1270,0,40,2,1,2,1,19,46,2
1770388,0,1270,0,40,3,2,2,1,30,59,2
1762454,0,1270,0,40,2,5,2,1,36,53,2
1769783,0,1270,0,40,3,2,2,1,33,18,2
1738925,0,1270,0,40,2,5,2,1,59,58,2
1742209,0,1270,0,40,2,3,2,1,52,82,2
1762315,0,1270,0,40,2,7,2,1,37,29,2
1778291,0,1270,0,40,3,1,2,1,17,36,2
1770214,0,1270,0,40,3,2,2,1,27,31,2
1764910,0,1270,0,40,2,5,2,1,29,101,2
1771465,0,1270,0,40,2,2,2,1,24,46,2
1752726,0,1270,0,40,2,7,2,1,48,112,2
1752244,0,1270,0,40,2,7,2,1,42,70,2
1757022,0,1270,0,40,2,5,2,1,46,37,2
1764677,0,1270,0,40,3,3,2,1,37,43,2
1744127,0,1270,0,40,2,7,2,1,44,65,2
1775787,1,1270,1247,20.14,3,2,2,1,17,35,2
1770063,0,1270,0,40,3,3,2,1,32,47,2
1754177,0,1270,0,40,3,7,2,1,54,59,2
1778416,0,1270,0,40,3,2,2,1,17,49,2
1779956,0,1270,0,40,2,1,2,1,15,11,2
1729071,0,1270,0,40,2,9,2,1,67,7,2
1762562,0,1270,0,40,3,4,2,1,39,27,2
1745299,0,1270,0,40,3,5,2,1,39,31,2
1778500,0,1270,0,40,2,2,2,1,15,28,2
1780635,0,1270,0,40,3,1,2,1,14,53,2
1780723,0,1270,0,40,3,1,2,1,14,39,2
1736876,0,1270,0,40,3,6,2,1,41,23,2
1750202,0,1270,0,40,3,6,2,1,68,53,2
1749116,0,1270,0,40,2,10,2,1,48,52,2
1773175,0,1270,0,40,2,3,2,1,22,45,2
1768019,0,1270,0,40,3,4,2,1,22,60,2
1778109,0,1270,0,40,3,2,2,1,14,54,2
1752776,0,1270,0,40,2,7,2,1,55,34,2
1781002,0,1270,0,40,2,1,2,1,13,10,2
1690805,1,1270,989,19.367,3,16,2,1,132,84,2
1772869,0,1270,0,40,2,3,2,1,20,46,2
1765323,0,1270,0,40,3,5,2,1,26,106,2
1761061,0,1270,0,40,3,5,2,1,38,55,2
1757804,0,1270,0,40,2,6,2,1,36,56,2
1750598,0,1270,0,40,3,7,2,1,58,40,2
1778349,0,1270,0,40,3,1,2,1,12,46,2
1780226,0,1270,0,40,2,1,2,1,12,23,2
1782192,0,1270,0,40,2,1,2,1,12,53,2
1758697,0,1270,0,40,3,4,2,1,40,36,2
1745344,0,1270,0,40,3,7,2,1,28,77,2
1773038,0,1270,0,40,2,3,2,1,14,55,2
1761099,0,1270,0,40,2,5,2,1,35,62,2
1747338,0,1270,0,40,2,11,2,1,62,13,2
1782478,0,1270,0,40,3,1,2,1,11,77,2
1767987,0,1270,0,40,3,2,2,1,29,87,2
1775977,0,1270,0,40,2,2,2,1,16,49,2
1770186,0,1270,0,40,3,4,2,1,23,59,2
1774430,0,1270,0,40,2,3,2,1,20,41,2
1770869,0,1270,0,40,2,4,2,1,21,48,2
1760364,0,1270,0,40,2,5,2,1,30,46,2
1760877,0,1270,0,40,3,7,2,1,36,18,2
1782984,0,1270,0,40,2,1,2,1,10,49,2
1783072,0,1270,0,40,3,1,2,1,10,81,2
1776942,0,1270,0,40,3,2,2,1,13,56,2
1755908,0,1270,0,40,3,8,2,1,32,41,2
1763965,0,1270,0,40,2,4,2,1,33,36,2
1750832,0,1270,0,40,2,7,2,1,66,15,2
1777486,0,1270,0,40,3,2,2,1,13,39,2
1769806,0,1270,0,40,2,2,2,1,26,20,2
1744292,0,1270,0,40,3,8,2,1,45,44,2
1754342,0,1270,0,40,2,7,2,1,48,34,2
1748862,0,1270,0,40,2,9,2,1,57,63,2
1762252,0,1270,0,40,2,2,2,1,45,24,2
1745712,0,1270,0,40,3,11,2,1,63,50,2
1781102,0,1270,0,40,3,2,2,1,10,34,2
1746898,0,1270,0,40,2,12,2,1,64,58,2
1779351,0,1270,0,40,3,2,2,1,15,59,2
1774723,0,1270,0,40,3,3,2,1,16,15,2
1781857,0,1270,0,40,2,1,2,1,9,60,2
1783395,0,1270,0,40,3,1,2,1,9,58,2
1783579,0,1270,0,40,2,1,2,1,9,57,2
1741358,0,1270,0,40,2,5,2,1,42,38,2
1740789,0,1270,0,40,2,7,2,1,35,48,2
1766310,0,1270,0,40,3,3,2,1,26,59,2
1750781,0,1270,0,40,3,10,2,1,43,19,2
1760273,1,1270,1252,17.1457,3,6,2,1,28,22,2
1775003,0,1270,0,40,2,2,2,1,16,30,2
1777678,0,1270,0,40,3,2,2,1,13,57,2
1751216,0,1270,0,40,3,8,2,1,54,85,2
1748613,0,1270,0,40,2,10,2,1,65,29,2
1758807,0,1270,0,40,2,6,2,1,43,27,2
1763660,0,1270,0,40,2,6,2,1,27,76,2
1774088,0,1270,0,40,2,3,2,1,22,40,2
1739851,0,1270,0,40,2,5,2,1,44,72,2
1783437,0,1270,0,40,3,1,2,1,8,31,2
1784263,0,1270,0,40,2,1,2,1,8,46,2
1784453,0,1270,0,40,2,1,2,1,8,27,2
1756329,0,1270,0,40,2,3,2,1,54,25,2
1773285,0,1270,0,40,2,1,2,1,29,52,2
1745434,0,1270,0,40,2,2,2,1,33,53,2
1772635,0,1270,0,40,3,1,2,1,26,13,2
1743309,0,1270,0,40,3,4,2,1,36,22,2
1749076,0,1270,0,40,2,7,2,1,55,57,2
1751012,0,1270,0,40,3,7,2,1,45,23,2
1773476,0,1270,0,40,2,2,2,1,25,47,2
1772515,0,1270,0,40,2,2,2,1,25,40,2
1740576,0,1270,0,40,2,8,2,1,72,29,2
1739726,0,1270,0,40,2,5,2,1,45,69,2
1769510,0,1270,0,40,3,3,2,1,25,47,2
1773899,0,1270,0,40,3,2,2,1,24,25,2
1778332,0,1270,0,40,3,1,2,1,20,61,2
1745687,0,1270,0,40,2,12,2,1,66,42,2
1769955,0,1270,0,40,3,2,2,1,30,41,2
1771373,0,1270,0,40,2,3,2,1,25,39,2
1744556,0,1270,0,40,3,10,2,1,48,23,2
1778985,0,1270,0,40,2,1,2,1,18,39,2
1748968,0,1270,0,40,2,7,2,1,56,37,2
1757350,0,1270,0,40,3,4,2,1,53,39,2
1767824,0,1270,0,40,3,3,2,1,30,21,2
1742801,0,1270,0,40,3,6,2,1,47,53,2
1737115,0,1270,0,40,2,6,2,1,48,36,2
1779995,0,1270,0,40,2,1,2,1,17,20,2
1769430,0,1270,0,40,2,2,2,1,29,50,2
1735242,0,1270,0,40,3,12,2,1,59,59,2
1751205,0,1270,0,40,3,7,2,1,51,37,2
1755765,0,1270,0,40,3,5,2,1,49,58,2
1740379,0,1270,0,40,2,3,2,1,37,23,2
1755468,0,1270,0,40,3,5,2,1,51,30,2
1775034,0,1270,0,40,2,3,2,1,19,35,2
1747304,0,1270,0,40,3,9,2,1,67,32,2
1780176,0,1270,0,40,3,1,2,1,15,25,2
1780699,0,1270,0,40,2,1,2,1,15,21,2
1767683,0,1270,0,40,2,4,2,1,27,39,2
1778028,0,1270,0,40,2,2,2,1,16,9,2
1761626,0,1270,0,40,2,5,2,1,39,61,2
1773204,0,1270,0,40,2,2,2,1,26,74,2
1779362,0,1270,0,40,2,2,2,1,15,30,2
1781195,0,1270,0,40,3,1,2,1,14,56,2
1781661,0,1270,0,40,3,1,2,1,14,42,2
1761074,0,1270,0,40,2,7,2,1,30,47,2
1739677,0,1270,0,40,2,6,2,1,57,22,2
1746157,0,1270,0,40,3,12,2,1,59,23,2
1770227,0,1270,0,40,2,2,2,1,29,39,2
1740974,0,1270,0,40,2,4,2,1,43,33,2
1741921,0,1270,0,40,2,7,2,1,62,32,2
1781384,0,1270,0,40,2,1,2,1,13,35,2
1772466,0,1270,0,40,2,2,2,1,22,35,2
1742081,0,1270,0,40,2,8,2,1,62,46,2
1746541,0,1270,0,40,3,11,2,1,63,35,2
1765401,0,1270,0,40,2,4,2,1,35,52,2
1742763,0,1270,0,40,3,7,2,1,77,67,2
1771642,0,1270,0,40,3,3,2,1,28,22,2
1777980,0,1270,0,40,3,3,2,1,16,83,2
1766969,0,1270,0,40,3,3,2,1,30,42,2
1781694,0,1270,0,40,2,1,2,1,12,60,2
1782211,1,1270,1260,34.1847,2,1,2,1,12,67,2
1782394,0,1270,0,40,2,1,2,1,12,41,2
1782606,0,1270,0,40,2,1,2,1,12,33,2
1777383,0,1270,0,40,2,2,2,1,14,75,2
1746359,0,1270,0,40,3,8,2,1,60,33,2
1758148,0,1270,0,40,2,6,2,1,31,37,2
1755780,0,1270,0,40,3,9,2,1,43,54,2
1756710,0,1270,0,40,3,9,2,1,36,23,2
1741595,0,1270,0,40,3,10,2,1,66,60,2
1739827,0,1270,0,40,3,8,2,1,72,33,2
1775297,0,1270,0,40,3,3,2,1,20,47,2
1783404,0,1270,0,40,3,1,2,1,11,40,2
1761130,0,1270,0,40,2,5,2,1,42,90,2
1745878,0,1270,0,40,3,4,2,1,24,55,2
1750125,0,1270,0,40,3,9,2,1,50,16,2
1772272,0,1270,0,40,2,3,2,1,24,15,2
1750181,0,1270,0,40,3,5,2,1,69,38,2
1743855,0,1270,0,40,2,12,2,1,80,40,2
1746611,0,1270,0,40,3,14,2,1,47,31,2
1754976,0,1270,0,40,3,8,2,1,41,35,2
1747983,0,1270,0,40,3,9,2,1,64,13,2
1763447,0,1270,0,40,2,5,2,1,37,42,2
1758463,0,1270,0,40,2,8,2,1,34,33,2
1776792,1,1270,1260,21.933,3,2,2,1,21,50,2
1783171,0,1270,0,40,3,1,2,1,10,24,2
1783957,0,1270,0,40,2,1,2,1,10,52,2
1744258,0,1270,0,40,3,2,2,1,28,97,2
1765885,0,1270,0,40,2,4,2,1,25,37,2
1775951,0,1270,0,40,3,2,2,1,12,37,2
1763547,0,1270,0,40,3,4,2,1,34,37,2
1758297,0,1270,0,40,3,4,2,1,37,22,2
1774126,0,1270,0,40,3,3,2,1,20,46,2
1753320,0,1270,0,40,3,6,2,1,52,72,2
1748375,0,1270,0,40,2,8,2,1,65,33,2
1749239,0,1270,0,40,3,6,2,1,75,32,2
1755819,0,1270,0,40,2,7,2,1,51,72,2
1766017,0,1270,0,40,3,4,2,1,31,24,2
1751435,0,1270,0,40,3,11,2,1,45,30,2
1770696,0,1270,0,40,2,4,2,1,22,25,2
1741040,0,1270,0,40,2,8,2,1,68,23,2
1757126,0,1270,0,40,3,4,2,1,51,43,2
1781473,0,1270,0,40,2,2,2,1,11,50,2
1765550,0,1270,0,40,3,6,2,1,26,63,2
1782000,0,1270,0,40,3,2,2,1,10,30,2
1777813,0,1270,0,40,2,2,2,1,19,42,2
1780994,0,1270,0,40,3,2,2,1,12,37,2
1753477,0,1270,0,40,2,9,2,1,49,55,2
1782829,0,1270,0,40,2,2,2,1,11,46,2
1784042,0,1270,0,40,2,1,2,1,9,41,2
1784081,0,1270,0,40,2,1,2,1,9,32,2
1743676,0,1270,0,40,3,13,2,1,75,64,2
1745447,0,1270,0,40,2,10,2,1,74,23,2
1764922,0,1270,0,40,2,6,2,1,27,40,2
1751589,0,1270,0,40,2,7,2,1,44,20,2
1753494,0,1270,0,40,2,8,2,1,46,30,2
1739753,0,1270,0,40,2,9,2,1,57,21,2
1762610,0,1270,0,40,3,4,2,1,37,60,2
1771719,0,1270,0,40,3,3,2,1,20,36,2
1750201,0,1270,0,40,2,9,2,1,54,59,2
1764514,0,1270,0,40,2,4,2,1,33,39,2
1779463,0,1270,0,40,2,2,2,1,14,2,2
1745357,0,1270,0,40,3,2,2,1,12,23,2
1755656,0,1270,0,40,3,9,2,1,37,30,2
1773360,0,1270,0,40,3,4,2,1,19,39,2
1768537,0,1270,0,40,3,3,2,1,34,69,2
1775836,0,1270,0,40,3,2,2,1,22,32,2
1757520,0,1270,0,40,3,6,2,1,39,50,2
1770009,0,1270,0,40,3,4,2,1,28,53,2
1781865,0,1270,0,40,3,1,2,1,8,31,2
1783624,0,1270,0,40,3,1,2,1,8,58,2
1783864,0,1270,0,40,3,1,2,1,8,32,2
1784064,0,1270,0,40,3,1,2,1,8,21,2
1784416,0,1270,0,40,2,1,2,1,8,49,2
1784580,0,1270,0,40,3,1,2,1,8,29,2
1784627,0,1270,0,40,3,1,2,1,8,19,2
1785003,0,1270,0,40,3,1,2,1,8,15,2
1785137,0,1270,0,40,2,1,2,1,8,36,2
1755622,0,1270,0,40,2,3,2,1,58,53,2
1768251,0,1270,0,40,2,2,2,1,34,41,2
1764503,0,1270,0,40,2,2,2,1,42,45,2
1743594,0,1270,0,40,2,5,2,1,46,85,2
1774227,0,1270,0,40,2,1,2,1,26,31,2
1747032,0,1270,0,40,2,9,2,1,75,29,2
1768216,0,1270,0,40,2,3,2,1,33,121,2
1770822,0,1270,0,40,2,2,2,1,26,24,2
1745801,0,1270,0,40,2,7,2,1,86,21,2
1744631,0,1270,0,40,2,4,2,1,60,60,2
1763962,0,1270,0,40,2,4,2,1,35,57,2
1761644,0,1270,0,40,2,4,2,1,43,58,2
1751456,0,1270,0,40,2,5,2,1,65,84,2
1752219,0,1270,0,40,2,8,2,1,50,38,2
1774012,0,1270,0,40,3,2,2,1,23,38,2
1771932,0,1270,0,40,3,3,2,1,24,35,2
1760459,0,1270,0,40,3,6,2,1,33,58,2
1774678,0,1270,0,40,2,2,2,1,22,21,2
1757027,0,1270,0,40,2,6,2,1,42,55,2
1779081,0,1270,0,40,2,1,2,1,19,25,2
1709470,0,1270,0,40,2,16,2,1,87,44,2
1742293,0,1270,0,40,3,7,2,1,49,52,2
1758643,0,1270,0,40,3,7,2,1,45,51,2
1755312,0,1270,0,40,3,4,2,1,58,51,2
1778729,0,1270,0,40,2,1,2,1,18,59,2
1760608,0,1270,0,40,3,4,2,1,43,28,2
1773779,0,1270,0,40,3,2,2,1,24,51,2
1748987,0,1270,0,40,2,9,2,1,65,19,2
1778901,0,1270,0,40,2,1,2,1,17,22,2
1779276,0,1270,0,40,2,1,2,1,17,19,2
1780531,0,1270,0,40,3,1,2,1,17,46,2
1738940,0,1270,0,40,2,5,2,1,34,48,2
1735574,0,1270,0,40,2,11,2,1,74,20,2
1754399,0,1270,0,40,2,5,2,1,60,53,2
1744323,0,1270,0,40,3,8,2,1,40,41,2
1756187,0,1270,0,40,2,7,2,1,56,37,2
1751965,0,1270,0,40,3,8,2,1,53,59,2
1772734,0,1270,0,40,2,3,2,1,24,36,2
1744972,0,1270,0,40,3,2,2,1,36,29,2
1779032,0,1270,0,40,2,1,2,1,16,43,2
1780903,0,1270,0,40,3,1,2,1,16,49,2
1771441,0,1270,0,40,3,2,2,1,24,31,2
1758939,0,1270,0,40,3,5,2,1,44,48,2
1747894,0,1270,0,40,3,8,2,1,74,32,2
1735621,0,1270,0,40,3,8,2,1,58,64,2
1778945,0,1270,0,40,3,2,2,1,16,50,2
1746208,0,1270,0,40,2,8,2,1,77,56,2
1781223,0,1270,0,40,3,1,2,1,15,27,2
1781553,0,1270,0,40,3,1,2,1,15,55,2
1743769,0,1270,0,40,2,7,2,1,43,70,2
1751678,0,1270,0,40,3,6,2,1,60,29,2
1776621,0,1270,0,40,3,2,2,1,19,36,2
1759059,0,1270,0,40,2,7,2,1,37,58,2
1774255,0,1270,0,40,2,3,2,1,20,31,2
1728417,0,1270,0,40,3,11,2,1,50,51,2
1781748,0,1270,0,40,2,1,2,1,14,39,2
1781838,0,1270,0,40,3,1,2,1,14,60,2
1756721,0,1270,0,40,3,6,2,1,41,29,2
1760291,0,1270,0,40,2,5,2,1,45,37,2
1774940,0,1270,0,40,3,2,2,1,23,23,2
1743954,0,1270,0,40,2,8,2,1,59,60,2
1768326,0,1270,0,40,2,3,2,1,29,64,2
1780612,0,1270,0,40,3,1,2,1,13,32,2
1781278,0,1270,0,40,3,1,2,1,13,43,2
1782259,0,1270,0,40,2,1,2,1,13,60,2
1782448,0,1270,0,40,3,1,2,1,13,37,2
1782866,0,1270,0,40,2,1,2,1,13,38,2
1774798,0,1270,0,40,3,2,2,1,20,37,2
1759012,0,1270,0,40,2,7,2,1,34,43,2
1762672,0,1270,0,40,3,5,2,1,39,37,2
1781036,0,1270,0,40,2,1,2,1,12,63,2
1782349,0,1270,0,40,3,1,2,1,12,60,2
1724466,0,1270,0,40,3,14,2,1,95,42,2
1767685,0,1270,0,40,2,3,2,1,31,75,2
1774273,0,1270,0,40,3,3,2,1,18,64,2
1758102,0,1270,0,40,3,5,2,1,39,50,2
1774689,0,1270,0,40,2,2,2,1,21,116,2
1738933,0,1270,0,40,2,7,2,1,59,22,2
1776821,0,1270,0,40,2,3,2,1,16,69,2
1768702,0,1270,0,40,3,4,2,1,28,62,2
1768471,0,1270,0,40,2,4,2,1,25,37,2
1775754,0,1270,0,40,2,3,2,1,16,44,2
1749547,0,1270,0,40,3,7,2,1,68,52,2
1777724,0,1270,0,40,2,2,2,1,19,36,2
1749673,0,1270,0,40,2,10,2,1,63,16,2
1779528,0,1270,0,40,2,3,2,1,13,49,2
1753370,0,1270,0,40,3,9,2,1,41,24,2
1748615,0,1270,0,40,2,8,2,1,58,11,2
1781905,0,1270,0,40,2,1,2,1,11,45,2
1783451,0,1270,0,40,2,1,2,1,11,88,2
1783787,0,1270,0,40,3,1,2,1,11,16,2
1774153,0,1270,0,40,2,2,2,1,16,54,2
1767880,0,1270,0,40,3,3,2,1,27,59,2
1749997,0,1270,0,40,3,7,2,1,55,83,2
1743373,0,1270,0,40,3,8,2,1,45,42,2
1766793,0,1270,0,40,3,3,2,1,25,42,2
1719910,0,1270,0,40,3,12,2,1,75,41,2
1749645,0,1270,0,40,2,7,2,1,60,43,2
1767161,0,1270,0,40,3,4,2,1,27,72,2
1739152,0,1270,0,40,2,10,2,1,64,58,2
1753854,0,1270,0,40,2,9,2,1,42,45,2
1766934,0,1270,0,40,2,5,2,1,30,64,2
1743795,0,1270,0,40,2,8,2,1,48,60,2
1774517,0,1270,0,40,2,3,2,1,19,19,2
1769916,0,1270,0,40,2,4,2,1,24,77,2
1755981,0,1270,0,40,2,5,2,1,48,73,2
1753991,0,1270,0,40,2,6,2,1,47,27,2
1775260,0,1270,0,40,2,4,2,1,21,77,2
1782611,0,1270,0,40,2,1,2,1,10,31,2
1783902,0,1270,0,40,2,1,2,1,10,45,2
1784301,0,1270,0,40,2,1,2,1,10,22,2
1758484,0,1270,0,40,2,8,2,1,27,35,2
1745898,0,1270,0,40,3,2,2,1,16,14,2
1749775,0,1270,0,40,3,8,2,1,55,53,2
1758612,0,1270,0,40,3,8,2,1,30,9,2
1755020,0,1270,0,40,2,9,2,1,45,75,2
1770971,0,1270,0,40,3,3,2,1,24,32,2
1770754,0,1270,0,40,2,3,2,1,27,35,2
1749198,0,1270,0,40,2,9,2,1,61,39,2
1747973,0,1270,0,40,3,10,2,1,56,49,2
1762758,0,1270,0,40,2,4,2,1,49,27,2
1774170,0,1270,0,40,2,4,2,1,20,35,2
1781834,0,1270,0,40,2,2,2,1,11,46,2
1769838,0,1270,0,40,3,3,2,1,27,57,2
1769677,0,1270,0,40,2,5,2,1,17,86,2
1766726,0,1270,0,40,2,5,2,1,34,52,2
1772404,0,1270,0,40,2,4,2,1,23,51,2
1758968,0,1270,0,40,2,8,2,1,37,17,2
1748061,0,1270,0,40,3,11,2,1,59,57,2
1781650,0,1270,0,40,2,1,2,1,9,71,2
1783784,0,1270,0,40,3,1,2,1,9,18,2
1784428,0,1270,0,40,2,1,2,1,9,16,2
1784777,0,1270,0,40,3,1,2,1,9,34,2
1784833,0,1270,0,40,3,1,2,1,9,108,2
1784979,0,1270,0,40,3,1,2,1,9,48,2
1737668,0,1270,0,40,2,13,2,1,62,16,2
1778334,0,1270,0,40,2,2,2,1,13,53,2
1780051,0,1270,0,40,3,2,2,1,10,15,2
1775648,0,1270,0,40,3,3,2,1,17,26,2
1758586,0,1270,0,40,2,8,2,1,33,69,2
1764022,0,1270,0,40,3,5,2,1,26,60,2
1769911,0,1270,0,40,3,5,2,1,16,45,2
1777546,0,1270,0,40,3,2,2,1,14,37,2
1780630,0,1270,0,40,2,2,2,1,10,106,2
1769989,0,1270,0,40,3,5,2,1,26,65,2
1756680,0,1270,0,40,2,6,2,1,40,47,2
1775722,0,1270,0,40,2,3,2,1,13,29,2
1771197,0,1270,0,40,2,4,2,1,16,37,2
1742269,0,1270,0,40,2,4,2,1,56,61,2
1744626,0,1270,0,40,2,9,2,1,37,24,2
1781811,0,1270,0,40,3,2,2,1,9,39,2
1770710,0,1270,0,40,3,2,2,1,32,47,2
1772062,0,1270,0,40,2,3,2,1,25,47,2
1779272,0,1270,0,40,3,2,2,1,13,18,2
1775287,0,1270,0,40,3,3,2,1,17,41,2
1774562,0,1270,0,40,2,4,2,1,14,29,2
1774894,0,1270,0,40,2,3,2,1,23,56,2
1774826,0,1270,0,40,2,3,2,1,15,45,2
1783547,0,1270,0,40,2,2,2,1,10,27,2
1784391,0,1270,0,40,3,2,2,1,9,43,2
1782507,0,1270,0,40,2,1,2,1,8,72,2
1783532,0,1270,0,40,3,1,2,1,8,34,2
1784174,0,1270,0,40,3,1,2,1,8,58,2
1784934,0,1270,0,40,3,1,2,1,8,31,2
1784994,0,1270,0,40,2,1,2,1,8,87,2
1785311,0,1270,0,40,3,1,2,1,8,46,2
1785519,0,1270,0,40,3,1,2,1,8,45,2
1785641,0,1270,0,40,2,1,2,1,8,60,2
1764617,0,1270,0,40,2,2,2,1,42,21,2
1765910,0,1270,0,40,2,2,2,1,37,37,2
1741523,0,1270,0,40,3,8,2,1,69,51,2
1735769,0,1270,0,40,2,7,2,1,63,29,2
1776397,0,1270,0,40,3,1,2,1,25,47,2
1761492,0,1270,0,40,2,4,2,1,45,48,2
1772612,0,1270,0,40,2,2,2,1,26,80,2
1776935,0,1270,0,40,2,1,2,1,23,47,2
1760142,0,1270,0,40,2,4,2,1,38,40,2
1764628,1,1270,1262,29.3525,2,3,2,1,39,31,2
1777660,0,1270,0,40,2,1,2,1,22,59,2
1738315,0,1270,0,40,2,8,2,1,63,43,2
1773152,0,1270,0,40,2,2,2,1,26,25,2
1767598,0,1270,0,40,2,5,2,1,37,56,2
1778724,0,1270,0,40,2,1,2,1,21,68,2
1746666,0,1270,0,40,3,11,2,1,55,48,2
1778435,0,1270,0,40,3,1,2,1,20,46,2
1762508,0,1270,0,40,2,4,2,1,42,44,2
1775691,0,1270,0,40,2,2,2,1,22,32,2
1778954,0,1270,0,40,3,1,2,1,19,35,2
1779410,0,1270,0,40,2,1,2,1,19,105,2
1779893,0,1270,0,40,3,1,2,1,19,37,2
1769006,0,1270,0,40,2,3,2,1,29,30,2
1748630,0,1270,0,40,2,10,2,1,55,84,2
1758795,0,1270,0,40,2,5,2,1,45,46,2
1769355,0,1270,0,40,2,2,2,1,38,50,2
1743957,0,1270,0,40,2,10,2,1,85,39,2
1771536,0,1270,0,40,3,3,2,1,28,27,2
1748939,0,1270,0,40,3,5,2,1,77,50,2
1775664,0,1270,0,40,3,3,2,1,19,74,2
1777357,0,1270,0,40,3,2,2,1,20,34,2
1761301,0,1270,0,40,3,5,2,1,42,33,2
1780238,0,1270,0,40,2,1,2,1,16,36,2
1781030,0,1270,0,40,3,1,2,1,16,63,2
1781275,0,1270,0,40,3,1,2,1,16,71,2
1781685,0,1270,0,40,3,1,2,1,16,35,2
1773629,0,1270,0,40,2,2,2,1,24,45,2
1744291,0,1270,0,40,3,11,2,1,73,63,2
1756570,0,1270,0,40,2,6,2,1,49,56,2
1781476,0,1270,0,40,3,1,2,1,15,34,2
1781762,0,1270,0,40,2,1,2,1,15,26,2
1761273,0,1270,0,40,2,4,2,1,39,31,2
1768486,0,1270,0,40,2,4,2,1,21,20,2
1742281,0,1270,0,40,3,6,2,1,45,34,2
1754780,0,1270,0,40,3,5,2,1,58,62,2
1769777,0,1270,0,40,2,4,2,1,33,74,2
1769776,0,1270,0,40,3,5,2,1,23,44,2
1773744,0,1270,0,40,3,2,2,1,22,44,2
1769801,0,1270,0,40,2,3,2,1,28,56,2
1765720,0,1270,0,40,2,5,2,1,30,32,2
1758472,0,1270,0,40,3,5,2,1,49,32,2
1766776,0,1270,0,40,3,5,2,1,27,42,2
1770073,0,1270,0,40,3,4,2,1,26,42,2
1748164,0,1270,0,40,2,9,2,1,59,43,2
1744075,0,1270,0,40,2,9,2,1,52,23,2
1770494,0,1270,0,40,2,4,2,1,30,47,2
1782061,0,1270,0,40,3,1,2,1,13,62,2
1782966,0,1270,0,40,2,1,2,1,13,43,2
1783088,0,1270,0,40,3,1,2,1,13,45,2
1741076,0,1270,0,40,3,1,2,1,15,30,2
1760193,0,1270,0,40,2,5,2,1,32,48,2
1733159,0,1270,0,40,3,11,2,1,82,23,2
1778406,0,1270,0,40,3,2,2,1,14,37,2
1775047,0,1270,0,40,2,3,2,1,15,53,2
1780029,0,1270,0,40,3,2,2,1,13,75,2
1776716,0,1270,0,40,2,3,2,1,17,94,2
1722156,0,1270,0,40,3,16,2,1,91,44,2
1745825,0,1270,0,40,2,9,2,1,78,111,2
1775141,0,1270,0,40,3,3,2,1,20,68,2
1778175,0,1270,0,40,3,2,2,1,15,72,2
1767214,0,1270,0,40,2,5,2,1,27,68,2
1766453,0,1270,0,40,3,3,2,1,37,33,2
1703386,0,1270,0,40,3,18,2,1,128,53,2
1760278,0,1270,0,40,2,5,2,1,41,33,2
1777246,0,1270,0,40,3,3,2,1,16,72,2
1771209,0,1270,0,40,3,3,2,1,27,18,2
1767543,0,1270,0,40,2,4,2,1,28,7,2
1783207,0,1270,0,40,3,1,2,1,12,13,2
1783383,0,1270,0,40,2,1,2,1,12,56,2
1746378,0,1270,0,40,3,7,2,1,65,22,2
1758797,0,1270,0,40,2,4,2,1,47,36,2
1770290,0,1270,0,40,3,3,2,1,29,44,2
1773212,0,1270,0,40,2,3,2,1,20,40,2
1766152,0,1270,0,40,3,5,2,1,30,49,2
1762204,0,1270,0,40,3,3,2,1,42,42,2
1762756,0,1270,0,40,3,7,2,1,28,33,2
1770827,0,1270,0,40,3,4,2,1,27,38,2
1747375,0,1270,0,40,2,9,2,1,64,24,2
1782782,0,1270,0,40,2,2,2,1,13,33,2
1783990,0,1270,0,40,2,1,2,1,11,18,2
1784085,0,1270,0,40,3,1,2,1,11,32,2
1784313,0,1270,0,40,2,1,2,1,11,42,2
1784541,0,1270,0,40,3,1,2,1,11,36,2
1767150,0,1270,0,40,2,6,2,1,24,29,2
1740992,0,1270,0,40,3,7,2,1,62,92,2
1777472,0,1270,0,40,2,2,2,1,15,46,2
1776305,0,1270,0,40,2,2,2,1,21,61,2
1760230,0,1270,0,40,2,4,2,1,39,63,2
1769543,0,1270,0,40,2,4,2,1,22,14,2
1765954,0,1270,0,40,3,3,2,1,34,67,2
1776575,0,1270,0,40,2,3,2,1,22,51,2
1770112,0,1270,0,40,3,4,2,1,25,51,2
1771989,0,1270,0,40,2,4,2,1,23,32,2
1720937,0,1270,0,40,3,10,2,1,92,30,2
1769415,0,1270,0,40,3,5,2,1,31,82,2
1751383,0,1270,0,40,2,6,2,1,59,68,2
1775225,0,1270,0,40,3,4,2,1,18,79,2
1768411,0,1270,0,40,2,5,2,1,32,69,2
1768753,0,1270,0,40,3,5,2,1,21,33,2
1785181,0,1270,0,40,3,1,2,1,10,41,2
1761351,0,1270,0,40,3,4,2,1,29,44,2
1751923,0,1270,0,40,3,10,2,1,43,49,2
1779095,0,1270,0,40,3,2,2,1,10,20,2
1737981,0,1270,0,40,2,10,2,1,43,23,2
1767245,0,1270,0,40,3,4,2,1,29,40,2
1766971,0,1270,0,40,3,4,2,1,25,24,2
1773891,0,1270,0,40,3,3,2,1,20,59,2
1742696,0,1270,0,40,3,3,2,1,22,25,2
1766323,0,1270,0,40,2,5,2,1,29,44,2
1773839,0,1270,0,40,3,4,2,1,22,61,2
1744047,0,1270,0,40,3,8,2,1,32,75,2
1741119,0,1270,0,40,2,8,2,1,38,34,2
1779040,0,1270,0,40,3,2,2,1,11,56,2
1740650,0,1270,0,40,3,6,2,1,42,27,2
1776344,0,1270,0,40,2,3,2,1,20,27,2
1775309,0,1270,0,40,2,3,2,1,19,47,2
1781627,0,1270,0,40,2,2,2,1,13,37,2
1750218,0,1270,0,40,3,8,2,1,59,40,2
1766880,0,1270,0,40,3,6,2,1,25,37,2
1759943,0,1270,0,40,3,5,2,1,39,39,2
1741938,0,1270,0,40,2,5,2,1,30,28,2
1783297,0,1270,0,40,3,1,2,1,9,75,2
1785265,0,1270,0,40,3,1,2,1,9,38,2
1785473,0,1270,0,40,2,1,2,1,9,26,2
1772473,0,1270,0,40,2,2,2,1,25,39,2
1749438,0,1270,0,40,2,10,2,1,54,98,2
1754803,0,1270,0,40,2,8,2,1,40,25,2
1769350,0,1270,0,40,2,3,2,1,24,45,2
1748189,0,1270,0,40,2,9,2,1,65,19,2
1752974,0,1270,0,40,3,7,2,1,57,29,2
1746974,0,1270,0,40,3,10,2,1,61,49,2
1753656,0,1270,0,40,3,9,2,1,43,58,2
1768521,0,1270,0,40,3,4,2,1,28,22,2
1770445,0,1270,0,40,3,5,2,1,17,27,2
1748873,0,1270,0,40,3,10,2,1,45,101,2
1764118,0,1270,0,40,3,5,2,1,37,50,2
1763041,0,1270,0,40,3,6,2,1,30,35,2
1779747,0,1270,0,40,2,2,2,1,15,24,2
1769563,0,1270,0,40,2,4,2,1,24,39,2
1777388,0,1270,0,40,2,3,2,1,12,31,2
1781310,0,1270,0,40,2,2,2,1,10,56,2
1762290,0,1270,0,40,2,5,2,1,35,53,2
1760710,0,1270,0,40,3,8,2,1,27,78,2
1771020,0,1270,0,40,3,3,2,1,32,86,2
1781970,0,1270,0,40,3,2,2,1,12,47,2
1756244,0,1270,0,40,2,6,2,1,50,32,2
1768674,0,1270,0,40,3,3,2,1,37,56,2
1745841,0,1270,0,40,2,11,2,1,55,79,2
1760136,0,1270,0,40,2,5,2,1,50,43,2
1768060,0,1270,0,40,3,4,2,1,32,32,2
1785336,0,1270,0,40,3,1,2,1,8,55,2
1785560,0,1270,0,40,2,1,2,1,8,49,2
1785720,0,1270,0,40,3,1,2,1,8,58,2
1785947,0,1270,0,40,2,1,2,1,8,38,2
1786215,0,1270,0,40,3,1,2,1,8,67,2
1753971,0,1270,0,40,3,5,2,1,56,41,2
1748582,0,1270,0,40,3,11,2,1,60,54,2
1769570,0,1270,0,40,2,2,2,1,28,54,2
1768069,0,1270,0,40,2,2,2,1,39,23,2
1773168,0,1270,0,40,3,2,2,1,27,68,2
1777792,0,1270,0,40,3,1,2,1,23,40,2
1738076,0,1270,0,40,2,10,2,1,80,63,2
1775256,0,1270,0,40,2,2,2,1,21,20,2
1756071,0,1270,0,40,2,7,2,1,46,36,2
1779560,0,1270,0,40,3,1,2,1,19,52,2
1754073,0,1270,0,40,3,7,2,1,45,56,2
1777067,0,1270,0,40,3,2,2,1,20,34,2
1771933,0,1270,0,40,2,3,2,1,32,29,2
1780312,0,1270,0,40,2,1,2,1,18,24,2
1764475,0,1270,0,40,3,5,2,1,27,38,2
1772930,0,1270,0,40,2,3,2,1,21,47,2
1768988,0,1270,0,40,2,2,2,1,39,46,2
1765181,0,1270,0,40,2,4,2,1,31,50,2
1769674,0,1270,0,40,2,2,2,1,28,38,2
1781024,0,1270,0,40,2,1,2,1,16,59,2
1759196,0,1270,0,40,3,8,2,1,37,10,2
1759788,0,1270,0,40,3,6,2,1,43,50,2
1782748,0,1270,0,40,3,1,2,1,15,66,2
1752998,0,1270,0,40,2,7,2,1,50,38,2
1754969,0,1270,0,40,3,8,2,1,51,78,2
1771941,0,1270,0,40,3,3,2,1,28,42,2
1778389,0,1270,0,40,3,2,2,1,16,51,2
1739047,0,1270,0,40,2,7,2,1,62,35,2
1778863,0,1270,0,40,2,2,2,1,20,43,2
1769039,0,1270,0,40,3,4,2,1,21,54,2
1782397,0,1270,0,40,3,1,2,1,14,21,2
1783376,0,1270,0,40,3,1,2,1,14,31,2
1748698,0,1270,0,40,2,8,2,1,59,42,2
1717596,0,1270,0,40,3,14,2,1,119,52,2
1764756,0,1270,0,40,3,5,2,1,32,99,2
1778894,0,1270,0,40,3,3,2,1,18,33,2
1754652,0,1270,0,40,3,7,2,1,61,42,2
1765609,0,1270,0,40,3,6,2,1,35,42,2
1782407,0,1270,0,40,3,1,2,1,13,37,2
1753983,0,1270,0,40,2,8,2,1,39,31,2
1772927,0,1270,0,40,3,3,2,1,25,53,2
1758186,0,1270,0,40,3,6,2,1,50,16,2
1735487,0,1270,0,40,3,9,2,1,68,33,2
1778288,0,1270,0,40,3,3,2,1,17,33,2
1776717,0,1270,0,40,3,4,2,1,21,116,2
1781913,0,1270,0,40,3,1,2,1,12,49,2
1784357,0,1270,0,40,2,1,2,1,12,34,2
1741508,0,1270,0,40,2,8,2,1,25,38,2
1774711,0,1270,0,40,3,2,2,1,21,55,2
1759460,0,1270,0,40,2,8,2,1,35,41,2
1763155,0,1270,0,40,2,4,2,1,38,42,2
1777667,0,1270,0,40,2,3,2,1,18,34,2
1759525,0,1270,0,40,2,5,2,1,40,11,2
1774025,0,1270,0,40,2,3,2,1,15,61,2
1758696,0,1270,0,40,3,6,2,1,45,28,2
1755655,0,1270,0,40,2,9,2,1,41,33,2
1783848,0,1270,0,40,3,1,2,1,11,24,2
1785139,0,1270,0,40,3,1,2,1,11,59,2
1769135,0,1270,0,40,3,4,2,1,15,58,2
1760199,0,1270,0,40,2,7,2,1,35,66,2
1780733,0,1270,0,40,2,2,2,1,13,16,2
1768300,0,1270,0,40,3,5,2,1,22,30,2
1742129,0,1270,0,40,2,5,2,1,59,17,2
1773393,0,1270,0,40,3,3,2,1,23,48,2
1780384,0,1270,0,40,3,2,2,1,14,42,2
1753992,0,1270,0,40,3,9,2,1,48,46,2
1764003,0,1270,0,40,2,7,2,1,26,22,2
1771978,0,1270,0,40,3,3,2,1,24,29,2
1777047,0,1270,0,40,2,2,2,1,22,85,2
1761814,0,1270,0,40,2,6,2,1,38,47,2
1782871,0,1270,0,40,3,1,2,1,10,17,2
1784190,0,1270,0,40,3,1,2,1,10,47,2
1785759,0,1270,0,40,2,1,2,1,10,60,2
1775755,0,1270,0,40,3,2,2,1,17,104,2
1767215,0,1270,0,40,3,4,2,1,25,20,2
1741883,0,1270,0,40,2,6,2,1,39,31,2
1781115,0,1270,0,40,2,2,2,1,11,39,2
1777162,0,1270,0,40,3,2,2,1,19,45,2
1743732,0,1270,0,40,3,3,2,1,19,33,2
1745223,0,1270,0,40,3,11,2,1,73,22,2
1732575,1,1270,1257,28.5984,2,10,2,1,68,55,2
1752779,0,1270,0,40,2,5,2,1,65,42,2
1780274,0,1270,0,40,3,2,2,1,12,34,2
1757990,0,1270,0,40,3,9,2,1,34,64,2
1776003,0,1270,0,40,2,3,2,1,19,31,2
1739416,0,1270,0,40,3,10,2,1,66,48,2
1781254,0,1270,0,40,3,2,2,1,12,44,2
1748302,0,1270,0,40,3,9,2,1,71,26,2
1784816,0,1270,0,40,3,1,2,1,9,45,2
1785712,0,1270,0,40,3,1,2,1,9,54,2
1786233,0,1270,0,40,3,1,2,1,9,43,2
1756562,0,1270,0,40,2,5,2,1,43,14,2
1764602,0,1270,0,40,2,6,2,1,30,30,2
1764797,0,1270,0,40,2,3,2,1,41,51,2
1771814,0,1270,0,40,2,4,2,1,21,62,2
1715300,0,1270,0,40,2,11,2,1,79,25,2
1750716,0,1270,0,40,3,8,2,1,67,74,2
1757294,0,1270,0,40,2,5,2,1,51,82,2
1766220,0,1270,0,40,3,4,2,1,29,29,2
1741940,0,1270,0,40,3,9,2,1,58,78,2
1781858,0,1270,0,40,2,2,2,1,14,76,2
1763524,0,1270,0,40,2,5,2,1,32,46,2
1756477,0,1270,0,40,3,6,2,1,48,37,2
1741242,0,1270,0,40,3,9,2,1,58,20,2
1786010,0,1270,0,40,3,1,2,1,8,52,2
1786310,0,1270,0,40,3,1,2,1,8,56,2
1786847,0,1270,0,40,3,1,2,1,8,75,2
1757197,0,1270,0,40,2,3,2,1,60,31,2
1766449,0,1270,0,40,2,3,2,1,34,40,2
1776883,0,1270,0,40,3,1,2,1,25,47,2
1746387,0,1270,0,40,3,10,2,1,65,41,2
1776560,0,1270,0,40,3,2,2,1,21,53,2
1744788,0,1270,0,40,3,5,2,1,38,40,2
1745786,0,1270,0,40,3,10,2,1,72,43,2
1737173,0,1270,0,40,2,9,2,1,62,64,2
1748830,0,1270,0,40,3,8,2,1,64,45,2
1769713,0,1270,0,40,2,4,2,1,29,46,2
1762259,0,1270,0,40,3,5,2,1,43,52,2
1781409,0,1270,0,40,2,1,2,1,18,18,2
1755327,0,1270,0,40,3,8,2,1,49,135,2
1745181,0,1270,0,40,3,13,2,1,58,32,2
1773415,0,1270,0,40,3,4,2,1,27,60,2
1777343,0,1270,0,40,3,2,2,1,17,25,2
1772313,0,1270,0,40,3,3,2,1,28,52,2
1754074,0,1270,0,40,3,8,2,1,57,50,2
1783264,0,1270,0,40,2,1,2,1,15,74,2
1783290,0,1270,0,40,3,1,2,1,15,59,2
1746798,0,1270,0,40,2,10,2,1,66,33,2
1755422,0,1270,0,40,2,7,2,1,55,35,2
1769195,0,1270,0,40,2,4,2,1,21,51,2
1782995,0,1270,0,40,3,1,2,1,14,44,2
1774550,0,1270,0,40,2,2,2,1,25,49,2
1768481,0,1270,0,40,3,4,2,1,28,48,2
1769765,0,1270,0,40,2,4,2,1,30,32,2
1784789,0,1270,0,40,3,1,2,1,12,31,2
1767280,0,1270,0,40,2,4,2,1,26,31,2
1781175,0,1270,0,40,3,2,2,1,12,40,2
1778962,0,1270,0,40,3,3,2,1,14,125,2
1777089,0,1270,0,40,2,2,2,1,18,94,2
1776627,0,1270,0,40,3,3,2,1,19,71,2
1767832,0,1270,0,40,2,4,2,1,32,70,2
1743513,0,1270,0,40,2,4,2,1,41,27,2
1752574,0,1270,0,40,3,4,2,1,58,38,2
1770246,0,1270,0,40,3,5,2,1,24,35,2
1775534,0,1270,0,40,3,3,2,1,16,35,2
1774653,0,1270,0,40,3,2,2,1,22,73,2
1780997,0,1270,0,40,2,2,2,1,15,57,2
1769167,0,1270,0,40,3,4,2,1,30,19,2
1757240,0,1270,0,40,3,6,2,1,39,68,2
1783730,0,1270,0,40,2,2,2,1,11,35,2
1786053,0,1270,0,40,2,1,2,1,10,35,2
1786221,0,1270,0,40,3,1,2,1,10,48,2
1769794,0,1270,0,40,2,3,2,1,20,22,2
1778920,0,1270,0,40,2,2,2,1,13,52,2
1735915,0,1270,0,40,3,10,2,1,67,48,2
1735761,0,1270,0,40,3,8,2,1,49,29,2
1739746,0,1270,0,40,3,4,2,1,37,43,2
1771836,0,1270,0,40,2,4,2,1,28,50,2
1768435,0,1270,0,40,3,5,2,1,27,31,2
1779111,0,1270,0,40,2,4,2,1,13,58,2
1779515,0,1270,0,40,2,3,2,1,15,64,2
1743377,0,1270,0,40,3,9,2,1,62,31,2
1786090,0,1270,0,40,3,1,2,1,9,79,2
1759919,0,1270,0,40,3,6,2,1,33,33,2
1771002,0,1270,0,40,3,4,2,1,21,49,2
1740322,0,1270,0,40,2,4,2,1,39,30,2
1767326,0,1270,0,40,3,4,2,1,34,45,2
1764432,0,1270,0,40,3,6,2,1,33,61,2
1751182,0,1270,0,40,3,10,2,1,47,39,2
1742645,0,1270,0,40,3,6,2,1,47,79,2
1769974,0,1270,0,40,3,4,2,1,22,14,2
1780817,0,1270,0,40,2,2,2,1,16,49,2
1767322,0,1270,0,40,2,4,2,1,35,47,2
1744497,0,1270,0,40,3,9,2,1,40,44,2
1784590,0,1270,0,40,3,2,2,1,9,45,2
1777414,0,1270,0,40,3,6,2,1,16,57,2
1787161,0,1270,0,40,3,1,2,1,8,19,2
1787359,0,1270,0,40,3,1,2,1,8,41,2
1764294,0,1270,0,40,3,4,2,1,37,60,2
1769750,0,1270,0,40,3,3,2,1,27,50,2
1746983,0,1270,0,40,3,10,2,1,67,31,2
1775084,0,1270,0,40,3,3,2,1,20,25,2
1741621,0,1270,0,40,3,6,2,1,52,30,2
1744591,0,1270,0,40,3,8,2,1,50,44,2
1762066,0,1270,0,40,2,4,2,1,44,55,2
1772367,0,1270,0,40,2,4,2,1,22,29,2
1777562,0,1270,0,40,3,3,2,1,21,37,2
1783265,0,1270,0,40,2,1,2,1,12,20,2
1730209,0,1270,0,40,2,13,2,1,63,45,2
1776337,0,1270,0,40,3,4,2,1,18,17,2
1785807,0,1270,0,40,3,1,2,1,11,23,2
1768622,0,1270,0,40,3,3,2,1,38,28,2
1777985,0,1270,0,40,2,3,2,1,18,29,2
1779214,0,1270,0,40,2,2,2,1,16,49,2
1762407,0,1270,0,40,3,5,2,1,40,66,2
1742904,0,1270,0,40,3,9,2,1,46,89,2
1774772,0,1270,0,40,3,5,2,1,18,32,2
1787436,0,1270,0,40,2,1,2,1,8,48,2
1783916,0,1270,0,40,2,0,2,1,7,29,2
1785100,0,1270,0,40,2,0,2,1,7,78,2
1785298,0,1270,0,40,3,0,2,1,7,44,2
1785506,0,1270,0,40,2,0,2,1,7,37,2
1785762,0,1270,0,40,3,0,2,1,7,24,2
1785800,0,1270,0,40,2,0,2,1,7,33,2
1785864,0,1270,0,40,2,0,2,1,7,41,2
1785896,0,1270,0,40,3,0,2,1,7,73,2
1785928,0,1270,0,40,2,0,2,1,7,44,2
1785992,0,1270,0,40,3,0,2,1,7,29,2
1786088,0,1270,0,40,2,0,2,1,7,55,2
1786164,0,1270,0,40,3,0,2,1,7,62,2
1786362,0,1270,0,40,2,0,2,1,7,37,2
1786378,0,1270,0,40,3,0,2,1,7,16,2
1786410,0,1270,0,40,3,0,2,1,7,29,2
1786426,0,1270,0,40,3,0,2,1,7,67,2
1786474,0,1270,0,40,3,0,2,1,7,30,2
1786490,0,1270,0,40,2,0,2,1,7,20,2
1786522,0,1270,0,40,2,0,2,1,7,37,2
1786554,0,1270,0,40,3,0,2,1,7,118,2
1786586,0,1270,0,40,3,0,2,1,7,76,2
1786602,0,1270,0,40,3,0,2,1,7,47,2
1786618,0,1270,0,40,3,0,2,1,7,35,2
1786706,0,1270,0,40,3,0,2,1,7,43,2
1786738,0,1270,0,40,3,0,2,1,7,21,2
1786770,0,1270,0,40,2,0,2,1,7,47,2
1786818,0,1270,0,40,2,0,2,1,7,68,2
1786834,0,1270,0,40,2,0,2,1,7,46,2
1786866,0,1270,0,40,3,0,2,1,7,36,2
1786882,0,1270,0,40,3,0,2,1,7,23,2
1786958,0,1270,0,40,3,0,2,1,7,32,2
1786974,0,1270,0,40,2,0,2,1,7,30,2
1786990,0,1270,0,40,3,0,2,1,7,68,2
1786998,0,1270,0,40,2,0,2,1,7,27,2
1787014,0,1270,0,40,3,0,2,1,7,7,2
1787030,0,1270,0,40,2,0,2,1,7,26,2
1787078,0,1270,0,40,3,0,2,1,7,52,2
1787086,0,1270,0,40,2,0,2,1,7,37,2
1787134,0,1270,0,40,2,0,2,1,7,49,2
1787190,0,1270,0,40,3,0,2,1,7,39,2
1787206,0,1270,0,40,2,0,2,1,7,47,2
1787222,0,1270,0,40,3,0,2,1,7,31,2
1787238,0,1270,0,40,3,0,2,1,7,31,2
1787246,0,1270,0,40,3,0,2,1,7,42,2
1787254,0,1270,0,40,2,0,2,1,7,42,2
1787270,0,1270,0,40,2,0,2,1,7,22,2
1787318,0,1270,0,40,2,0,2,1,7,72,2
1787326,0,1270,0,40,3,0,2,1,7,38,2
1787358,0,1270,0,40,2,0,2,1,7,120,2
1787374,0,1270,0,40,2,0,2,1,7,49,2
1787382,0,1270,0,40,2,0,2,1,7,37,2
1787406,0,1270,0,40,3,0,2,1,7,50,2
1787414,0,1270,0,40,3,0,2,1,7,79,2
1787430,0,1270,0,40,2,0,2,1,7,13,2
1787438,0,1270,0,40,2,0,2,1,7,23,2
1787446,0,1270,0,40,3,0,2,1,7,70,2
1787454,0,1270,0,40,3,0,2,1,7,27,2
1787462,0,1270,0,40,3,0,2,1,7,56,2
1787478,0,1270,0,40,3,0,2,1,7,40,2
1787502,0,1270,0,40,2,0,2,1,7,36,2
1787506,0,1270,0,40,2,0,2,1,7,28,2
1787514,0,1270,0,40,2,0,2,1,7,44,2
1787518,0,1270,0,40,3,0,2,1,7,56,2
1787530,0,1270,0,40,2,0,2,1,7,40,2
1787538,0,1270,0,40,2,0,2,1,7,59,2
1787546,0,1270,0,40,3,0,2,1,7,46,2
1787558,0,1270,0,40,3,0,2,1,7,54,2
1787562,0,1270,0,40,3,0,2,1,7,42,2
1787566,0,1270,0,40,3,0,2,1,7,11,2
1787574,0,1270,0,40,3,0,2,1,7,27,2
1787578,0,1270,0,40,3,0,2,1,7,56,2
1787606,0,1270,0,40,3,0,2,1,7,26,2
1787610,0,1270,0,40,3,0,2,1,7,70,2
1787614,0,1270,0,40,3,0,2,1,7,68,2
1787622,0,1270,0,40,3,0,2,1,7,22,2
1787630,0,1270,0,40,2,0,2,1,7,105,2
1787634,0,1270,0,40,3,0,2,1,7,69,2
1787638,0,1270,0,40,2,0,2,1,7,32,2
1787650,0,1270,0,40,2,0,2,1,7,30,2
1787658,0,1270,0,40,2,0,2,1,7,31,2
1787674,0,1270,0,40,3,0,2,1,7,80,2
1787682,0,1270,0,40,2,0,2,1,7,47,2
1787686,0,1270,0,40,2,0,2,1,7,26,2
1787690,0,1270,0,40,3,0,2,1,7,69,2
1787702,0,1270,0,40,3,0,2,1,7,46,2
1787710,0,1270,0,40,3,0,2,1,7,79,2
1787714,0,1270,0,40,3,0,2,1,7,39,2
1787726,0,1270,0,40,3,0,2,1,7,51,2
1787734,0,1270,0,40,2,0,2,1,7,49,2
1787738,0,1270,0,40,2,0,2,1,7,48,2
1787742,0,1270,0,40,3,0,2,1,7,96,2
1787750,0,1270,0,40,3,0,2,1,7,124,2
1787762,0,1270,0,40,3,0,2,1,7,88,2
1787770,0,1270,0,40,3,0,2,1,7,40,2
1787782,0,1270,0,40,3,0,2,1,7,67,2
1787790,0,1270,0,40,2,0,2,1,7,18,2
1787794,0,1270,0,40,2,0,2,1,7,51,2
1787818,0,1270,0,40,2,0,2,1,7,35,2
1787822,0,1270,0,40,2,0,2,1,7,36,2
1787826,0,1270,0,40,2,0,2,1,7,29,2
1787834,0,1270,0,40,3,0,2,1,7,42,2
1787838,0,1270,0,40,3,0,2,1,7,54,2
1787850,0,1270,0,40,3,0,2,1,7,38,2
1787874,0,1270,0,40,3,0,2,1,7,15,2
1787882,0,1270,0,40,3,0,2,1,7,48,2
1787886,0,1270,0,40,2,0,2,1,7,43,2
1787898,0,1270,0,40,2,0,2,1,7,30,2
1787918,0,1270,0,40,2,0,2,1,7,38,2
1787926,0,1270,0,40,2,0,2,1,7,47,2
1787946,0,1270,0,40,3,0,2,1,7,67,2
1787950,0,1270,0,40,2,0,2,1,7,25,2
1787958,0,1270,0,40,3,0,2,1,7,43,2
1787970,0,1270,0,40,3,0,2,1,7,52,2
1787982,0,1270,0,40,3,0,2,1,7,30,2
1787986,0,1270,0,40,2,0,2,1,7,22,2
1787994,0,1270,0,40,3,0,2,1,7,25,2
1788002,0,1270,0,40,3,0,2,1,7,34,2
1788010,0,1270,0,40,3,0,2,1,7,64,2
1788014,0,1270,0,40,2,0,2,1,7,52,2
1788026,0,1270,0,40,3,0,2,1,7,58,2
1788034,0,1270,0,40,3,0,2,1,7,42,2
1788042,0,1270,0,40,3,0,2,1,7,32,2
1788046,0,1270,0,40,3,0,2,1,7,80,2
1788054,0,1270,0,40,3,0,2,1,7,61,2
1788066,0,1270,0,40,2,0,2,1,7,52,2
1788082,0,1270,0,40,3,0,2,1,7,21,2
1788094,0,1270,0,40,2,0,2,1,7,41,2
1788098,0,1270,0,40,3,0,2,1,7,63,2
1788106,0,1270,0,40,3,0,2,1,7,22,2
1788114,0,1270,0,40,3,0,2,1,7,34,2
1788122,0,1270,0,40,2,0,2,1,7,82,2
1788126,0,1270,0,40,2,0,2,1,7,31,2
1788134,0,1270,0,40,3,0,2,1,7,69,2
1788136,0,1270,0,40,3,0,2,1,7,78,2
1788140,0,1270,0,40,3,0,2,1,7,43,2
1788144,0,1270,0,40,2,0,2,1,7,15,2
1788152,0,1270,0,40,3,0,2,1,7,26,2
1788154,0,1270,0,40,2,0,2,1,7,16,2
1788164,0,1270,0,40,3,0,2,1,7,34,2
1788170,0,1270,0,40,3,0,2,1,7,29,2
1788176,0,1270,0,40,3,0,2,1,7,34,2
1788178,0,1270,0,40,3,0,2,1,7,47,2
1788192,0,1270,0,40,3,0,2,1,7,18,2
1788206,0,1270,0,40,3,0,2,1,7,28,2
1788210,0,1270,0,40,3,0,2,1,7,69,2
1788212,0,1270,0,40,2,0,2,1,7,59,2
1788214,0,1270,0,40,3,0,2,1,7,23,2
1788216,0,1270,0,40,2,0,2,1,7,44,2
1788224,0,1270,0,40,3,0,2,1,7,27,2
1788228,0,1270,0,40,2,0,2,1,7,61,2
1788230,0,1270,0,40,3,0,2,1,7,32,2
1788234,0,1270,0,40,2,0,2,1,7,43,2
1788236,0,1270,0,40,2,0,2,1,7,30,2
1788238,0,1270,0,40,2,0,2,1,7,62,2
1788240,0,1270,0,40,3,0,2,1,7,89,2
1788244,0,1270,0,40,3,0,2,1,7,43,2
1788248,0,1270,0,40,3,0,2,1,7,23,2
1788254,0,1270,0,40,2,0,2,1,7,25,2
1788264,0,1270,0,40,2,0,2,1,7,29,2
1788268,0,1270,0,40,3,0,2,1,7,45,2
1788276,0,1270,0,40,2,0,2,1,7,23,2
1788278,0,1270,0,40,2,0,2,1,7,71,2
1788282,0,1270,0,40,2,0,2,1,7,40,2
1788292,0,1270,0,40,3,0,2,1,7,34,2
1788294,0,1270,0,40,3,0,2,1,7,17,2
1788300,0,1270,0,40,2,0,2,1,7,37,2
1788302,0,1270,0,40,3,0,2,1,7,42,2
1788304,0,1270,0,40,3,0,2,1,7,25,2
1788306,0,1270,0,40,2,0,2,1,7,72,2
1788308,0,1270,0,40,2,0,2,1,7,24,2
1788310,0,1270,0,40,2,0,2,1,7,66,2
1788318,0,1270,0,40,2,0,2,1,7,41,2
1788322,0,1270,0,40,3,0,2,1,7,38,2
1788324,0,1270,0,40,2,0,2,1,7,35,2
1788348,0,1270,0,40,2,0,2,1,7,62,2
1788354,0,1270,0,40,2,0,2,1,7,37,2
1788362,0,1270,0,40,2,0,2,1,7,61,2
1788364,0,1270,0,40,3,0,2,1,7,52,2
1788368,0,1270,0,40,3,0,2,1,7,57,2
1788376,0,1270,0,40,2,0,2,1,7,22,2
1788384,0,1270,0,40,2,0,2,1,7,22,2
1788388,0,1270,0,40,2,0,2,1,7,41,2
1788390,0,1270,0,40,2,0,2,1,7,70,2
1788392,0,1270,0,40,3,0,2,1,7,34,2
1788394,0,1270,0,40,2,0,2,1,7,36,2
1788398,0,1270,0,40,2,0,2,1,7,33,2
1788410,0,1270,0,40,2,0,2,1,7,75,2
1788414,0,1270,0,40,3,0,2,1,7,42,2
1788418,0,1270,0,40,2,0,2,1,7,79,2
1788422,0,1270,0,40,2,0,2,1,7,62,2
1788424,0,1270,0,40,2,0,2,1,7,24,2
1788430,0,1270,0,40,3,0,2,1,7,30,2
1788432,0,1270,0,40,3,0,2,1,7,20,2
1788440,0,1270,0,40,2,0,2,1,7,43,2
1788444,0,1270,0,40,3,0,2,1,7,50,2
1788456,0,1270,0,40,2,0,2,1,7,70,2
1788458,0,1270,0,40,3,0,2,1,7,22,2
1788472,0,1270,0,40,3,0,2,1,7,75,2
1788484,0,1270,0,40,3,0,2,1,7,72,2
1788488,0,1270,0,40,3,0,2,1,7,36,2
1788494,0,1270,0,40,3,0,2,1,7,31,2
1788502,0,1270,0,40,2,0,2,1,7,30,2
1788504,0,1270,0,40,2,0,2,1,7,44,2
1788508,0,1270,0,40,2,0,2,1,7,35,2
1788510,0,1270,0,40,3,0,2,1,7,58,2
1788512,0,1270,0,40,3,0,2,1,7,58,2
1788522,0,1270,0,40,2,0,2,1,7,129,2
1788528,0,1270,0,40,3,0,2,1,7,37,2
1788536,0,1270,0,40,3,0,2,1,7,36,2
1788540,0,1270,0,40,2,0,2,1,7,19,2
1788544,0,1270,0,40,3,0,2,1,7,16,2
1788546,0,1270,0,40,2,0,2,1,7,42,2
1788554,0,1270,0,40,3,0,2,1,7,32,2
1788556,0,1270,0,40,2,0,2,1,7,77,2
1788558,0,1270,0,40,2,0,2,1,7,46,2
1788562,0,1270,0,40,2,0,2,1,7,54,2
1788566,0,1270,0,40,2,0,2,1,7,64,2
1788570,0,1270,0,40,2,0,2,1,7,91,2
1788578,0,1270,0,40,2,0,2,1,7,22,2
1788580,0,1270,0,40,2,0,2,1,7,54,2
1788584,0,1270,0,40,3,0,2,1,7,33,2
1788588,0,1270,0,40,2,0,2,1,7,45,2
1788590,0,1270,0,40,3,0,2,1,7,36,2
1788594,0,1270,0,40,3,0,2,1,7,54,2
1788600,0,1270,0,40,2,0,2,1,7,51,2
1788602,0,1270,0,40,3,0,2,1,7,45,2
1788604,0,1270,0,40,2,0,2,1,7,58,2
1788620,0,1270,0,40,3,0,2,1,7,49,2
1788632,0,1270,0,40,3,0,2,1,7,45,2
1788642,0,1270,0,40,2,0,2,1,7,15,2
1788648,0,1270,0,40,3,0,2,1,7,32,2
1788652,0,1270,0,40,3,0,2,1,7,30,2
1788660,0,1270,0,40,2,0,2,1,7,20,2
1788664,0,1270,0,40,3,0,2,1,7,37,2
1788668,0,1270,0,40,2,0,2,1,7,23,2
1788670,0,1270,0,40,2,0,2,1,7,27,2
1788674,0,1270,0,40,2,0,2,1,7,37,2
1788682,0,1270,0,40,2,0,2,1,7,38,2
1788684,0,1270,0,40,3,0,2,1,7,33,2
1788686,0,1270,0,40,2,0,2,1,7,51,2
1788692,0,1270,0,40,2,0,2,1,7,56,2
1788696,0,1270,0,40,2,0,2,1,7,25,2
1788700,0,1270,0,40,2,0,2,1,7,41,2
1788706,0,1270,0,40,2,0,2,1,7,49,2
1788710,0,1270,0,40,2,0,2,1,7,67,2
1788712,0,1270,0,40,2,0,2,1,7,69,2
1788716,0,1270,0,40,2,0,2,1,7,48,2
1788718,0,1270,0,40,2,0,2,1,7,46,2
1788722,0,1270,0,40,3,0,2,1,7,43,2
1788726,0,1270,0,40,2,0,2,1,7,41,2
1788728,0,1270,0,40,3,0,2,1,7,32,2
1788732,0,1270,0,40,3,0,2,1,7,54,2
1732991,0,1270,0,40,3,2,2,1,36,32,2
1757266,0,1270,0,40,2,7,2,1,32,35,2
1777789,0,1270,0,40,2,1,2,1,13,19,2
1764362,0,1270,0,40,2,5,2,1,27,29,2
1756679,0,1270,0,40,3,5,2,1,47,71,2
1779431,0,1270,0,40,2,1,2,1,11,28,2
1743628,0,1270,0,40,2,7,2,1,24,78,2
1777592,0,1270,0,40,3,2,2,1,10,34,2
1745635,0,1270,0,40,3,4,2,1,39,54,2
1762970,0,1270,0,40,3,3,2,1,39,47,2
1759337,0,1270,0,40,3,6,2,1,39,39,2
1734392,0,1270,0,40,2,7,2,1,41,77,2
1763060,0,1270,0,40,2,5,2,1,32,22,2
1760206,0,1270,0,40,3,4,2,1,33,42,2
1778481,0,1270,0,40,3,1,2,1,11,14,2
1780291,0,1270,0,40,2,1,2,1,10,24,2
1759888,0,1270,0,40,3,4,2,1,34,39,2
1739570,0,1270,0,40,2,13,2,1,53,41,2
1762912,0,1270,0,40,2,3,2,1,32,65,2
1766954,0,1270,0,40,2,3,2,1,28,45,2
1777777,0,1270,0,40,3,1,2,1,16,49,2
1769963,0,1270,0,40,2,3,2,1,24,81,2
1760164,0,1270,0,40,2,4,2,1,44,24,2
1756869,0,1270,0,40,2,5,2,1,40,32,2
1676512,0,1270,0,40,3,20,2,1,125,22,2
1765253,0,1270,0,40,2,4,2,1,32,20,2
1746593,0,1270,0,40,2,11,2,1,54,75,2
1778380,0,1270,0,40,3,2,2,1,10,32,2
1742073,0,1270,0,40,2,12,2,1,56,26,2
1742946,0,1270,0,40,3,5,2,1,32,34,2
1768787,0,1270,0,40,3,4,2,1,14,42,2
1741976,0,1270,0,40,2,8,2,1,46,29,2
1769093,0,1270,0,40,3,4,2,1,22,62,2
1781895,0,1270,0,40,2,1,2,1,7,69,2
1764235,0,1270,0,40,3,2,2,1,36,34,2
1760279,0,1270,0,40,3,3,2,1,39,39,2
1773641,0,1270,0,40,2,1,2,1,25,32,2
1770190,0,1270,0,40,3,2,2,1,27,72,2
1772867,0,1270,0,40,3,2,2,1,23,51,2
1759555,0,1270,0,40,3,5,2,1,36,38,2
1770670,0,1270,0,40,2,3,2,1,23,76,2
1776825,0,1270,0,40,3,1,2,1,15,51,2
1748471,0,1270,0,40,3,8,2,1,62,37,2
1744427,0,1270,0,40,3,3,2,1,28,26,2
1768747,0,1270,0,40,3,2,2,1,26,24,2
1765538,0,1270,0,40,3,4,2,1,28,32,2
1753279,0,1270,0,40,3,6,2,1,46,83,2
1777966,0,1270,0,40,2,2,2,1,12,49,2
1781401,0,1270,0,40,2,1,2,1,10,52,2
1763221,0,1270,0,40,2,4,2,1,33,23,2
1749297,0,1270,0,40,2,9,2,1,51,33,2
1781738,0,1270,0,40,3,1,2,1,9,88,2
1745736,0,1270,0,40,3,7,2,1,51,23,2
1744907,0,1270,0,40,2,11,2,1,66,81,2
1780315,0,1270,0,40,2,2,2,1,9,61,2
1772918,0,1270,0,40,3,2,2,1,11,106,2
1775466,0,1270,0,40,3,2,2,1,11,45,2
1748940,0,1270,0,40,2,9,2,1,57,63,2
1742808,0,1270,0,40,2,8,2,1,45,54,2
1752445,0,1270,0,40,3,8,2,1,56,36,2
1782649,0,1270,0,40,2,1,2,1,7,55,2
1783138,0,1270,0,40,3,1,2,1,7,79,2
1749633,0,1270,0,40,2,7,2,1,58,51,2
1747223,0,1270,0,40,3,9,2,1,64,35,2
1739344,0,1270,0,40,3,7,2,1,64,32,2
1763380,0,1270,0,40,3,3,2,1,35,47,2
1766972,0,1270,0,40,2,3,2,1,26,54,2
1761930,0,1270,0,40,2,4,2,1,38,66,2
1770727,0,1270,0,40,2,2,2,1,20,52,2
1748942,0,1270,0,40,3,6,2,1,65,30,2
1763980,0,1270,0,40,2,3,2,1,29,31,2
1778466,0,1270,0,40,2,1,2,1,16,38,2
1776645,0,1270,0,40,3,2,2,1,16,56,2
1777722,0,1270,0,40,2,1,2,1,15,51,2
1761660,0,1270,0,40,3,4,2,1,39,69,2
1770975,0,1270,0,40,3,2,2,1,18,48,2
1775425,0,1270,0,40,3,2,2,1,19,26,2
1775747,0,1270,0,40,3,3,2,1,18,30,2
1779727,0,1270,0,40,2,1,2,1,14,41,2
1757683,0,1270,0,40,3,4,2,1,51,35,2
1748262,0,1270,0,40,3,8,2,1,58,29,2
1766264,0,1270,0,40,2,5,2,1,26,24,2
1757757,0,1270,0,40,2,7,2,1,38,45,2
1745770,0,1270,0,40,3,8,2,1,71,56,2
1780420,0,1270,0,40,3,1,2,1,12,14,2
1739738,0,1270,0,40,3,7,2,1,52,24,2
1762231,0,1270,0,40,2,4,2,1,36,32,2
1780822,0,1270,0,40,3,1,2,1,11,32,2
1755429,0,1270,0,40,2,5,2,1,53,41,2
1775746,0,1270,0,40,3,3,2,1,13,52,2
1781308,0,1270,0,40,3,1,2,1,10,64,2
1749104,0,1270,0,40,3,6,2,1,69,68,2
1752655,0,1270,0,40,2,8,2,1,49,11,2
1775384,0,1270,0,40,2,2,2,1,19,29,2
1777226,0,1270,0,40,3,2,2,1,13,21,2
1737937,0,1270,0,40,3,7,2,1,43,42,2
1753920,0,1270,0,40,2,9,2,1,48,43,2
1746728,0,1270,0,40,2,11,2,1,63,25,2
1779516,0,1270,0,40,2,2,2,1,12,61,2
1782821,0,1270,0,40,2,1,2,1,8,56,2
1783308,0,1270,0,40,3,1,2,1,8,51,2
1753111,0,1270,0,40,3,8,2,1,44,81,2
1743276,0,1270,0,40,3,5,2,1,27,43,2
1766364,0,1270,0,40,2,5,2,1,26,88,2
1772863,0,1270,0,40,3,2,2,1,23,49,2
1775490,0,1270,0,40,2,2,2,1,17,46,2
1766769,0,1270,0,40,3,3,2,1,31,45,2
1770039,0,1270,0,40,2,3,2,1,25,32,2
1782827,0,1270,0,40,3,1,2,1,7,41,2
1783945,0,1270,0,40,2,1,2,1,7,59,2
1752579,0,1270,0,40,2,5,2,1,62,27,2
1765579,0,1270,0,40,2,2,2,1,39,66,2
1764719,0,1270,0,40,2,3,2,1,35,36,2
1775108,0,1270,0,40,2,1,2,1,24,27,2
1768844,0,1270,0,40,2,2,2,1,33,55,2
1747081,0,1270,0,40,2,8,2,1,67,69,2
1752682,0,1270,0,40,2,5,2,1,55,72,2
1752721,0,1270,0,40,2,5,2,1,63,39,2
1777313,0,1270,0,40,2,1,2,1,19,55,2
1742924,0,1270,0,40,3,3,2,1,41,33,2
1778289,0,1270,0,40,2,1,2,1,17,52,2
1758392,0,1270,0,40,2,4,2,1,36,22,2
1763991,0,1270,0,40,3,4,2,1,33,21,2
1747456,0,1270,0,40,2,11,2,1,63,33,2
1774155,0,1270,0,40,3,2,2,1,19,12,2
1764928,0,1270,0,40,2,4,2,1,33,53,2
1754133,0,1270,0,40,2,5,2,1,56,40,2
1743791,0,1270,0,40,2,4,2,1,23,49,2
1774116,0,1270,0,40,3,2,2,1,21,27,2
1743067,0,1270,0,40,3,5,2,1,25,79,2
1755608,0,1270,0,40,3,6,2,1,51,21,2
1773930,0,1270,0,40,3,3,2,1,18,66,2
1731242,0,1270,0,40,3,11,2,1,97,47,2
1775433,0,1270,0,40,3,2,2,1,16,31,2
1768306,0,1270,0,40,2,4,2,1,24,42,2
1759640,0,1270,0,40,3,5,2,1,33,56,2
1744222,0,1270,0,40,3,7,2,1,32,34,2
1777003,0,1270,0,40,3,2,2,1,15,116,2
1747482,0,1270,0,40,2,8,2,1,65,25,2
1767725,0,1270,0,40,2,6,2,1,23,53,2
1781187,0,1270,0,40,3,1,2,1,12,39,2
1781561,0,1270,0,40,3,1,2,1,12,53,2
1759136,0,1270,0,40,2,5,2,1,32,69,2
1761761,0,1270,0,40,2,5,2,1,36,41,2
1756504,0,1270,0,40,2,7,2,1,42,19,2
1682680,0,1270,0,40,2,20,2,1,152,49,2
1680415,0,1270,0,40,2,20,2,1,142,33,2
1780632,0,1270,0,40,3,1,2,1,11,57,2
1782254,0,1270,0,40,2,1,2,1,11,46,2
1774854,0,1270,0,40,2,3,2,1,15,37,2
1768055,0,1270,0,40,3,3,2,1,25,56,2
1758271,0,1270,0,40,3,6,2,1,37,72,2
1774400,0,1270,0,40,2,2,2,1,25,41,2
1782143,0,1270,0,40,2,1,2,1,10,45,2
1774933,0,1270,0,40,3,3,2,1,15,50,2
1760905,0,1270,0,40,2,6,2,1,33,16,2
1747194,0,1270,0,40,3,9,2,1,65,55,2
1777821,0,1270,0,40,2,2,2,1,13,17,2
1779199,0,1270,0,40,2,2,2,1,12,51,2
1781132,0,1270,0,40,3,1,2,1,9,62,2
1783034,0,1270,0,40,3,1,2,1,9,51,2
1783328,0,1270,0,40,2,1,2,1,9,23,2
1754176,0,1270,0,40,2,5,2,1,39,49,2
1647122,0,1270,0,40,2,27,2,1,147,93,2
1757285,0,1270,0,40,3,8,2,1,34,33,2
1756199,0,1270,0,40,2,8,2,1,35,45,2
1771146,0,1270,0,40,2,5,2,1,18,37,2
1744034,0,1270,0,40,3,6,2,1,42,43,2
1778136,0,1270,0,40,3,2,2,1,15,26,2
1780327,0,1270,0,40,3,2,2,1,11,38,2
1765759,0,1270,0,40,3,4,2,1,33,43,2
1782851,0,1270,0,40,3,1,2,1,8,61,2
1783087,0,1270,0,40,2,1,2,1,8,80,2
1783797,0,1270,0,40,3,1,2,1,8,38,2
1783871,0,1270,0,40,3,1,2,1,8,54,2
1751497,0,1270,0,40,3,8,2,1,43,61,2
1777780,0,1270,0,40,2,2,2,1,11,73,2
1772098,0,1270,0,40,2,4,2,1,13,58,2
1777410,0,1270,0,40,2,2,2,1,13,29,2
1746563,0,1270,0,40,3,11,2,1,68,59,2
1769921,0,1270,0,40,2,4,2,1,14,53,2
1775784,0,1270,0,40,2,3,2,1,14,79,2
1764413,0,1270,0,40,3,5,2,1,27,150,2
1759282,0,1270,0,40,3,6,2,1,36,27,2
1747344,0,1270,0,40,2,10,2,1,50,39,2
1783388,0,1270,0,40,3,2,2,1,8,55,2
1781881,0,1270,0,40,3,1,2,1,7,47,2
1784149,0,1270,0,40,3,1,2,1,7,45,2
1760970,0,1270,0,40,3,5,2,1,39,14,2
1751605,0,1270,0,40,3,8,2,1,48,61,2
1773764,0,1270,0,40,2,2,2,1,23,26,2
1776513,0,1270,0,40,2,1,2,1,22,28,2
1773483,0,1270,0,40,2,2,2,1,24,39,2
1753343,0,1270,0,40,2,7,2,1,49,56,2
1764681,0,1270,0,40,3,3,2,1,34,66,2
1772082,0,1270,0,40,2,4,2,1,26,38,2
1757934,0,1270,0,40,3,5,2,1,44,25,2
1743251,0,1270,0,40,2,6,2,1,45,52,2
1748656,0,1270,0,40,2,9,2,1,60,71,2
1750430,0,1270,0,40,3,7,2,1,54,42,2
1764853,0,1270,0,40,2,3,2,1,39,38,2
1773298,0,1270,0,40,2,2,2,1,23,72,2
1773890,0,1270,0,40,2,2,2,1,21,34,2
1751041,0,1270,0,40,2,5,2,1,69,39,2
1778031,0,1270,0,40,2,1,2,1,16,41,2
1752340,0,1270,0,40,2,6,2,1,42,43,2
1749233,0,1270,0,40,2,8,2,1,53,52,2
1776701,0,1270,0,40,3,3,2,1,19,101,2
1779592,0,1270,0,40,2,1,2,1,15,38,2
1780487,0,1270,0,40,2,1,2,1,15,62,2
1746391,0,1270,0,40,2,9,2,1,66,50,2
1760398,0,1270,0,40,3,5,2,1,41,53,2
1744053,0,1270,0,40,3,12,2,1,66,40,2
1780272,0,1270,0,40,3,1,2,1,14,80,2
1771078,0,1270,0,40,2,2,2,1,27,21,2
1769501,0,1270,0,40,2,4,2,1,24,58,2
1761555,0,1270,0,40,2,4,2,1,32,61,2
1744869,0,1270,0,40,3,7,2,1,32,108,2
1747391,0,1270,0,40,3,10,2,1,55,64,2
1778978,0,1270,0,40,3,2,2,1,15,20,2
1780810,0,1270,0,40,3,1,2,1,13,22,2
1780986,0,1270,0,40,2,1,2,1,13,19,2
1767997,0,1270,0,40,3,2,2,1,31,36,2
1740400,0,1270,0,40,3,2,2,1,16,49,2
1776874,0,1270,0,40,3,2,2,1,16,34,2
1745195,0,1270,0,40,2,6,2,1,41,38,2
1779353,0,1270,0,40,3,2,2,1,14,46,2
1778177,0,1270,0,40,3,3,2,1,14,58,2
1781524,0,1270,0,40,2,1,2,1,12,26,2
1781960,0,1270,0,40,2,1,2,1,12,51,2
1767799,0,1270,0,40,2,4,2,1,20,42,2
1756891,0,1270,0,40,3,5,2,1,45,89,2
1763058,0,1270,0,40,3,5,2,1,30,54,2
1749230,0,1270,0,40,2,9,2,1,56,56,2
1765248,0,1270,0,40,3,3,2,1,30,75,2
1775331,0,1270,0,40,3,2,2,1,23,96,2
1781174,0,1270,0,40,2,1,2,1,11,78,2
1782283,0,1270,0,40,2,1,2,1,11,55,2
1782832,0,1270,0,40,3,1,2,1,11,72,2
1743332,0,1270,0,40,3,9,2,1,47,39,2
1759186,0,1270,0,40,3,6,2,1,39,71,2
1749834,0,1270,0,40,2,6,2,1,65,44,2
1768619,0,1270,0,40,2,4,2,1,18,26,2
1769117,0,1270,0,40,2,4,2,1,28,45,2
1752353,0,1270,0,40,2,7,2,1,59,71,2
1758672,0,1270,0,40,2,5,2,1,40,42,2
1740842,0,1270,0,40,2,7,2,1,24,70,2
1782205,0,1270,0,40,3,1,2,1,10,14,2
1770715,0,1270,0,40,2,3,2,1,16,36,2
1762620,0,1270,0,40,2,6,2,1,31,16,2
1777488,0,1270,0,40,3,2,2,1,11,22,2
1757532,0,1270,0,40,2,7,2,1,35,51,2
1768630,0,1270,0,40,3,3,2,1,25,59,2
1767100,0,1270,0,40,2,2,2,1,37,82,2
1767809,0,1270,0,40,3,3,2,1,25,29,2
1762071,0,1270,0,40,3,5,2,1,41,62,2
1775879,0,1270,0,40,2,3,2,1,16,43,2
1754981,0,1270,0,40,2,8,2,1,38,52,2
1783603,0,1270,0,40,3,1,2,1,9,36,2
1783777,0,1270,0,40,3,1,2,1,9,47,2
1783843,0,1270,0,40,2,1,2,1,9,38,2
1783967,0,1270,0,40,3,1,2,1,9,66,2
1750127,0,1270,0,40,3,7,2,1,53,72,2
1777639,0,1270,0,40,3,2,2,1,12,39,2
1767429,0,1270,0,40,3,3,2,1,28,16,2
1752034,0,1270,0,40,3,7,2,1,53,34,2
1768673,0,1270,0,40,2,4,2,1,20,53,2
1761257,0,1270,0,40,2,6,2,1,33,24,2
1757372,0,1270,0,40,3,5,2,1,43,42,2
1772744,0,1270,0,40,3,3,2,1,21,17,2
1779066,0,1270,0,40,2,2,2,1,11,35,2
1751550,0,1270,0,40,3,8,2,1,50,34,2
1741678,0,1270,0,40,2,7,2,1,57,34,2
1754325,0,1270,0,40,2,5,2,1,51,31,2
1768186,0,1270,0,40,3,3,2,1,30,42,2
1775066,0,1270,0,40,2,3,2,1,17,35,2
1776589,0,1270,0,40,3,3,2,1,13,18,2
1750976,0,1270,0,40,3,9,2,1,50,48,2
1780174,0,1270,0,40,3,2,2,1,9,75,2
1770279,0,1270,0,40,3,4,2,1,23,51,2
1730438,0,1270,0,40,2,22,2,1,111,52,2
1782868,0,1270,0,40,3,2,2,1,9,9,2
1767076,0,1270,0,40,2,4,2,1,28,27,2
1783325,0,1270,0,40,3,1,2,1,8,32,2
1784369,0,1270,0,40,3,1,2,1,8,34,2
1773649,0,1270,0,40,3,3,2,1,14,24,2
1764739,0,1270,0,40,3,7,2,1,26,22,2
1767684,0,1270,0,40,2,6,2,1,21,44,2
1780626,0,1270,0,40,3,2,2,1,8,19,2
1750504,0,1270,0,40,2,8,2,1,55,47,2
1747576,0,1270,0,40,3,9,2,1,64,44,2
1781719,0,1270,0,40,3,2,2,1,9,61,2
1749782,0,1270,0,40,2,10,2,1,47,36,2
1760190,0,1270,0,40,3,7,2,1,38,40,2
1780522,0,1270,0,40,2,1,2,1,7,17,2
1783984,0,1270,0,40,2,1,2,1,7,22,2
1784168,0,1270,0,40,3,1,2,1,7,34,2
1784612,0,1270,0,40,2,1,2,1,7,9,2
1784761,0,1270,0,40,2,1,2,1,7,75,2
1785079,0,1270,0,40,2,1,2,1,7,24,2
1764354,0,1270,0,40,2,2,2,1,44,42,2
1742043,0,1270,0,40,3,5,2,1,59,47,2
1770864,0,1270,0,40,3,1,2,1,34,20,2
1770105,0,1270,0,40,2,2,2,1,36,15,2
1748904,0,1270,0,40,3,5,2,1,73,19,2
1775385,0,1270,0,40,3,1,2,1,25,79,2
1754351,0,1270,0,40,2,7,2,1,49,25,2
1752274,0,1270,0,40,3,7,2,1,47,56,2
1776910,0,1270,0,40,3,1,2,1,22,41,2
1772710,0,1270,0,40,3,2,2,1,24,36,2
1752754,0,1270,0,40,3,8,2,1,43,39,2
1757253,0,1270,0,40,3,5,2,1,50,20,2
1770798,0,1270,0,40,2,2,2,1,28,49,2
1756547,0,1270,0,40,3,5,2,1,51,9,2
1767183,0,1270,0,40,3,2,2,1,36,30,2
1766324,0,1270,0,40,2,4,2,1,39,34,2
1741344,0,1270,0,40,2,9,2,1,68,46,2
1778544,0,1270,0,40,3,1,2,1,19,93,2
1744836,0,1270,0,40,2,10,2,1,72,72,2
1761949,0,1270,0,40,2,3,2,1,45,36,2
1747258,0,1270,0,40,3,11,2,1,58,37,2
1773907,0,1270,0,40,3,2,2,1,23,23,2
1774335,0,1270,0,40,2,2,2,1,21,32,2
1766402,0,1270,0,40,3,5,2,1,35,47,2
1767703,0,1270,0,40,3,2,2,1,30,46,2
1745642,0,1270,0,40,2,12,2,1,67,31,2
1768470,0,1270,0,40,3,4,2,1,28,25,2
1770610,0,1270,0,40,2,2,2,1,34,57,2
1779266,0,1270,0,40,2,1,2,1,17,57,2
1742824,0,1270,0,40,2,3,2,1,23,116,2
1757308,0,1270,0,40,3,6,2,1,41,48,2
1780263,0,1270,0,40,2,1,2,1,16,73,2
1745812,0,1270,0,40,2,9,2,1,73,61,2
1742754,0,1270,0,40,3,6,2,1,55,30,2
1748076,0,1270,0,40,3,11,2,1,71,62,2
1755513,0,1270,0,40,3,6,2,1,52,20,2
1771360,0,1270,0,40,3,2,2,1,29,28,2
1701657,0,1270,0,40,3,19,2,1,133,44,2
1769671,0,1270,0,40,3,4,2,1,25,52,2
1761358,0,1270,0,40,2,7,2,1,37,44,2
1754623,0,1270,0,40,3,6,2,1,51,26,2
1768163,0,1270,0,40,2,4,2,1,25,26,2
1781295,0,1270,0,40,3,1,2,1,14,35,2
1754402,0,1270,0,40,2,7,2,1,49,38,2
1750525,0,1270,0,40,2,7,2,1,67,54,2
1754734,0,1270,0,40,2,6,2,1,43,64,2
1752902,0,1270,0,40,2,9,2,1,49,57,2
1777108,0,1270,0,40,2,2,2,1,16,62,2
1760656,0,1270,0,40,3,6,2,1,35,39,2
1766383,0,1270,0,40,3,4,2,1,21,74,2
1781890,0,1270,0,40,3,1,2,1,13,39,2
1765495,0,1270,0,40,2,5,2,1,30,31,2
1768529,0,1270,0,40,3,3,2,1,29,33,2
1769010,0,1270,0,40,2,4,2,1,27,41,2
1759941,0,1270,0,40,3,4,2,1,40,46,2
1775488,0,1270,0,40,3,3,2,1,15,29,2
1756457,0,1270,0,40,2,6,2,1,46,61,2
1741681,0,1270,0,40,2,8,2,1,43,25,2
1780197,0,1270,0,40,3,2,2,1,14,34,2
1741775,0,1270,0,40,3,8,2,1,30,35,2
1779930,0,1270,0,40,3,1,2,1,12,29,2
1782384,0,1270,0,40,2,1,2,1,12,42,2
1782838,0,1270,0,40,3,1,2,1,12,39,2
1775523,0,1270,0,40,3,2,2,1,18,67,2
1777301,0,1270,0,40,3,3,2,1,13,49,2
1773136,0,1270,0,40,2,2,2,1,24,45,2
1739431,0,1270,0,40,3,7,2,1,35,47,2
1774635,0,1270,0,40,2,3,2,1,17,19,2
1750288,0,1270,0,40,3,8,2,1,59,29,2
1780311,0,1270,0,40,2,2,2,1,13,62,2
1777213,0,1270,0,40,3,2,2,1,19,36,2
1752519,1,1270,1249,30.4656,2,8,2,1,56,20,2
1782894,0,1270,0,40,2,1,2,1,11,30,2
1783268,0,1270,0,40,3,1,2,1,11,46,2
1758275,0,1270,0,40,2,7,2,1,36,42,2
1755504,0,1270,0,40,3,4,2,1,48,46,2
1743582,0,1270,0,40,2,3,2,1,17,56,2
1773072,0,1270,0,40,3,2,2,1,24,52,2
1739618,0,1270,0,40,2,3,2,1,26,38,2
1763228,0,1270,0,40,2,7,2,1,26,54,2
1751913,0,1270,0,40,3,11,2,1,58,22,2
1744128,0,1270,0,40,2,8,2,1,54,31,2
1761488,0,1270,0,40,3,4,2,1,43,72,2
1759893,0,1270,0,40,3,4,2,1,48,46,2
1773192,0,1270,0,40,2,3,2,1,22,51,2
1751043,0,1270,0,40,2,9,2,1,53,42,2
1780718,0,1270,0,40,3,2,2,1,11,38,2
1738854,0,1270,0,40,3,8,2,1,54,26,2
1782667,0,1270,0,40,2,1,2,1,10,11,2
1783519,0,1270,0,40,3,1,2,1,10,37,2
1783671,0,1270,0,40,3,1,2,1,10,7,2
1745217,0,1270,0,40,2,9,2,1,66,27,2
1771934,0,1270,0,40,2,2,2,1,27,57,2
1770745,0,1270,0,40,3,3,2,1,26,37,2
1767252,0,1270,0,40,2,3,2,1,34,55,2
1779665,0,1270,0,40,3,2,2,1,13,66,2
1763568,0,1270,0,40,3,7,2,1,24,64,2
1743860,0,1270,0,40,3,5,2,1,48,68,2
1775113,0,1270,0,40,3,3,2,1,17,36,2
1767948,0,1270,0,40,3,2,2,1,40,29,2
1783870,0,1270,0,40,3,1,2,1,9,71,2
1784121,0,1270,0,40,3,1,2,1,9,22,2
1784479,0,1270,0,40,3,1,2,1,9,31,2
1784547,0,1270,0,40,3,1,2,1,9,79,2
1745559,0,1270,0,40,2,7,2,1,53,39,2
1760960,0,1270,0,40,2,4,2,1,37,81,2
1745151,0,1270,0,40,2,8,2,1,45,36,2
1747734,0,1270,0,40,3,9,2,1,64,11,2
1776897,0,1270,0,40,3,3,2,1,10,12,2
1769084,0,1270,0,40,3,3,2,1,30,20,2
1776264,0,1270,0,40,3,2,2,1,17,42,2
1764068,0,1270,0,40,2,5,2,1,30,78,2
1763387,0,1270,0,40,2,7,2,1,23,24,2
1763311,0,1270,0,40,3,6,2,1,26,35,2
1779626,0,1270,0,40,3,2,2,1,9,71,2
1780412,0,1270,0,40,2,2,2,1,12,77,2
1745024,0,1270,0,40,3,7,2,1,34,14,2
1779786,0,1270,0,40,3,2,2,1,12,71,2
1749615,0,1270,0,40,3,10,2,1,64,59,2
1758199,0,1270,0,40,2,5,2,1,48,22,2
1751020,0,1270,0,40,3,10,2,1,47,25,2
1784408,0,1270,0,40,3,1,2,1,8,51,2
1784500,0,1270,0,40,3,1,2,1,8,38,2
1784807,0,1270,0,40,2,1,2,1,8,20,2
1784951,0,1270,0,40,2,1,2,1,8,8,2
1785063,0,1270,0,40,2,1,2,1,8,21,2
1761849,0,1270,0,40,3,6,2,1,31,39,2
1778113,0,1270,0,40,3,2,2,1,11,78,2
1780325,0,1270,0,40,3,2,2,1,9,58,2
1742092,0,1270,0,40,3,7,2,1,34,27,2
1735552,0,1270,0,40,3,8,2,1,43,24,2
1748806,0,1270,0,40,3,10,2,1,47,46,2
1781149,0,1270,0,40,2,2,2,1,8,44,2
1733412,0,1270,0,40,3,16,2,1,91,29,2
1761721,0,1270,0,40,2,8,2,1,22,69,2
1744380,0,1270,0,40,2,9,2,1,77,29,2
1763925,0,1270,0,40,3,5,2,1,35,45,2
1745836,0,1270,0,40,3,12,2,1,67,30,2
1772823,0,1270,0,40,3,3,2,1,22,70,2
1768461,0,1270,0,40,3,4,2,1,30,52,2
1780951,0,1270,0,40,3,2,2,1,12,50,2
1774584,0,1270,0,40,2,3,2,1,14,44,2
1781379,0,1270,0,40,3,3,2,1,10,42,2
1734047,0,1270,0,40,2,8,2,1,54,22,2
1763048,0,1270,0,40,2,3,2,1,43,78,2
1760442,0,1270,0,40,3,5,2,1,41,67,2
1764790,0,1270,0,40,3,5,2,1,26,52,2
1779853,0,1270,0,40,3,3,2,1,12,47,2
1759562,0,1270,0,40,3,8,2,1,31,56,2
1770470,0,1270,0,40,2,4,2,1,26,37,2
1777178,0,1270,0,40,2,4,2,1,15,39,2
1768671,0,1270,0,40,2,6,2,1,25,90,2
1782807,0,1270,0,40,3,1,2,1,7,100,2
1784198,0,1270,0,40,2,1,2,1,7,31,2
1784630,0,1270,0,40,2,1,2,1,7,51,2
1785098,0,1270,0,40,3,1,2,1,7,22,2
1785303,0,1270,0,40,3,1,2,1,7,47,2
1785537,0,1270,0,40,2,1,2,1,7,37,2
1785719,0,1270,0,40,2,1,2,1,7,45,2
1755016,0,1270,0,40,3,7,2,1,47,42,2
1746251,0,1270,0,40,2,7,2,1,72,21,2
1766835,0,1270,0,40,3,3,2,1,37,44,2
1738198,0,1270,0,40,3,6,2,1,50,34,2
1767726,0,1270,0,40,3,2,2,1,36,76,2
1758538,0,1270,0,40,3,4,2,1,55,48,2
1775150,0,1270,0,40,3,1,2,1,27,54,2
1774511,0,1270,0,40,2,1,2,1,25,45,2
1776198,0,1270,0,40,3,1,2,1,25,102,2
1760010,0,1270,0,40,3,5,2,1,47,41,2
1753295,0,1270,0,40,3,10,2,1,42,36,2
1773449,0,1270,0,40,2,2,2,1,26,37,2
1761900,0,1270,0,40,3,4,2,1,45,38,2
1754524,0,1270,0,40,3,6,2,1,50,23,2
1766685,0,1270,0,40,3,3,2,1,32,37,2
1776482,0,1270,0,40,2,1,2,1,20,31,2
1761070,0,1270,0,40,3,4,2,1,42,40,2
1743098,0,1270,0,40,3,4,2,1,59,41,2
1778363,0,1270,0,40,3,1,2,1,19,13,2
1757431,0,1270,0,40,3,5,2,1,46,58,2
1769399,0,1270,0,40,3,3,2,1,27,34,2
1776493,0,1270,0,40,3,2,2,1,19,68,2
1757141,0,1270,0,40,2,7,2,1,50,54,2
1759147,0,1270,0,40,2,5,2,1,36,24,2
1737650,0,1270,0,40,2,9,2,1,67,68,2
1780257,0,1270,0,40,2,1,2,1,17,10,2
1773301,0,1270,0,40,3,2,2,1,24,41,2
1753445,0,1270,0,40,2,6,2,1,49,35,2
1766341,0,1270,0,40,2,4,2,1,29,74,2
1780100,0,1270,0,40,3,1,2,1,16,62,2
1780765,0,1270,0,40,3,1,2,1,16,58,2
1770951,0,1270,0,40,3,3,2,1,20,22,2
1759005,0,1270,0,40,3,5,2,1,39,44,2
1775539,0,1270,0,40,3,3,2,1,18,26,2
1781511,0,1270,0,40,2,1,2,1,15,69,2
1747126,0,1270,0,40,2,7,2,1,53,58,2
1772162,0,1270,0,40,3,3,2,1,23,34,2
1767993,0,1270,0,40,2,4,2,1,30,52,2
1671653,0,1270,0,40,3,22,2,1,125,10,2
1757314,0,1270,0,40,2,6,2,1,42,65,2
1759810,0,1270,0,40,3,6,2,1,41,33,2
1773871,0,1270,0,40,3,3,2,1,23,14,2
1766446,0,1270,0,40,3,5,2,1,28,32,2
1763493,0,1270,0,40,3,6,2,1,43,78,2
1782004,0,1270,0,40,3,1,2,1,14,32,2
1752213,0,1270,0,40,2,5,2,1,70,20,2
1776807,0,1270,0,40,2,2,2,1,15,81,2
1775162,0,1270,0,40,3,2,2,1,21,54,2
1756038,0,1270,0,40,2,7,2,1,41,38,2
1761033,0,1270,0,40,3,5,2,1,32,68,2
1767562,0,1270,0,40,2,3,2,1,36,41,2
1744529,1,1270,1262,26.4946,3,10,2,1,88,27,2
1748043,0,1270,0,40,3,7,2,1,80,43,2
1782035,0,1270,0,40,2,1,2,1,13,99,2
1782604,0,1270,0,40,2,1,2,1,13,71,2
1768652,0,1270,0,40,3,4,2,1,21,29,2
1765377,0,1270,0,40,2,5,2,1,27,47,2
1765601,0,1270,0,40,3,6,2,1,30,34,2
1779135,0,1270,0,40,3,2,2,1,13,25,2
1767856,0,1270,0,40,3,4,2,1,29,37,2
1742350,0,1270,0,40,2,7,2,1,38,31,2
1764199,0,1270,0,40,2,4,2,1,34,25,2
1774101,0,1270,0,40,3,4,2,1,18,40,2
1781709,0,1270,0,40,2,1,2,1,12,27,2
1783154,0,1270,0,40,2,1,2,1,12,55,2
1771830,0,1270,0,40,2,4,2,1,24,42,2
1761320,0,1270,0,40,3,4,2,1,43,95,2
1753505,0,1270,0,40,2,7,2,1,39,54,2
1761735,0,1270,0,40,3,6,2,1,39,25,2
1757465,0,1270,0,40,2,6,2,1,47,33,2
1771871,0,1270,0,40,2,3,2,1,22,40,2
1747213,0,1270,0,40,2,9,2,1,71,18,2
1771300,0,1270,0,40,2,3,2,1,26,82,2
1780348,0,1270,0,40,3,2,2,1,14,67,2
1771460,0,1270,0,40,2,3,2,1,23,50,2
1782638,0,1270,0,40,3,2,2,1,12,55,2
1783127,0,1270,0,40,2,1,2,1,11,68,2
1770036,0,1270,0,40,3,2,2,1,25,36,2
1755838,0,1270,0,40,2,5,2,1,50,53,2
1777145,0,1270,0,40,2,2,2,1,13,39,2
1767696,0,1270,0,40,2,4,2,1,25,36,2
1741471,0,1270,0,40,2,4,2,1,55,33,2
1766674,0,1270,0,40,3,5,2,1,29,60,2
1766484,0,1270,0,40,3,4,2,1,24,55,2
1760864,0,1270,0,40,2,6,2,1,43,50,2
1781110,0,1270,0,40,2,2,2,1,12,14,2
1767033,0,1270,0,40,2,5,2,1,31,54,2
1778903,0,1270,0,40,3,3,2,1,13,44,2
1775327,0,1270,0,40,2,3,2,1,19,20,2
1783142,0,1270,0,40,3,2,2,1,11,31,2
1782499,0,1270,0,40,3,1,2,1,10,50,2
1783598,0,1270,0,40,3,1,2,1,10,44,2
1784371,0,1270,0,40,3,1,2,1,10,32,2
1784561,0,1270,0,40,3,1,2,1,10,22,2
1757058,0,1270,0,40,2,6,2,1,41,71,2
1767597,0,1270,0,40,3,3,2,1,29,16,2
1766816,0,1270,0,40,3,4,2,1,30,46,2
1763443,0,1270,0,40,3,5,2,1,36,96,2
1773911,0,1270,0,40,3,2,2,1,23,23,2
1761209,0,1270,0,40,2,5,2,1,30,34,2
1777689,0,1270,0,40,3,2,2,1,17,54,2
1762192,0,1270,0,40,3,5,2,1,32,33,2
1759133,0,1270,0,40,2,8,2,1,30,35,2
1767612,0,1270,0,40,2,4,2,1,15,60,2
1773780,0,1270,0,40,3,3,2,1,15,33,2
1742216,0,1270,0,40,2,4,2,1,17,42,2
1776277,0,1270,0,40,3,3,2,1,18,90,2
1776109,0,1270,0,40,2,3,2,1,17,55,2
1775075,0,1270,0,40,3,4,2,1,17,27,2
1753064,0,1270,0,40,2,11,2,1,37,41,2
1774462,0,1270,0,40,3,4,2,1,21,40,2
1755928,0,1270,0,40,3,8,2,1,32,32,2
1781773,0,1270,0,40,3,2,2,1,10,40,2
1773844,0,1270,0,40,2,4,2,1,17,27,2
1783952,0,1270,0,40,3,1,2,1,9,51,2
1784989,0,1270,0,40,2,1,2,1,9,23,2
1785043,0,1270,0,40,3,1,2,1,9,15,2
1766276,0,1270,0,40,2,4,2,1,30,41,2
1777640,0,1270,0,40,2,2,2,1,15,29,2
1742704,0,1270,0,40,2,4,2,1,24,55,2
1740002,0,1270,0,40,3,10,2,1,69,54,2
1773432,0,1270,0,40,3,4,2,1,16,44,2
1781441,0,1270,0,40,2,2,2,1,10,42,2
1729190,2,1270,0,40,3,12,2,1,90,112,2
1779992,0,1270,0,40,2,2,2,1,13,37,2
1779416,0,1270,0,40,3,2,2,1,12,39,2
1752943,0,1270,0,40,2,7,2,1,39,29,2
1772631,0,1270,0,40,3,3,2,1,23,65,2
1739267,0,1270,0,40,3,10,2,1,87,28,2
1782074,0,1270,0,40,3,2,2,1,12,57,2
1755264,0,1270,0,40,2,7,2,1,40,44,2
1753433,0,1270,0,40,3,9,2,1,54,36,2
1768475,0,1270,0,40,3,4,2,1,30,22,2
1783812,0,1270,0,40,2,1,2,1,8,30,2
1784382,0,1270,0,40,2,1,2,1,8,65,2
1785026,0,1270,0,40,2,1,2,1,8,23,2
1785255,0,1270,0,40,2,1,2,1,8,27,2
1785319,0,1270,0,40,2,1,2,1,8,40,2
1785421,0,1270,0,40,3,1,2,1,8,42,2
1741411,0,1270,0,40,3,1,2,1,8,36,2
1774440,0,1270,0,40,2,2,2,1,19,25,2
1776361,0,1270,0,40,3,2,2,1,16,48,2
1765432,0,1270,0,40,2,6,2,1,21,46,2
1762677,0,1270,0,40,3,4,2,1,40,51,2
1767858,0,1270,0,40,2,4,2,1,23,30,2
1775789,0,1270,0,40,3,3,2,1,17,27,2
1759383,0,1270,0,40,3,8,2,1,36,38,2
1747393,0,1270,0,40,2,10,2,1,59,50,2
1761165,0,1270,0,40,2,4,2,1,37,68,2
1782304,0,1270,0,40,2,2,2,1,8,68,2
1752858,0,1270,0,40,2,6,2,1,60,32,2
1744585,0,1270,0,40,3,6,2,1,59,113,2
1777577,0,1270,0,40,3,3,2,1,16,63,2
1772334,0,1270,0,40,2,3,2,1,22,31,2
1763230,0,1270,0,40,2,5,2,1,35,30,2
1760829,0,1270,0,40,3,6,2,1,31,48,2
1766118,0,1270,0,40,2,4,2,1,27,52,2
1745679,0,1270,0,40,3,12,2,1,77,80,2
1773282,0,1270,0,40,3,4,2,1,16,50,2
1781772,0,1270,0,40,2,2,2,1,11,57,2
1747945,0,1270,0,40,2,8,2,1,65,30,2
1756694,0,1270,0,40,2,10,2,1,44,32,2
1776599,1,1270,1248,40,2,3,2,1,15,18,2
1776650,0,1270,0,40,2,2,2,1,20,36,2
1779002,0,1270,0,40,3,3,2,1,12,38,2
1780572,0,1270,0,40,3,2,2,1,10,73,2
1784474,0,1270,0,40,2,1,2,1,7,21,2
1785768,0,1270,0,40,3,1,2,1,7,19,2
1785943,0,1270,0,40,2,1,2,1,7,15,2
1786251,0,1270,0,40,3,1,2,1,7,28,2
1786281,0,1270,0,40,2,1,2,1,7,55,2
1786329,0,1270,0,40,3,1,2,1,7,32,2
1741427,0,1270,0,40,3,6,2,1,72,22,2
1762936,0,1270,0,40,2,2,2,1,43,30,2
1766355,0,1270,0,40,2,4,2,1,39,22,2
1768359,0,1270,0,40,3,3,2,1,37,24,2
1752107,0,1270,0,40,2,8,2,1,57,63,2
1750904,0,1270,0,40,2,5,2,1,65,61,2
1737919,0,1270,0,40,3,6,2,1,70,21,2
1733349,0,1270,0,40,2,7,2,1,61,51,2
1776448,0,1270,0,40,2,2,2,1,23,39,2
1741839,0,1270,0,40,2,6,2,1,41,87,2
1763156,0,1270,0,40,2,5,2,1,43,58,2
1765874,0,1270,0,40,3,3,2,1,37,64,2
1763749,0,1270,0,40,3,6,2,1,33,29,2
1769557,0,1270,0,40,3,4,2,1,32,22,2
1746073,0,1270,0,40,2,10,2,1,69,30,2
1778203,0,1270,0,40,3,1,2,1,20,40,2
1774906,0,1270,0,40,2,2,2,1,23,25,2
1762220,0,1270,0,40,3,5,2,1,32,83,2
1766798,0,1270,0,40,3,4,2,1,39,45,2
1779258,0,1270,0,40,3,1,2,1,19,27,2
1748080,0,1270,0,40,3,8,2,1,63,74,2
1770703,0,1270,0,40,3,3,2,1,21,85,2
1742830,0,1270,0,40,3,13,2,1,81,37,2
1770174,0,1270,0,40,2,4,2,1,22,84,2
1779084,0,1270,0,40,3,1,2,1,18,49,2
1744794,0,1270,0,40,2,13,2,1,55,42,2
1768156,0,1270,0,40,2,5,2,1,34,22,2
1768018,0,1270,0,40,3,4,2,1,28,40,2
1771397,0,1270,0,40,3,4,2,1,25,17,2
1780601,0,1270,0,40,2,1,2,1,17,53,2
1771484,0,1270,0,40,2,2,2,1,28,71,2
1752184,0,1270,0,40,3,8,2,1,55,35,2
1776508,0,1270,0,40,3,2,2,1,21,44,2
1746700,0,1270,0,40,3,10,2,1,74,51,2
1779321,0,1270,0,40,2,2,2,1,17,61,2
1748329,0,1270,0,40,3,9,2,1,64,79,2
1780926,0,1270,0,40,2,1,2,1,16,21,2
1781273,0,1270,0,40,3,1,2,1,16,21,2
1774661,0,1270,0,40,3,2,2,1,20,46,2
1773903,0,1270,0,40,2,3,2,1,18,34,2
1771769,0,1270,0,40,3,3,2,1,23,20,2
1761666,0,1270,0,40,3,5,2,1,40,96,2
1742206,0,1270,0,40,3,2,2,1,49,45,2
1779427,0,1270,0,40,3,2,2,1,18,38,2
1765782,0,1270,0,40,2,4,2,1,39,22,2
1781088,0,1270,0,40,3,1,2,1,15,40,2
1781920,0,1270,0,40,3,1,2,1,15,26,2
1727279,0,1270,0,40,2,5,2,1,61,42,2
1765486,0,1270,0,40,3,4,2,1,34,59,2
1764737,0,1270,0,40,2,5,2,1,38,21,2
1781044,0,1270,0,40,3,1,2,1,14,60,2
1782352,0,1270,0,40,2,1,2,1,14,26,2
1747432,0,1270,0,40,2,10,2,1,63,38,2
1737864,0,1270,0,40,2,5,2,1,32,22,2
1751620,0,1270,0,40,2,8,2,1,56,26,2
1761119,0,1270,0,40,2,5,2,1,34,73,2
1772735,0,1270,0,40,2,2,2,1,28,76,2
1750539,0,1270,0,40,3,9,2,1,59,61,2
1762214,0,1270,0,40,3,6,2,1,33,50,2
1769035,0,1270,0,40,3,3,2,1,21,67,2
1769581,0,1270,0,40,3,6,2,1,21,74,2
1779236,0,1270,0,40,3,2,2,1,16,20,2
1780892,0,1270,0,40,2,1,2,1,13,130,2
1782077,0,1270,0,40,2,1,2,1,13,53,2
1782373,0,1270,0,40,2,1,2,1,13,71,2
1773290,0,1270,0,40,2,2,2,1,21,28,2
1769209,0,1270,0,40,2,4,2,1,23,20,2
1710007,0,1270,0,40,3,17,2,1,117,56,2
1768773,0,1270,0,40,3,4,2,1,21,64,2
1761754,0,1270,0,40,3,5,2,1,42,89,2
1778429,0,1270,0,40,2,2,2,1,15,52,2
1761739,0,1270,0,40,2,5,2,1,46,23,2
1780141,0,1270,0,40,3,2,2,1,17,30,2
1782295,0,1270,0,40,2,1,2,1,12,46,2
1783629,0,1270,0,40,2,1,2,1,12,42,2
1744983,0,1270,0,40,2,9,2,1,67,55,2
1771685,0,1270,0,40,3,2,2,1,28,69,2
1778243,0,1270,0,40,2,2,2,1,15,16,2
1739593,0,1270,0,40,3,7,2,1,38,29,2
1743566,0,1270,0,40,3,3,2,1,37,20,2
1771853,0,1270,0,40,3,3,2,1,24,37,2
1764313,0,1270,0,40,2,5,2,1,28,27,2
1780970,0,1270,0,40,3,2,2,1,12,31,2
1756629,0,1270,0,40,2,8,2,1,40,44,2
1768589,0,1270,0,40,2,3,2,1,34,15,2
1766262,0,1270,0,40,2,4,2,1,29,38,2
1777018,0,1270,0,40,3,3,2,1,20,24,2
1782451,0,1270,0,40,2,1,2,1,11,60,2
1784385,0,1270,0,40,3,1,2,1,11,56,2
1755720,0,1270,0,40,3,6,2,1,45,49,2
1757563,0,1270,0,40,2,6,2,1,39,15,2
1767730,0,1270,0,40,2,4,2,1,28,43,2
1742102,0,1270,0,40,3,5,2,1,37,38,2
1770966,0,1270,0,40,2,4,2,1,18,25,2
1757334,0,1270,0,40,3,10,2,1,40,42,2
1759643,0,1270,0,40,3,6,2,1,46,68,2
1769198,0,1270,0,40,2,4,2,1,29,19,2
1741633,0,1270,0,40,2,7,2,1,55,39,2
1766028,0,1270,0,40,2,4,2,1,32,32,2
1757018,0,1270,0,40,3,6,2,1,52,30,2
1753794,0,1270,0,40,3,8,2,1,44,29,2
1765789,0,1270,0,40,2,5,2,1,28,28,2
1760401,0,1270,0,40,3,8,2,1,36,66,2
1740709,0,1270,0,40,3,9,2,1,47,19,2
1775283,0,1270,0,40,2,3,2,1,23,52,2
1782414,1,1270,1257,33.8572,2,2,2,1,12,51,2
1749426,0,1270,0,40,2,10,2,1,58,46,2
1773665,0,1270,0,40,3,4,2,1,19,63,2
1778512,0,1270,0,40,2,3,2,1,16,36,2
1748185,0,1270,0,40,2,9,2,1,66,57,2
1783512,0,1270,0,40,2,1,2,1,10,29,2
1784364,0,1270,0,40,2,1,2,1,10,51,2
1784643,0,1270,0,40,3,1,2,1,10,35,2
1785097,0,1270,0,40,2,1,2,1,10,63,2
1768230,0,1270,0,40,2,4,2,1,25,14,2
1736180,0,1270,0,40,2,8,2,1,72,41,2
1746864,0,1270,0,40,3,10,2,1,61,83,2
1747855,0,1270,0,40,3,8,2,1,63,34,2
1778039,0,1270,0,40,2,2,2,1,11,55,2
1742457,0,1270,0,40,2,6,2,1,37,51,2
1778453,0,1270,0,40,2,2,2,1,14,35,2
1760137,0,1270,0,40,2,7,2,1,33,43,2
1746867,0,1270,0,40,3,9,2,1,62,32,2
1759776,0,1270,0,40,3,6,2,1,36,70,2
1731871,0,1270,0,40,3,15,2,1,126,17,2
1784326,0,1270,0,40,3,1,2,1,9,54,2
1785130,0,1270,0,40,2,1,2,1,9,56,2
1785447,0,1270,0,40,3,1,2,1,9,61,2
1774144,0,1270,0,40,2,4,2,1,14,37,2
1751686,0,1270,0,40,2,7,2,1,42,33,2
1770912,0,1270,0,40,3,2,2,1,30,131,2
1778384,0,1270,0,40,3,2,2,1,15,59,2
1774425,0,1270,0,40,2,3,2,1,13,30,2
1781672,0,1270,0,40,3,2,2,1,9,20,2
1756668,0,1270,0,40,3,5,2,1,53,31,2
1772872,0,1270,0,40,3,3,2,1,25,43,2
1753967,0,1270,0,40,2,8,2,1,53,63,2
1752276,0,1270,0,40,3,7,2,1,43,71,2
1740714,0,1270,0,40,2,8,2,1,41,70,2
1755109,0,1270,0,40,3,6,2,1,47,35,2
1776066,0,1270,0,40,2,3,2,1,18,67,2
1774980,0,1270,0,40,2,4,2,1,18,26,2
1766221,0,1270,0,40,2,4,2,1,30,59,2
1752161,1,1270,1239,35.4171,2,7,2,1,56,52,2
1758236,0,1270,0,40,2,6,2,1,51,18,2
1744492,0,1270,0,40,2,6,2,1,45,51,2
1761784,0,1270,0,40,2,4,2,1,42,57,2
1770286,0,1270,0,40,2,5,2,1,25,17,2
1773176,0,1270,0,40,3,4,2,1,20,55,2
1759838,0,1270,0,40,2,7,2,1,49,50,2
1775057,0,1270,0,40,2,4,2,1,19,33,2
1692131,0,1270,0,40,3,20,2,1,117,51,2
1776783,0,1270,0,40,2,3,2,1,18,24,2
1777750,0,1270,0,40,2,3,2,1,13,82,2
1785016,0,1270,0,40,3,1,2,1,8,27,2
1785548,0,1270,0,40,3,1,2,1,8,50,2
1785775,0,1270,0,40,3,1,2,1,8,110,2
1786075,0,1270,0,40,2,1,2,1,8,40,2
1756572,0,1270,0,40,3,6,2,1,37,41,2
1742627,0,1270,0,40,3,4,2,1,25,34,2
1688423,0,1270,0,40,3,17,2,1,90,26,2
1776682,0,1270,0,40,2,2,2,1,14,45,2
1746411,0,1270,0,40,2,9,2,1,61,43,2
1761612,0,1270,0,40,3,3,2,1,42,24,2
1767529,0,1270,0,40,2,4,2,1,32,44,2
1747015,0,1270,0,40,3,8,2,1,68,38,2
1779390,1,1270,1251,22.692,3,3,2,1,10,24,2
1741453,0,1270,0,40,2,5,2,1,56,59,2
1757883,0,1270,0,40,3,6,2,1,44,40,2
1742152,0,1270,0,40,3,6,2,1,36,52,2
1768506,0,1270,0,40,3,4,2,1,27,45,2
1742952,0,1270,0,40,3,13,2,1,71,81,2
1754748,0,1270,0,40,3,8,2,1,44,33,2
1783284,0,1270,0,40,3,2,2,1,10,30,2
1768503,0,1270,0,40,2,5,2,1,23,53,2
1738708,0,1270,0,40,3,9,2,1,66,89,2
1784567,0,1270,0,40,3,2,2,1,10,21,2
1782961,0,1270,0,40,3,1,2,1,7,55,2
1785590,0,1270,0,40,2,1,2,1,7,39,2
1785854,0,1270,0,40,2,1,2,1,7,31,2
1786421,0,1270,0,40,2,1,2,1,7,42,2
1786553,0,1270,0,40,2,1,2,1,7,25,2
1786591,0,1270,0,40,3,1,2,1,7,51,2
1786705,0,1270,0,40,3,1,2,1,7,37,2
1770522,0,1270,0,40,2,1,2,1,38,32,2
1741728,0,1270,0,40,2,2,2,1,34,43,2
1772019,0,1270,0,40,3,2,2,1,28,50,2
1757832,0,1270,0,40,3,5,2,1,43,59,2
1778016,0,1270,0,40,3,1,2,1,23,62,2
1754702,0,1270,0,40,2,5,2,1,56,48,2
1748764,0,1270,0,40,3,7,2,1,67,57,2
1763261,0,1270,0,40,3,5,2,1,38,6,2
1762286,0,1270,0,40,3,4,2,1,42,36,2
1778773,0,1270,0,40,2,1,2,1,19,62,2
1758194,0,1270,0,40,2,5,2,1,49,26,2
1780874,0,1270,0,40,2,1,2,1,17,30,2
1746068,0,1270,0,40,3,10,2,1,64,38,2
1755271,0,1270,0,40,3,4,2,1,55,37,2
1756930,0,1270,0,40,2,7,2,1,48,72,2
1738051,0,1270,0,40,2,3,2,1,48,33,2
1766910,0,1270,0,40,3,4,2,1,38,44,2
1782246,0,1270,0,40,2,1,2,1,16,41,2
1775336,0,1270,0,40,2,2,2,1,18,44,2
1769125,0,1270,0,40,3,4,2,1,25,20,2
1773406,0,1270,0,40,2,3,2,1,22,88,2
1782235,0,1270,0,40,3,1,2,1,15,41,2
1777721,0,1270,0,40,3,2,2,1,17,31,2
1765177,0,1270,0,40,3,5,2,1,31,69,2
1743951,0,1270,0,40,3,3,2,1,45,53,2
1776138,0,1270,0,40,2,2,2,1,25,49,2
1779389,0,1270,0,40,3,2,2,1,19,54,2
1782133,0,1270,0,40,2,1,2,1,14,38,2
1783118,0,1270,0,40,3,1,2,1,14,43,2
1758086,0,1270,0,40,2,6,2,1,37,73,2
1759193,0,1270,0,40,3,4,2,1,44,42,2
1779633,0,1270,0,40,3,2,2,1,15,29,2
1771713,0,1270,0,40,2,3,2,1,23,40,2
1775054,0,1270,0,40,3,3,2,1,21,69,2
1779822,0,1270,0,40,2,2,2,1,17,37,2
1766188,0,1270,0,40,3,4,2,1,30,49,2
1774417,0,1270,0,40,2,3,2,1,19,31,2
1776644,0,1270,0,40,3,2,2,1,20,46,2
1764278,0,1270,0,40,3,5,2,1,33,27,2
1763139,0,1270,0,40,3,8,2,1,28,24,2
1783141,0,1270,0,40,2,1,2,1,12,29,2
1773544,1,1270,1253,21.6796,3,3,2,1,19,25,2
1765211,0,1270,0,40,3,5,2,1,34,42,2
1686984,0,1270,0,40,3,20,2,1,136,66,2
1765918,0,1270,0,40,3,6,2,1,24,93,2
1770474,0,1270,0,40,2,4,2,1,22,47,2
1774018,0,1270,0,40,3,5,2,1,21,87,2
1780344,0,1270,0,40,2,3,2,1,14,43,2
1761948,0,1270,0,40,3,7,2,1,27,30,2
1782905,0,1270,0,40,3,1,2,1,11,60,2
1783464,0,1270,0,40,2,1,2,1,11,61,2
1785205,0,1270,0,40,3,1,2,1,11,94,2
1779395,0,1270,0,40,2,2,2,1,14,40,2
1742823,0,1270,0,40,2,4,2,1,46,69,2
1772279,0,1270,0,40,3,3,2,1,23,49,2
1749563,1,1270,1264,31.3027,2,9,2,1,39,41,2
1767655,0,1270,0,40,2,4,2,1,31,55,2
1776268,0,1270,0,40,2,3,2,1,19,55,2
1743492,0,1270,0,40,2,17,2,1,75,31,2
1782577,0,1270,0,40,2,2,2,1,11,37,2
1750265,0,1270,0,40,3,7,2,1,63,27,2
1779586,0,1270,0,40,3,2,2,1,16,44,2
1784470,0,1270,0,40,3,1,2,1,10,60,2
1784710,0,1270,0,40,2,1,2,1,10,15,2
1778066,0,1270,0,40,3,2,2,1,14,14,2
1780083,0,1270,0,40,3,2,2,1,14,42,2
1752055,0,1270,0,40,2,9,2,1,58,27,2
1778964,0,1270,0,40,3,2,2,1,15,19,2
1741849,0,1270,0,40,2,6,2,1,48,34,2
1759828,0,1270,0,40,3,7,2,1,40,55,2
1771047,0,1270,0,40,2,5,2,1,20,51,2
1781618,0,1270,0,40,2,2,2,1,10,36,2
1770645,0,1270,0,40,3,6,2,1,21,15,2
1783121,0,1270,0,40,2,1,2,1,9,75,2
1785504,0,1270,0,40,2,1,2,1,9,63,2
1785636,0,1270,0,40,2,1,2,1,9,46,2
1786265,0,1270,0,40,2,1,2,1,9,98,2
1756939,0,1270,0,40,3,9,2,1,35,35,2
1744364,0,1270,0,40,3,8,2,1,45,68,2
1780397,0,1270,0,40,3,2,2,1,12,32,2
1764035,0,1270,0,40,2,6,2,1,28,25,2
1776288,0,1270,0,40,2,2,2,1,19,11,2
1760064,0,1270,0,40,2,6,2,1,36,74,2
1763190,0,1270,0,40,3,4,2,1,37,77,2
1775215,0,1270,0,40,2,3,2,1,22,40,2
1761450,0,1270,0,40,2,6,2,1,36,32,2
1741396,0,1270,0,40,3,10,2,1,54,63,2
1761841,0,1270,0,40,3,4,2,1,40,71,2
1740605,0,1270,0,40,3,8,2,1,42,89,2
1767213,0,1270,0,40,3,4,2,1,26,72,2
1783024,0,1270,0,40,3,2,2,1,11,78,2
1773143,0,1270,0,40,2,5,2,1,17,14,2
1762023,0,1270,0,40,3,7,2,1,29,18,2
1761590,0,1270,0,40,2,5,2,1,32,69,2
1785550,0,1270,0,40,3,1,2,1,8,46,2
1785662,0,1270,0,40,3,1,2,1,8,61,2
1786126,0,1270,0,40,2,1,2,1,8,17,2
1786423,0,1270,0,40,3,1,2,1,8,89,2
1786779,0,1270,0,40,2,1,2,1,8,41,2
1752906,0,1270,0,40,3,6,2,1,50,45,2
1747743,0,1270,0,40,3,8,2,1,74,19,2
1778678,0,1270,0,40,2,2,2,1,15,28,2
1759819,0,1270,0,40,3,8,2,1,29,37,2
1743859,0,1270,0,40,2,4,2,1,38,53,2
1768969,0,1270,0,40,3,4,2,1,21,49,2
1765585,0,1270,0,40,3,6,2,1,32,64,2
1780872,0,1270,0,40,2,2,2,1,11,78,2
1767440,0,1270,0,40,3,4,2,1,25,49,2
1745011,0,1270,0,40,3,7,2,1,92,51,2
1742285,0,1270,0,40,3,6,2,1,72,74,2
1769583,0,1270,0,40,2,4,2,1,23,38,2
1780568,0,1270,0,40,3,2,2,1,12,52,2
1775432,0,1270,0,40,2,3,2,1,16,49,2
1773682,0,1270,0,40,2,4,2,1,14,12,2
1783911,0,1270,0,40,3,2,2,1,9,28,2
1775295,0,1270,0,40,3,4,2,1,17,33,2
1766973,0,1270,0,40,2,5,2,1,26,42,2
1757748,0,1270,0,40,3,5,2,1,42,60,2
1771034,0,1270,0,40,3,4,2,1,22,48,2
1758154,0,1270,0,40,3,7,2,1,34,57,2
1778065,0,1270,0,40,2,3,2,1,14,63,2
1760982,0,1270,0,40,3,8,2,1,41,45,2
1776059,0,1270,0,40,3,3,2,1,16,41,2
1751081,0,1270,0,40,2,9,2,1,68,59,2
1785706,0,1270,0,40,2,1,2,1,7,52,2
1785860,0,1270,0,40,2,1,2,1,7,25,2
1786152,0,1270,0,40,3,1,2,1,7,41,2
1786344,0,1270,0,40,2,1,2,1,7,43,2
1786516,0,1270,0,40,3,1,2,1,7,35,2
1786953,0,1270,0,40,2,1,2,1,7,39,2
1787051,0,1270,0,40,3,1,2,1,7,57,2
1787129,0,1270,0,40,2,1,2,1,7,27,2
1787319,0,1270,0,40,2,1,2,1,7,73,2
1787443,0,1270,0,40,3,1,2,1,7,62,2
1747000,0,1270,0,40,3,9,2,1,77,15,2
1774594,0,1270,0,40,2,1,2,1,31,40,2
1747236,0,1270,0,40,3,8,2,1,67,33,2
1778761,0,1270,0,40,2,1,2,1,21,60,2
1761458,0,1270,0,40,2,5,2,1,43,60,2
1773213,0,1270,0,40,3,2,2,1,28,32,2
1766235,0,1270,0,40,3,5,2,1,27,31,2
1734330,0,1270,0,40,3,11,2,1,66,51,2
1764975,0,1270,0,40,2,5,2,1,31,68,2
1747228,0,1270,0,40,3,8,2,1,77,47,2
1780712,0,1270,0,40,3,1,2,1,17,75,2
1781934,0,1270,0,40,2,1,2,1,17,22,2
1759600,0,1270,0,40,3,7,2,1,35,55,2
1782724,0,1270,0,40,3,1,2,1,16,48,2
1753567,0,1270,0,40,3,8,2,1,49,68,2
1783837,0,1270,0,40,2,1,2,1,14,57,2
1784033,0,1270,0,40,3,1,2,1,14,26,2
1777674,0,1270,0,40,3,2,2,1,17,16,2
1758378,0,1270,0,40,2,6,2,1,41,29,2
1783998,0,1270,0,40,2,1,2,1,13,68,2
1755804,0,1270,0,40,2,9,2,1,43,54,2
1754187,0,1270,0,40,3,9,2,1,55,46,2
1782510,0,1270,0,40,2,2,2,1,14,24,2
1783696,0,1270,0,40,2,1,2,1,12,46,2
1785077,0,1270,0,40,3,1,2,1,12,77,2
1785185,0,1270,0,40,2,1,2,1,12,45,2
1771433,0,1270,0,40,3,4,2,1,17,39,2
1743875,0,1270,0,40,2,12,2,1,58,44,2
1766885,0,1270,0,40,3,5,2,1,31,73,2
1777620,0,1270,0,40,2,2,2,1,22,33,2
1784742,0,1270,0,40,3,1,2,1,11,16,2
1774304,0,1270,0,40,3,3,2,1,20,11,2
1764769,0,1270,0,40,2,3,2,1,42,35,2
1776751,0,1270,0,40,2,4,2,1,20,55,2
1781253,0,1270,0,40,2,2,2,1,17,60,2
1785925,0,1270,0,40,3,1,2,1,10,29,2
1759002,0,1270,0,40,3,6,2,1,43,78,2
1780762,0,1270,0,40,3,2,2,1,14,29,2
1755446,0,1270,0,40,2,6,2,1,58,35,2
1745593,0,1270,0,40,3,6,2,1,31,43,2
1753019,0,1270,0,40,3,8,2,1,42,49,2
1785918,0,1270,0,40,3,1,2,1,9,12,2
1741996,0,1270,0,40,3,6,2,1,32,76,2
1757362,0,1270,0,40,2,8,2,1,39,83,2
1770552,0,1270,0,40,2,4,2,1,22,55,2
1762667,1,1270,1265,30.584,2,5,2,1,27,54,2
1744269,0,1270,0,40,3,6,2,1,39,44,2
1773896,0,1270,0,40,2,3,2,1,25,63,2
1756879,0,1270,0,40,2,8,2,1,43,46,2
1765656,0,1270,0,40,3,4,2,1,37,33,2
1774486,0,1270,0,40,3,4,2,1,23,72,2
1782013,0,1270,0,40,2,2,2,1,11,42,2
1782098,0,1270,0,40,2,2,2,1,14,27,2
1758692,0,1270,0,40,2,7,2,1,36,29,2
1766728,0,1270,0,40,2,6,2,1,31,67,2
1786812,0,1270,0,40,2,1,2,1,8,37,2
1787213,0,1270,0,40,2,1,2,1,8,64,2
1782162,0,1270,0,40,2,2,2,1,9,17,2
1782761,0,1270,0,40,3,2,2,1,9,17,2
1783327,0,1270,0,40,2,2,2,1,8,35,2
1779957,0,1270,0,40,2,3,2,1,10,42,2
1776296,0,1270,0,40,3,2,2,1,22,53,2
1775080,0,1270,0,40,2,3,2,1,19,40,2
1767662,0,1270,0,40,3,5,2,1,22,50,2
1785155,0,1270,0,40,2,2,2,1,9,33,2
1759410,0,1270,0,40,3,5,2,1,50,78,2
1761842,0,1270,0,40,2,6,2,1,41,30,2
1752951,0,1270,0,40,2,11,2,1,47,34,2
1787004,0,1270,0,40,2,1,2,1,7,17,2
1787543,0,1270,0,40,3,1,2,1,7,53,2
1787595,0,1270,0,40,3,1,2,1,7,49,2
1788093,0,1270,0,40,2,1,2,1,7,78,2
1761547,0,1270,0,40,2,3,2,1,47,53,2
1776973,0,1270,0,40,2,2,2,1,23,54,2
1782777,0,1270,0,40,3,1,2,1,16,13,2
1754084,0,1270,0,40,2,6,2,1,61,73,2
1767564,0,1270,0,40,2,5,2,1,25,47,2
1745264,0,1270,0,40,2,5,2,1,36,39,2
1761407,0,1270,0,40,2,4,2,1,42,31,2
1752238,0,1270,0,40,3,8,2,1,51,72,2
1744103,0,1270,0,40,2,11,2,1,72,21,2
1785020,0,1270,0,40,2,1,2,1,9,35,2
1745606,0,1270,0,40,3,11,2,1,72,32,2
1750184,0,1270,0,40,2,10,2,1,53,57,2
1782400,0,1270,0,40,2,3,2,1,12,23,2
1778441,0,1270,0,40,2,3,2,1,11,43,2
1788506,0,1270,0,40,3,1,2,1,7,30,2
1785394,0,1270,0,40,3,0,2,1,6,59,2
1785474,0,1270,0,40,3,0,2,1,6,29,2
1785602,0,1270,0,40,3,0,2,1,6,36,2
1785730,0,1270,0,40,2,0,2,1,6,29,2
1785944,0,1270,0,40,3,0,2,1,6,12,2
1786072,0,1270,0,40,3,0,2,1,6,42,2
1786402,0,1270,0,40,2,0,2,1,6,49,2
1786498,0,1270,0,40,2,0,2,1,6,38,2
1786530,0,1270,0,40,3,0,2,1,6,30,2
1786562,0,1270,0,40,3,0,2,1,6,52,2
1786594,0,1270,0,40,3,0,2,1,6,29,2
1786626,0,1270,0,40,3,0,2,1,6,69,2
1786714,0,1270,0,40,3,0,2,1,6,71,2
1786746,0,1270,0,40,2,0,2,1,6,100,2
1786810,0,1270,0,40,3,0,2,1,6,35,2
1786906,0,1270,0,40,3,0,2,1,6,50,2
1786946,0,1270,0,40,2,0,2,1,6,21,2
1786962,0,1270,0,40,2,0,2,1,6,50,2
1786978,0,1270,0,40,2,0,2,1,6,58,2
1786994,0,1270,0,40,3,0,2,1,6,35,2
1787042,0,1270,0,40,3,0,2,1,6,44,2
1787058,0,1270,0,40,3,0,2,1,6,33,2
1787170,0,1270,0,40,3,0,2,1,6,48,2
1787202,0,1270,0,40,2,0,2,1,6,80,2
1787218,0,1270,0,40,3,0,2,1,6,45,2
1787234,0,1270,0,40,3,0,2,1,6,38,2
1787250,0,1270,0,40,3,0,2,1,6,33,2
1787314,0,1270,0,40,3,0,2,1,6,21,2
1787362,0,1270,0,40,2,0,2,1,6,33,2
1787394,0,1270,0,40,2,0,2,1,6,83,2
1787458,0,1270,0,40,3,0,2,1,6,76,2
1787490,0,1270,0,40,2,0,2,1,6,53,2
1787548,0,1270,0,40,2,0,2,1,6,45,2
1787572,0,1270,0,40,2,0,2,1,6,32,2
1787580,0,1270,0,40,3,0,2,1,6,28,2
1787604,0,1270,0,40,2,0,2,1,6,25,2
1787636,0,1270,0,40,3,0,2,1,6,13,2
1787660,0,1270,0,40,3,0,2,1,6,49,2
1787716,0,1270,0,40,2,0,2,1,6,27,2
1787748,0,1270,0,40,2,0,2,1,6,57,2
1787764,0,1270,0,40,3,0,2,1,6,21,2
1787780,0,1270,0,40,2,0,2,1,6,63,2
1787796,0,1270,0,40,2,0,2,1,6,46,2
1787804,0,1270,0,40,3,0,2,1,6,39,2
1787820,0,1270,0,40,2,0,2,1,6,72,2
1787828,0,1270,0,40,2,0,2,1,6,58,2
1787844,0,1270,0,40,2,0,2,1,6,48,2
1787852,0,1270,0,40,2,0,2,1,6,48,2
1787860,0,1270,0,40,2,0,2,1,6,48,2
1787900,0,1270,0,40,3,0,2,1,6,75,2
1787932,0,1270,0,40,3,0,2,1,6,15,2
1787948,0,1270,0,40,3,0,2,1,6,50,2
1787964,0,1270,0,40,2,0,2,1,6,76,2
1787996,0,1270,0,40,3,0,2,1,6,92,2
1788004,0,1270,0,40,3,0,2,1,6,21,2
1788012,0,1270,0,40,3,0,2,1,6,64,2
1788036,0,1270,0,40,2,0,2,1,6,28,2
1788080,0,1270,0,40,3,0,2,1,6,19,2
1788104,0,1270,0,40,3,0,2,1,6,33,2
1788112,0,1270,0,40,2,0,2,1,6,11,2
1788120,0,1270,0,40,3,0,2,1,6,35,2
1788143,0,1270,0,40,3,0,2,1,6,57,2
1788155,0,1270,0,40,2,0,2,1,6,43,2
1788167,0,1270,0,40,2,0,2,1,6,50,2
1788191,0,1270,0,40,2,0,2,1,6,41,2
1788203,0,1270,0,40,2,0,2,1,6,41,2
1788207,0,1270,0,40,3,0,2,1,6,34,2
1788219,0,1270,0,40,2,0,2,1,6,60,2
1788231,0,1270,0,40,2,0,2,1,6,40,2
1788235,0,1270,0,40,2,0,2,1,6,54,2
1788247,0,1270,0,40,3,0,2,1,6,38,2
1788251,0,1270,0,40,3,0,2,1,6,46,2
1788263,0,1270,0,40,2,0,2,1,6,105,2
1788267,0,1270,0,40,2,0,2,1,6,40,2
1788275,0,1270,0,40,2,0,2,1,6,32,2
1788283,0,1270,0,40,2,0,2,1,6,38,2
1788299,0,1270,0,40,3,0,2,1,6,67,2
1788303,0,1270,0,40,2,0,2,1,6,56,2
1788323,0,1270,0,40,3,0,2,1,6,28,2
1788331,0,1270,0,40,2,0,2,1,6,27,2
1788335,0,1270,0,40,3,0,2,1,6,22,2
1788363,0,1270,0,40,2,0,2,1,6,31,2
1788375,0,1270,0,40,2,0,2,1,6,22,2
1788395,0,1270,0,40,3,0,2,1,6,32,2
1788403,0,1270,0,40,2,0,2,1,6,44,2
1788407,0,1270,0,40,2,0,2,1,6,54,2
1788419,0,1270,0,40,3,0,2,1,6,82,2
1788435,0,1270,0,40,3,0,2,1,6,15,2
1788439,0,1270,0,40,2,0,2,1,6,40,2
1788447,0,1270,0,40,3,0,2,1,6,38,2
1788451,0,1270,0,40,3,0,2,1,6,56,2
1788459,0,1270,0,40,2,0,2,1,6,52,2
1788467,0,1270,0,40,3,0,2,1,6,104,2
1788471,0,1270,0,40,2,0,2,1,6,69,2
1788479,0,1270,0,40,2,0,2,1,6,49,2
1788483,0,1270,0,40,2,0,2,1,6,49,2
1788491,0,1270,0,40,3,0,2,1,6,16,2
1788507,0,1270,0,40,3,0,2,1,6,59,2
1788515,0,1270,0,40,2,0,2,1,6,57,2
1788523,0,1270,0,40,2,0,2,1,6,66,2
1788539,0,1270,0,40,2,0,2,1,6,32,2
1788543,0,1270,0,40,3,0,2,1,6,35,2
1788547,0,1270,0,40,2,0,2,1,6,63,2
1788555,0,1270,0,40,3,0,2,1,6,40,2
1788559,0,1270,0,40,2,0,2,1,6,56,2
1788567,0,1270,0,40,3,0,2,1,6,43,2
1788575,0,1270,0,40,2,0,2,1,6,35,2
1788591,0,1270,0,40,2,0,2,1,6,26,2
1788595,0,1270,0,40,3,0,2,1,6,33,2
1788599,0,1270,0,40,3,0,2,1,6,49,2
1788611,0,1270,0,40,3,0,2,1,6,62,2
1788619,0,1270,0,40,2,0,2,1,6,29,2
1788631,0,1270,0,40,3,0,2,1,6,59,2
1788635,0,1270,0,40,2,0,2,1,6,72,2
1788639,0,1270,0,40,3,0,2,1,6,88,2
1788651,0,1270,0,40,3,0,2,1,6,61,2
1788655,0,1270,0,40,2,0,2,1,6,54,2
1788659,0,1270,0,40,3,0,2,1,6,48,2
1788675,0,1270,0,40,3,0,2,1,6,39,2
1788679,0,1270,0,40,2,0,2,1,6,21,2
1788691,0,1270,0,40,2,0,2,1,6,49,2
1788699,0,1270,0,40,2,0,2,1,6,40,2
1788703,0,1270,0,40,2,0,2,1,6,17,2
1788707,0,1270,0,40,3,0,2,1,6,36,2
1788711,0,1270,0,40,3,0,2,1,6,49,2
1788719,0,1270,0,40,2,0,2,1,6,22,2
1788727,0,1270,0,40,2,0,2,1,6,35,2
1788740,0,1270,0,40,3,0,2,1,6,44,2
1788754,0,1270,0,40,2,0,2,1,6,23,2
1788756,0,1270,0,40,3,0,2,1,6,43,2
1788760,0,1270,0,40,3,0,2,1,6,50,2
1788762,0,1270,0,40,3,0,2,1,6,70,2
1788764,0,1270,0,40,2,0,2,1,6,42,2
1788766,0,1270,0,40,2,0,2,1,6,24,2
1788772,0,1270,0,40,2,0,2,1,6,42,2
1788774,0,1270,0,40,3,0,2,1,6,52,2
1788782,0,1270,0,40,2,0,2,1,6,41,2
1788786,0,1270,0,40,3,0,2,1,6,32,2
1788788,0,1270,0,40,2,0,2,1,6,42,2
1788790,0,1270,0,40,2,0,2,1,6,24,2
1788800,0,1270,0,40,2,0,2,1,6,47,2
1788806,0,1270,0,40,2,0,2,1,6,29,2
1788810,0,1270,0,40,2,0,2,1,6,64,2
1788816,0,1270,0,40,2,0,2,1,6,10,2
1788822,0,1270,0,40,2,0,2,1,6,29,2
1788826,0,1270,0,40,3,0,2,1,6,50,2
1788828,0,1270,0,40,2,0,2,1,6,96,2
1788830,0,1270,0,40,3,0,2,1,6,30,2
1788832,0,1270,0,40,2,0,2,1,6,47,2
1788838,0,1270,0,40,2,0,2,1,6,36,2
1788842,0,1270,0,40,2,0,2,1,6,34,2
1788846,0,1270,0,40,3,0,2,1,6,58,2
1788852,0,1270,0,40,3,0,2,1,6,33,2
1788856,0,1270,0,40,3,0,2,1,6,27,2
1788858,0,1270,0,40,3,0,2,1,6,26,2
1788860,0,1270,0,40,2,0,2,1,6,37,2
1788862,0,1270,0,40,2,0,2,1,6,88,2
1788864,0,1270,0,40,3,0,2,1,6,45,2
1788868,0,1270,0,40,3,0,2,1,6,21,2
1788874,0,1270,0,40,3,0,2,1,6,42,2
1788878,0,1270,0,40,3,0,2,1,6,55,2
1788880,0,1270,0,40,3,0,2,1,6,53,2
1788882,0,1270,0,40,2,0,2,1,6,51,2
1788884,0,1270,0,40,2,0,2,1,6,60,2
1788886,0,1270,0,40,3,0,2,1,6,36,2
1788894,0,1270,0,40,3,0,2,1,6,53,2
1788896,0,1270,0,40,3,0,2,1,6,44,2
1788902,0,1270,0,40,2,0,2,1,6,83,2
1788904,0,1270,0,40,2,0,2,1,6,37,2
1788906,0,1270,0,40,3,0,2,1,6,31,2
1788908,0,1270,0,40,2,0,2,1,6,60,2
1788914,0,1270,0,40,2,0,2,1,6,15,2
1788918,0,1270,0,40,2,0,2,1,6,53,2
1788924,0,1270,0,40,3,0,2,1,6,34,2
1788926,0,1270,0,40,2,0,2,1,6,21,2
1788930,0,1270,0,40,3,0,2,1,6,45,2
1788932,0,1270,0,40,2,0,2,1,6,42,2
1788942,0,1270,0,40,3,0,2,1,6,45,2
1788944,0,1270,0,40,2,0,2,1,6,52,2
1788952,0,1270,0,40,2,0,2,1,6,71,2
1788958,0,1270,0,40,2,0,2,1,6,79,2
1788964,0,1270,0,40,3,0,2,1,6,73,2
1788970,0,1270,0,40,3,0,2,1,6,69,2
1788974,0,1270,0,40,2,0,2,1,6,31,2
1788978,0,1270,0,40,2,0,2,1,6,52,2
1788980,0,1270,0,40,2,0,2,1,6,35,2
1788982,0,1270,0,40,2,0,2,1,6,38,2
1788988,0,1270,0,40,2,0,2,1,6,54,2
1788992,0,1270,0,40,2,0,2,1,6,57,2
1788998,0,1270,0,40,3,0,2,1,6,35,2
1789004,0,1270,0,40,2,0,2,1,6,44,2
1789008,0,1270,0,40,3,0,2,1,6,43,2
1789012,0,1270,0,40,2,0,2,1,6,23,2
1789014,0,1270,0,40,3,0,2,1,6,27,2
1789016,0,1270,0,40,2,0,2,1,6,35,2
1789020,0,1270,0,40,3,0,2,1,6,28,2
1789026,0,1270,0,40,2,0,2,1,6,27,2
1789028,0,1270,0,40,2,0,2,1,6,45,2
1789030,0,1270,0,40,3,0,2,1,6,50,2
1789038,0,1270,0,40,2,0,2,1,6,42,2
1789040,0,1270,0,40,3,0,2,1,6,69,2
1789042,0,1270,0,40,2,0,2,1,6,34,2
1789046,0,1270,0,40,2,0,2,1,6,86,2
1789052,0,1270,0,40,2,0,2,1,6,49,2
1789056,0,1270,0,40,2,0,2,1,6,23,2
1789066,0,1270,0,40,2,0,2,1,6,44,2
1789070,0,1270,0,40,3,0,2,1,6,43,2
1789072,0,1270,0,40,3,0,2,1,6,32,2
1789076,0,1270,0,40,3,0,2,1,6,20,2
1789078,0,1270,0,40,2,0,2,1,6,32,2
1789082,0,1270,0,40,2,0,2,1,6,66,2
1789086,0,1270,0,40,2,0,2,1,6,26,2
1789090,0,1270,0,40,3,0,2,1,6,16,2
1789094,0,1270,0,40,3,0,2,1,6,80,2
1789102,0,1270,0,40,3,0,2,1,6,66,2
1789108,0,1270,0,40,3,0,2,1,6,39,2
1789116,0,1270,0,40,3,0,2,1,6,21,2
1789120,0,1270,0,40,3,0,2,1,6,40,2
1789124,0,1270,0,40,3,0,2,1,6,24,2
1789126,0,1270,0,40,3,0,2,1,6,39,2
1789128,0,1270,0,40,3,0,2,1,6,50,2
1789132,0,1270,0,40,3,0,2,1,6,49,2
1789134,0,1270,0,40,2,0,2,1,6,22,2
1789136,0,1270,0,40,3,0,2,1,6,47,2
1789138,0,1270,0,40,2,0,2,1,6,66,2
1789140,0,1270,0,40,3,0,2,1,6,41,2
1789142,0,1270,0,40,2,0,2,1,6,44,2
1789148,0,1270,0,40,3,0,2,1,6,55,2
1789150,0,1270,0,40,3,0,2,1,6,68,2
1789152,0,1270,0,40,2,0,2,1,6,35,2
1789158,0,1270,0,40,3,0,2,1,6,30,2
1789162,0,1270,0,40,3,0,2,1,6,18,2
1789166,0,1270,0,40,2,0,2,1,6,23,2
1789172,0,1270,0,40,3,0,2,1,6,30,2
1789178,0,1270,0,40,2,0,2,1,6,28,2
1789180,0,1270,0,40,2,0,2,1,6,39,2
1789186,0,1270,0,40,3,0,2,1,6,55,2
1789188,0,1270,0,40,3,0,2,1,6,36,2
1789190,0,1270,0,40,3,0,2,1,6,44,2
1789192,0,1270,0,40,3,0,2,1,6,64,2
1789196,0,1270,0,40,2,0,2,1,6,53,2
1789202,0,1270,0,40,2,0,2,1,6,30,2
1789206,0,1270,0,40,3,0,2,1,6,95,2
1789214,0,1270,0,40,3,0,2,1,6,90,2
1789216,0,1270,0,40,3,0,2,1,6,35,2
1789218,0,1270,0,40,3,0,2,1,6,33,2
1789230,0,1270,0,40,3,0,2,1,6,75,2
1789234,0,1270,0,40,2,0,2,1,6,13,2
1789238,0,1270,0,40,3,0,2,1,6,64,2
1789240,0,1270,0,40,3,0,2,1,6,23,2
1789242,0,1270,0,40,2,0,2,1,6,53,2
1789246,0,1270,0,40,3,0,2,1,6,60,2
1789252,0,1270,0,40,3,0,2,1,6,61,2
1789256,0,1270,0,40,2,0,2,1,6,71,2
1789262,0,1270,0,40,3,0,2,1,6,47,2
1789270,0,1270,0,40,2,0,2,1,6,46,2
1789274,0,1270,0,40,2,0,2,1,6,31,2
1789278,0,1270,0,40,3,0,2,1,6,37,2
1789282,0,1270,0,40,2,0,2,1,6,43,2
1789288,0,1270,0,40,2,0,2,1,6,18,2
1789292,0,1270,0,40,2,0,2,1,6,26,2
1789294,0,1270,0,40,3,0,2,1,6,53,2
1789300,0,1270,0,40,2,0,2,1,6,48,2
1789306,0,1270,0,40,3,0,2,1,6,49,2
1789322,0,1270,0,40,3,0,2,1,6,8,2
1789324,0,1270,0,40,3,0,2,1,6,33,2
1740781,0,1270,0,40,2,1,2,1,16,17,2
1769743,0,1270,0,40,2,1,2,1,27,48,2
1780481,0,1270,0,40,2,1,2,1,7,22,2
1778286,0,1270,0,40,2,1,2,1,12,44,2
1747028,0,1270,0,40,3,10,2,1,54,52,2
1743699,0,1270,0,40,2,12,2,1,69,28,2
1771778,0,1270,0,40,3,3,2,1,19,91,2
1742023,0,1270,0,40,2,4,2,1,37,29,2
1768419,0,1270,0,40,3,4,2,1,15,46,2
1761316,0,1270,0,40,3,5,2,1,35,23,2
1774806,0,1270,0,40,2,2,2,1,13,13,2
1780793,0,1270,0,40,3,1,2,1,8,32,2
1770284,0,1270,0,40,2,4,2,1,21,67,2
1766690,0,1270,0,40,3,5,2,1,21,63,2
1735992,0,1270,0,40,2,4,2,1,49,30,2
1745900,0,1270,0,40,3,8,2,1,75,32,2
1759942,0,1270,0,40,3,4,2,1,25,21,2
1755825,0,1270,0,40,2,7,2,1,32,66,2
1770383,0,1270,0,40,2,2,2,1,23,27,2
1780472,0,1270,0,40,3,1,2,1,9,59,2
1645621,0,1270,0,40,3,20,2,1,143,20,2
1773696,0,1270,0,40,2,3,2,1,10,78,2
1751941,0,1270,0,40,2,8,2,1,50,44,2
1753507,0,1270,0,40,2,10,2,1,32,81,2
1703910,0,1270,0,40,3,14,2,1,90,57,2
1780772,0,1270,0,40,3,1,2,1,6,66,2
1755169,0,1270,0,40,3,3,2,1,56,70,2
1776902,0,1270,0,40,2,1,2,1,17,20,2
1767489,0,1270,0,40,2,3,2,1,24,68,2
1768573,0,1270,0,40,2,3,2,1,27,72,2
1735455,0,1270,0,40,3,10,2,1,78,10,2
1762835,0,1270,0,40,2,3,2,1,34,60,2
1778549,0,1270,0,40,2,1,2,1,11,57,2
1768913,0,1270,0,40,3,4,2,1,16,57,2
1765134,0,1270,0,40,3,5,2,1,24,38,2
1755241,0,1270,0,40,3,7,2,1,38,71,2
1781307,0,1270,0,40,3,1,2,1,9,104,2
1781204,0,1270,0,40,2,1,2,1,8,25,2
1782072,0,1270,0,40,2,1,2,1,8,18,2
1773438,0,1270,0,40,2,3,2,1,15,32,2
1776980,0,1270,0,40,3,3,2,1,13,41,2
1769503,0,1270,0,40,2,2,2,1,25,91,2
1763518,0,1270,0,40,2,4,2,1,34,61,2
1759305,0,1270,0,40,2,7,2,1,37,103,2
1782972,0,1270,0,40,3,1,2,1,6,54,2
1741285,0,1270,0,40,3,5,2,1,46,28,2
1752807,0,1270,0,40,3,5,2,1,50,38,2
1764945,0,1270,0,40,2,2,2,1,40,38,2
1777017,0,1270,0,40,3,1,2,1,15,75,2
1751916,0,1270,0,40,2,7,2,1,55,40,2
1760304,0,1270,0,40,2,6,2,1,33,54,2
1777323,0,1270,0,40,2,2,2,1,15,25,2
1757170,0,1270,0,40,3,6,2,1,40,71,2
1747794,0,1270,0,40,3,5,2,1,79,20,2
1756923,0,1270,0,40,2,6,2,1,42,44,2
1780403,0,1270,0,40,2,1,2,1,12,41,2
1780276,0,1270,0,40,2,1,2,1,11,37,2
1776611,0,1270,0,40,2,2,2,1,11,33,2
1777768,0,1270,0,40,2,2,2,1,11,59,2
1742563,0,1270,0,40,2,4,2,1,25,44,2
1778478,0,1270,0,40,3,2,2,1,14,28,2
1782056,0,1270,0,40,2,1,2,1,9,37,2
1741616,0,1270,0,40,2,7,2,1,41,38,2
1777866,0,1270,0,40,2,2,2,1,10,62,2
1752693,0,1270,0,40,3,10,2,1,41,54,2
1760414,0,1270,0,40,2,5,2,1,39,64,2
1780476,0,1270,0,40,3,2,2,1,9,80,2
1760471,0,1270,0,40,3,6,2,1,40,44,2
1746538,0,1270,0,40,3,10,2,1,45,30,2
1779520,0,1270,0,40,3,2,2,1,9,53,2
1781250,0,1270,0,40,2,1,2,1,7,47,2
1782928,0,1270,0,40,2,1,2,1,7,96,2
1760263,0,1270,0,40,3,5,2,1,27,38,2
1764833,0,1270,0,40,3,4,2,1,32,40,2
1774282,0,1270,0,40,2,3,2,1,15,39,2
1778755,0,1270,0,40,2,2,2,1,8,33,2
1767182,0,1270,0,40,2,3,2,1,30,63,2
1762195,0,1270,0,40,2,5,2,1,33,86,2
1775501,0,1270,0,40,2,3,2,1,16,52,2
1782073,0,1270,0,40,2,1,2,1,6,45,2
1784021,0,1270,0,40,2,1,2,1,6,26,2
1767521,2,1270,0,40,3,3,2,1,24,96,2
1771910,0,1270,0,40,2,2,2,1,23,40,2
1753969,0,1270,0,40,2,5,2,1,57,37,2
1772596,0,1270,0,40,3,3,2,1,22,21,2
1747443,0,1270,0,40,3,8,2,1,50,51,2
1758825,0,1270,0,40,2,5,2,1,34,66,2
1748012,0,1270,0,40,2,10,2,1,63,51,2
1772891,0,1270,0,40,2,3,2,1,22,50,2
1779529,0,1270,0,40,3,1,2,1,14,33,2
1759745,0,1270,0,40,2,5,2,1,39,19,2
1775214,0,1270,0,40,3,2,2,1,14,28,2
1780247,0,1270,0,40,2,1,2,1,13,43,2
1762455,0,1270,0,40,2,3,2,1,30,30,2
1774470,0,1270,0,40,2,3,2,1,15,44,2
1741759,0,1270,0,40,2,4,2,1,45,13,2
1775960,0,1270,0,40,3,2,2,1,14,26,2
1770721,0,1270,0,40,3,3,2,1,18,62,2
1762587,0,1270,0,40,3,5,2,1,33,41,2
1780794,0,1270,0,40,2,1,2,1,11,34,2
1766134,0,1270,0,40,3,4,2,1,20,55,2
1770584,0,1270,0,40,3,3,2,1,26,26,2
1764634,0,1270,0,40,2,5,2,1,25,36,2
1781368,0,1270,0,40,3,1,2,1,10,97,2
1782028,0,1270,0,40,3,1,2,1,10,21,2
1769038,0,1270,0,40,2,4,2,1,21,16,2
1767646,0,1270,0,40,3,5,2,1,23,20,2
1762819,0,1270,0,40,2,4,2,1,30,53,2
1761858,0,1270,0,40,3,6,2,1,32,24,2
1782023,0,1270,0,40,2,1,2,1,9,32,2
1764645,0,1270,0,40,2,4,2,1,36,16,2
1749316,0,1270,0,40,2,6,2,1,66,41,2
1754170,0,1270,0,40,3,8,2,1,35,60,2
1760678,0,1270,0,40,3,6,2,1,29,16,2
1775451,0,1270,0,40,2,3,2,1,13,42,2
1780778,0,1270,0,40,3,2,2,1,10,62,2
1782936,0,1270,0,40,2,1,2,1,8,36,2
1774988,0,1270,0,40,2,2,2,1,15,68,2
1743617,0,1270,0,40,2,4,2,1,41,35,2
1737753,0,1270,0,40,3,7,2,1,35,30,2
1757056,0,1270,0,40,2,9,2,1,34,36,2
1778561,0,1270,0,40,2,2,2,1,11,108,2
1764337,0,1270,0,40,3,4,2,1,31,47,2
1706665,0,1270,0,40,2,11,2,1,93,59,2
1783697,0,1270,0,40,2,1,2,1,7,33,2
1774731,0,1270,0,40,2,2,2,1,13,38,2
1777610,0,1270,0,40,3,2,2,1,8,31,2
1770895,0,1270,0,40,2,3,2,1,18,57,2
1754944,0,1270,0,40,3,7,2,1,43,56,2
1775671,0,1270,0,40,3,2,2,1,18,25,2
1767840,0,1270,0,40,3,3,2,1,30,102,2
1759404,0,1270,0,40,2,6,2,1,25,37,2
1755362,0,1270,0,40,2,6,2,1,50,70,2
1754509,0,1270,0,40,2,8,2,1,46,37,2
1783197,0,1270,0,40,3,1,2,1,6,75,2
1783938,0,1270,0,40,3,1,2,1,6,70,2
1784603,0,1270,0,40,3,1,2,1,6,47,2
1758096,0,1270,0,40,2,5,2,1,42,23,2
1772771,0,1270,0,40,3,1,2,1,28,52,2
1768800,0,1270,0,40,3,2,2,1,30,43,2
1743014,0,1270,0,40,3,4,2,1,41,20,2
1751168,0,1270,0,40,2,7,2,1,55,35,2
1758417,0,1270,0,40,3,4,2,1,47,27,2
1764774,0,1270,0,40,2,5,2,1,31,56,2
1744943,0,1270,0,40,3,4,2,1,40,26,2
1773735,0,1270,0,40,3,2,2,1,22,34,2
1777185,0,1270,0,40,2,1,2,1,16,32,2
1745613,0,1270,0,40,3,12,2,1,50,45,2
1754125,0,1270,0,40,3,4,2,1,56,24,2
1759701,0,1270,0,40,2,8,2,1,39,40,2
1772993,0,1270,0,40,3,2,2,1,25,35,2
1769723,0,1270,0,40,3,3,2,1,27,33,2
1779743,0,1270,0,40,2,1,2,1,15,47,2
1754585,0,1270,0,40,3,7,2,1,47,54,2
1761990,0,1270,0,40,2,5,2,1,29,37,2
1767873,0,1270,0,40,2,3,2,1,22,62,2
1774352,0,1270,0,40,2,2,2,1,19,48,2
1761898,0,1270,0,40,2,5,2,1,33,42,2
1757205,0,1270,0,40,3,7,2,1,38,41,2
1717382,0,1270,0,40,3,15,2,1,90,31,2
1779758,0,1270,0,40,2,1,2,1,13,29,2
1780545,0,1270,0,40,2,1,2,1,13,21,2
1770627,0,1270,0,40,3,2,2,1,14,44,2
1776038,0,1270,0,40,3,2,2,1,16,39,2
1773976,0,1270,0,40,3,3,2,1,19,31,2
1733325,0,1270,0,40,3,12,2,1,80,35,2
1781487,0,1270,0,40,3,1,2,1,12,98,2
1774526,0,1270,0,40,2,2,2,1,17,93,2
1762932,0,1270,0,40,2,5,2,1,33,90,2
1753728,0,1270,0,40,2,6,2,1,50,36,2
1747281,0,1270,0,40,3,6,2,1,79,46,2
1778723,0,1270,0,40,3,2,2,1,14,45,2
1745721,0,1270,0,40,3,6,2,1,30,45,2
1781998,0,1270,0,40,2,1,2,1,11,63,2
1782284,0,1270,0,40,3,1,2,1,11,30,2
1776017,0,1270,0,40,2,2,2,1,13,61,2
1773985,0,1270,0,40,3,2,2,1,18,62,2
1778239,0,1270,0,40,2,2,2,1,11,46,2
1764231,0,1270,0,40,3,5,2,1,33,79,2
1779610,0,1270,0,40,2,1,2,1,10,43,2
1742391,0,1270,0,40,3,6,2,1,50,66,2
1753933,0,1270,0,40,2,7,2,1,48,51,2
1773245,0,1270,0,40,2,2,2,1,23,50,2
1761513,0,1270,0,40,3,6,2,1,31,43,2
1764297,0,1270,0,40,2,6,2,1,31,45,2
1747994,0,1270,0,40,3,9,2,1,64,62,2
1774708,0,1270,0,40,2,3,2,1,18,49,2
1774092,0,1270,0,40,2,3,2,1,16,51,2
1768978,0,1270,0,40,2,3,2,1,26,49,2
1737947,0,1270,0,40,2,5,2,1,35,37,2
1752562,0,1270,0,40,2,8,2,1,44,60,2
1770504,0,1270,0,40,2,3,2,1,23,34,2
1767936,0,1270,0,40,3,6,2,1,24,53,2
1757562,0,1270,0,40,2,6,2,1,30,19,2
1764553,0,1270,0,40,2,3,2,1,38,27,2
1753878,0,1270,0,40,2,6,2,1,52,39,2
1774008,0,1270,0,40,2,3,2,1,15,51,2
1777878,0,1270,0,40,2,3,2,1,13,51,2
1775594,0,1270,0,40,3,2,2,1,20,38,2
1766653,0,1270,0,40,3,4,2,1,31,85,2
1782567,0,1270,0,40,2,1,2,1,8,50,2
1782919,0,1270,0,40,3,1,2,1,8,25,2
1756232,0,1270,0,40,2,7,2,1,44,36,2
1756948,0,1270,0,40,2,6,2,1,40,29,2
1741724,0,1270,0,40,3,3,2,1,24,25,2
1773150,0,1270,0,40,3,4,2,1,12,45,2
1727249,0,1270,0,40,3,9,2,1,88,57,2
1778758,0,1270,0,40,2,2,2,1,12,33,2
1730945,0,1270,0,40,2,15,2,1,84,33,2
1746849,0,1270,0,40,2,8,2,1,72,44,2
1740562,0,1270,0,40,2,8,2,1,54,43,2
1761865,0,1270,0,40,3,8,2,1,22,68,2
1748715,0,1270,0,40,2,8,2,1,56,48,2
1779230,0,1270,0,40,2,2,2,1,12,73,2
1748213,0,1270,0,40,2,10,2,1,54,52,2
1761465,0,1270,0,40,3,7,2,1,28,30,2
1762237,0,1270,0,40,2,6,2,1,37,62,2
1759255,0,1270,0,40,2,8,2,1,31,68,2
1783714,0,1270,0,40,2,1,2,1,7,29,2
1783974,0,1270,0,40,3,1,2,1,7,34,2
1784157,0,1270,0,40,3,1,2,1,7,41,2
1784421,0,1270,0,40,3,1,2,1,7,39,2
1776364,0,1270,0,40,3,2,2,1,7,43,2
1763331,0,1270,0,40,3,5,2,1,24,35,2
1767006,0,1270,0,40,3,4,2,1,24,56,2
1749770,0,1270,0,40,2,10,2,1,50,47,2
1762802,0,1270,0,40,3,6,2,1,23,39,2
1772804,0,1270,0,40,3,3,2,1,14,10,2
1780715,0,1270,0,40,3,2,2,1,7,42,2
1779954,0,1270,0,40,3,2,2,1,7,72,2
1752151,0,1270,0,40,2,10,2,1,44,86,2
1766620,0,1270,0,40,3,5,2,1,27,33,2
1754185,0,1270,0,40,2,8,2,1,35,11,2
1779566,0,1270,0,40,3,2,2,1,10,48,2
1772243,0,1270,0,40,2,4,2,1,15,41,2
1740115,0,1270,0,40,3,7,2,1,45,24,2
1773934,0,1270,0,40,2,4,2,1,14,45,2
1740145,0,1270,0,40,2,6,2,1,41,55,2
1743468,0,1270,0,40,3,6,2,1,47,59,2
1784112,0,1270,0,40,2,1,2,1,6,69,2
1785127,0,1270,0,40,2,1,2,1,6,42,2
1741149,0,1270,0,40,3,1,2,1,11,59,2
1755795,0,1270,0,40,2,6,2,1,49,53,2
1740011,0,1270,0,40,3,9,2,1,57,84,2
1747164,0,1270,0,40,3,9,2,1,73,22,2
1769968,0,1270,0,40,3,2,2,1,31,29,2
1755498,0,1270,0,40,3,5,2,1,46,50,2
1743869,0,1270,0,40,2,4,2,1,32,53,2
1773702,0,1270,0,40,3,2,2,1,23,30,2
1741592,0,1270,0,40,3,7,2,1,53,18,2
1772216,0,1270,0,40,2,2,2,1,25,21,2
1772592,0,1270,0,40,2,3,2,1,22,25,2
1752004,0,1270,0,40,3,7,2,1,54,40,2
1778458,0,1270,0,40,3,1,2,1,18,19,2
1772241,0,1270,0,40,2,2,2,1,24,73,2
1778675,0,1270,0,40,2,1,2,1,17,82,2
1769082,0,1270,0,40,2,3,2,1,25,57,2
1741873,0,1270,0,40,2,7,2,1,41,36,2
1751018,0,1270,0,40,3,7,2,1,47,15,2
1759464,0,1270,0,40,3,5,2,1,42,67,2
1775712,0,1270,0,40,3,2,2,1,16,15,2
1756074,0,1270,0,40,3,5,2,1,46,34,2
1767490,0,1270,0,40,2,4,2,1,25,36,2
1760701,0,1270,0,40,3,4,2,1,42,44,2
1743984,0,1270,0,40,3,3,2,1,36,54,2
1765941,0,1270,0,40,3,3,2,1,36,36,2
1780471,0,1270,0,40,2,1,2,1,15,47,2
1757383,0,1270,0,40,2,6,2,1,30,14,2
1777644,0,1270,0,40,2,2,2,1,16,24,2
1739670,0,1270,0,40,3,9,2,1,51,24,2
1769520,0,1270,0,40,3,3,2,1,31,50,2
1780320,0,1270,0,40,2,1,2,1,14,49,2
1768082,0,1270,0,40,2,2,2,1,32,42,2
1759979,0,1270,0,40,2,8,2,1,36,56,2
1749843,0,1270,0,40,3,11,2,1,46,38,2
1774364,0,1270,0,40,3,3,2,1,19,24,2
1766779,0,1270,0,40,3,4,2,1,25,51,2
1777116,0,1270,0,40,2,2,2,1,18,33,2
1753120,0,1270,0,40,3,7,2,1,46,86,2
1781203,0,1270,0,40,3,1,2,1,13,43,2
1781483,0,1270,0,40,2,1,2,1,13,26,2
1756483,0,1270,0,40,2,7,2,1,39,34,2
1773471,0,1270,0,40,2,3,2,1,20,24,2
1766202,0,1270,0,40,3,4,2,1,27,46,2
1760919,0,1270,0,40,2,5,2,1,37,31,2
1763180,0,1270,0,40,3,6,2,1,30,35,2
1779510,0,1270,0,40,3,2,2,1,14,48,2
1780576,1,1270,1261,21.8625,3,1,2,1,12,83,2
1781660,0,1270,0,40,3,1,2,1,12,14,2
1775173,0,1270,0,40,3,2,2,1,14,23,2
1751133,0,1270,0,40,2,9,2,1,52,10,2
1751139,0,1270,0,40,2,7,2,1,51,72,2
1772090,0,1270,0,40,2,4,2,1,21,26,2
1779237,0,1270,0,40,2,2,2,1,12,68,2
1755403,0,1270,0,40,3,7,2,1,40,68,2
1763971,0,1270,0,40,3,5,2,1,32,30,2
1778127,0,1270,0,40,2,2,2,1,13,27,2
1747696,0,1270,0,40,2,10,2,1,63,58,2
1781967,0,1270,0,40,3,1,2,1,11,62,2
1782312,0,1270,0,40,2,1,2,1,11,27,2
1782548,0,1270,0,40,3,1,2,1,11,39,2
1782680,0,1270,0,40,3,1,2,1,11,44,2
1777196,0,1270,0,40,2,2,2,1,11,31,2
1771498,0,1270,0,40,3,4,2,1,15,27,2
1710258,0,1270,0,40,3,22,2,1,78,46,2
1773542,0,1270,0,40,2,3,2,1,17,17,2
1742185,0,1270,0,40,3,7,2,1,48,16,2
1767070,0,1270,0,40,2,4,2,1,29,54,2
1779639,0,1270,0,40,3,2,2,1,13,43,2
1761619,0,1270,0,40,2,7,2,1,27,27,2
1772166,0,1270,0,40,2,3,2,1,20,68,2
1722453,0,1270,0,40,3,10,2,1,78,50,2
1765715,0,1270,0,40,3,4,2,1,20,81,2
1741303,0,1270,0,40,2,5,2,1,19,47,2
1749132,0,1270,0,40,3,8,2,1,62,38,2
1773622,0,1270,0,40,3,3,2,1,18,26,2
1771576,0,1270,0,40,2,4,2,1,20,49,2
1755803,0,1270,0,40,3,7,2,1,51,91,2
1773217,0,1270,0,40,2,2,2,1,26,37,2
1777153,0,1270,0,40,2,2,2,1,15,25,2
1767522,0,1270,0,40,2,3,2,1,33,41,2
1783195,0,1270,0,40,2,1,2,1,9,29,2
1783335,0,1270,0,40,3,1,2,1,9,32,2
1764537,0,1270,0,40,3,4,2,1,22,54,2
1772151,0,1270,0,40,2,2,2,1,21,48,2
1761493,0,1270,0,40,2,6,2,1,24,25,2
1775914,0,1270,0,40,2,3,2,1,15,75,2
1775575,0,1270,0,40,3,3,2,1,13,36,2
1763873,0,1270,0,40,3,6,2,1,28,43,2
1778609,0,1270,0,40,3,2,2,1,12,49,2
1738880,0,1270,0,40,2,9,2,1,75,84,2
1753798,0,1270,0,40,3,6,2,1,54,40,2
1770032,0,1270,0,40,3,5,2,1,22,27,2
1749823,0,1270,0,40,3,6,2,1,57,52,2
1782323,0,1270,0,40,2,1,2,1,8,50,2
1783173,0,1270,0,40,2,1,2,1,8,34,2
1783630,0,1270,0,40,2,1,2,1,8,61,2
1783818,0,1270,0,40,3,1,2,1,8,39,2
1784189,0,1270,0,40,3,1,2,1,8,17,2
1784279,0,1270,0,40,3,1,2,1,8,19,2
1777063,0,1270,0,40,2,2,2,1,13,37,2
1743017,0,1270,0,40,2,9,2,1,76,41,2
1775667,0,1270,0,40,3,3,2,1,13,45,2
1764582,0,1270,0,40,2,6,2,1,23,83,2
1756908,0,1270,0,40,2,9,2,1,34,28,2
1740617,0,1270,0,40,2,9,2,1,49,21,2
1773721,0,1270,0,40,3,2,2,1,16,57,2
1778679,0,1270,0,40,2,2,2,1,12,55,2
1764499,0,1270,0,40,2,5,2,1,30,20,2
1745032,0,1270,0,40,3,8,2,1,38,19,2
1740827,0,1270,0,40,2,7,2,1,48,36,2
1765275,0,1270,0,40,3,5,2,1,28,42,2
1747573,0,1270,0,40,3,11,2,1,58,61,2
1765769,0,1270,0,40,3,6,2,1,26,35,2
1696668,0,1270,0,40,3,15,2,1,118,48,2
1766297,0,1270,0,40,2,5,2,1,21,54,2
1780038,0,1270,0,40,3,2,2,1,12,51,2
1761409,0,1270,0,40,2,6,2,1,44,51,2
1756882,0,1270,0,40,3,7,2,1,36,29,2
1770319,0,1270,0,40,3,4,2,1,20,18,2
1782049,0,1270,0,40,3,1,2,1,7,99,2
1783648,0,1270,0,40,3,1,2,1,7,103,2
1784040,0,1270,0,40,3,1,2,1,7,30,2
1784544,0,1270,0,40,3,1,2,1,7,42,2
1784815,0,1270,0,40,3,1,2,1,7,11,2
1784875,0,1270,0,40,2,1,2,1,7,18,2
1785091,0,1270,0,40,2,1,2,1,7,24,2
1785213,0,1270,0,40,3,1,2,1,7,31,2
1777526,0,1270,0,40,2,2,2,1,8,26,2
1746842,0,1270,0,40,3,10,2,1,58,37,2
1774640,0,1270,0,40,2,4,2,1,13,62,2
1779875,0,1270,0,40,2,2,2,1,9,51,2
1772242,0,1270,0,40,3,2,2,1,24,73,2
1757895,0,1270,0,40,2,8,2,1,32,35,2
1778946,0,1270,0,40,2,2,2,1,10,39,2
1760790,0,1270,0,40,2,5,2,1,36,116,2
1770418,0,1270,0,40,2,3,2,1,22,48,2
1753391,0,1270,0,40,3,11,2,1,39,64,2
1768761,0,1270,0,40,3,3,2,1,30,33,2
1765391,0,1270,0,40,3,4,2,1,34,55,2
1741363,0,1270,0,40,2,8,2,1,43,46,2
1742462,0,1270,0,40,2,4,2,1,23,38,2
1767746,0,1270,0,40,3,4,2,1,27,25,2
1772585,0,1270,0,40,3,4,2,1,15,58,2
1782429,0,1270,0,40,3,2,2,1,7,32,2
1742080,0,1270,0,40,2,3,2,1,22,22,2
1763590,0,1270,0,40,3,6,2,1,32,29,2
1782481,0,1270,0,40,2,2,2,1,8,30,2
1781665,0,1270,0,40,2,2,2,1,12,36,2
1782331,0,1270,0,40,2,1,2,1,6,55,2
1783860,0,1270,0,40,3,1,2,1,6,46,2
1784854,0,1270,0,40,3,1,2,1,6,30,2
1784974,0,1270,0,40,2,1,2,1,6,58,2
1785437,0,1270,0,40,3,1,2,1,6,20,2
1785469,0,1270,0,40,2,1,2,1,6,53,2
1785595,0,1270,0,40,2,1,2,1,6,42,2
1765650,0,1270,0,40,3,1,2,1,40,40,2
1749720,0,1270,0,40,3,6,2,1,66,37,2
1770278,0,1270,0,40,2,2,2,1,32,64,2
1747491,0,1270,0,40,3,9,2,1,69,29,2
1774242,0,1270,0,40,3,1,2,1,27,22,2
1768770,0,1270,0,40,3,2,2,1,30,87,2
1730035,0,1270,0,40,3,13,2,1,90,46,2
1770527,0,1270,0,40,3,2,2,1,27,90,2
1762280,0,1270,0,40,2,5,2,1,34,71,2
1744711,0,1270,0,40,2,3,2,1,25,23,2
1753328,0,1270,0,40,2,5,2,1,49,38,2
1756519,0,1270,0,40,3,5,2,1,56,94,2
1778360,0,1270,0,40,3,1,2,1,19,28,2
1744590,0,1270,0,40,2,9,2,1,84,56,2
1762550,0,1270,0,40,3,5,2,1,45,40,2
1772666,0,1270,0,40,2,2,2,1,20,82,2
1778171,0,1270,0,40,3,1,2,1,18,56,2
1742087,0,1270,0,40,2,7,2,1,46,43,2
1742980,0,1270,0,40,2,4,2,1,54,56,2
1776791,0,1270,0,40,2,2,2,1,20,59,2
1777368,0,1270,0,40,3,1,2,1,17,41,2
1740147,0,1270,0,40,3,5,2,1,74,45,2
1747921,0,1270,0,40,2,8,2,1,63,44,2
1758758,0,1270,0,40,3,6,2,1,43,35,2
1756338,0,1270,0,40,2,6,2,1,47,31,2
1780447,0,1270,0,40,2,1,2,1,16,30,2
1725297,0,1270,0,40,3,6,2,1,61,44,2
1752595,0,1270,0,40,2,8,2,1,46,68,2
1767593,0,1270,0,40,2,4,2,1,26,16,2
1745896,0,1270,0,40,2,10,2,1,74,30,2
1771869,0,1270,0,40,3,3,2,1,25,75,2
1741915,0,1270,0,40,2,7,2,1,50,38,2
1765742,0,1270,0,40,2,4,2,1,33,56,2
1770853,0,1270,0,40,2,3,2,1,31,50,2
1771293,0,1270,0,40,3,2,2,1,22,26,2
1774235,0,1270,0,40,3,3,2,1,18,46,2
1770601,0,1270,0,40,2,4,2,1,24,71,2
1765075,0,1270,0,40,3,4,2,1,26,34,2
1767524,0,1270,0,40,2,4,2,1,22,54,2
1757903,0,1270,0,40,2,5,2,1,50,44,2
1776428,0,1270,0,40,3,2,2,1,20,54,2
1775936,0,1270,0,40,3,3,2,1,18,50,2
1771407,0,1270,0,40,3,3,2,1,29,86,2
1781389,0,1270,0,40,2,1,2,1,14,22,2
1766136,0,1270,0,40,3,4,2,1,27,48,2
1741583,0,1270,0,40,2,13,2,1,63,54,2
1707687,0,1270,0,40,3,17,2,1,90,20,2
1752748,0,1270,0,40,3,5,2,1,57,69,2
1744219,0,1270,0,40,2,6,2,1,42,17,2
1777437,0,1270,0,40,3,3,2,1,15,69,2
1750485,0,1270,0,40,3,7,2,1,60,88,2
1780664,0,1270,0,40,3,1,2,1,13,49,2
1781768,0,1270,0,40,2,1,2,1,13,57,2
1782048,0,1270,0,40,2,1,2,1,13,39,2
1772455,0,1270,0,40,3,3,2,1,16,50,2
1742881,0,1270,0,40,3,3,2,1,26,72,2
1774229,0,1270,0,40,2,2,2,1,20,42,2
1753704,0,1270,0,40,3,5,2,1,59,48,2
1749967,0,1270,0,40,3,9,2,1,55,57,2
1767498,0,1270,0,40,2,4,2,1,29,45,2
1772895,0,1270,0,40,2,3,2,1,24,44,2
1743969,0,1270,0,40,3,12,2,1,86,35,2
1756354,0,1270,0,40,3,8,2,1,38,44,2
1748418,0,1270,0,40,2,9,2,1,62,40,2
1755299,0,1270,0,40,3,6,2,1,56,20,2
1780474,0,1270,0,40,3,1,2,1,12,91,2
1752908,0,1270,0,40,3,9,2,1,44,76,2
1772842,0,1270,0,40,2,2,2,1,21,56,2
1775963,0,1270,0,40,3,2,2,1,17,41,2
1743540,0,1270,0,40,2,4,2,1,24,29,2
1778137,0,1270,0,40,3,2,2,1,14,110,2
1766225,0,1270,0,40,2,5,2,1,28,58,2
1739803,0,1270,0,40,3,5,2,1,34,14,2
1769366,0,1270,0,40,3,5,2,1,22,27,2
1752949,0,1270,0,40,3,8,2,1,46,26,2
1777600,0,1270,0,40,3,3,2,1,17,50,2
1767113,0,1270,0,40,3,6,2,1,25,23,2
1781997,0,1270,0,40,3,1,2,1,11,53,2
1783082,0,1270,0,40,2,1,2,1,11,42,2
1783278,0,1270,0,40,2,1,2,1,11,40,2
1783384,0,1270,0,40,3,1,2,1,11,60,2
1757808,0,1270,0,40,2,6,2,1,33,33,2
1772350,0,1270,0,40,3,4,2,1,14,25,2
1766103,0,1270,0,40,2,4,2,1,26,53,2
1754861,0,1270,0,40,3,6,2,1,45,42,2
1755004,0,1270,0,40,2,7,2,1,41,35,2
1773319,0,1270,0,40,2,4,2,1,18,35,2
1757268,0,1270,0,40,3,6,2,1,42,55,2
1774094,0,1270,0,40,2,3,2,1,17,76,2
1714768,0,1270,0,40,3,13,2,1,84,12,2
1776093,0,1270,0,40,2,3,2,1,17,41,2
1779347,0,1270,0,40,3,2,2,1,15,25,2
1774079,0,1270,0,40,2,3,2,1,19,62,2
1778760,0,1270,0,40,3,2,2,1,17,43,2
1780552,0,1270,0,40,3,2,2,1,11,59,2
1782262,0,1270,0,40,3,2,2,1,12,19,2
1783031,0,1270,0,40,3,1,2,1,10,20,2
1783549,0,1270,0,40,3,1,2,1,10,46,2
1783931,0,1270,0,40,2,1,2,1,10,114,2
1784031,0,1270,0,40,2,1,2,1,10,34,2
1768029,0,1270,0,40,2,4,2,1,20,73,2
1769668,0,1270,0,40,2,2,2,1,29,53,2
1767271,0,1270,0,40,2,4,2,1,26,40,2
1765429,0,1270,0,40,3,6,2,1,23,32,2
1741851,0,1270,0,40,2,6,2,1,39,19,2
1777149,0,1270,0,40,2,3,2,1,11,67,2
1772383,0,1270,0,40,2,3,2,1,19,23,2
1767728,0,1270,0,40,3,5,2,1,17,20,2
1752867,0,1270,0,40,2,6,2,1,53,12,2
1769892,0,1270,0,40,2,2,2,1,32,57,2
1746464,0,1270,0,40,3,11,2,1,79,37,2
1768416,0,1270,0,40,2,5,2,1,18,37,2
1751079,0,1270,0,40,2,10,2,1,49,77,2
1774925,0,1270,0,40,3,4,2,1,15,22,2
1783530,0,1270,0,40,2,1,2,1,9,29,2
1784105,0,1270,0,40,2,1,2,1,9,31,2
1784503,0,1270,0,40,2,1,2,1,9,96,2
1736856,0,1270,0,40,3,8,2,1,69,18,2
1769595,0,1270,0,40,3,6,2,1,19,35,2
1759896,0,1270,0,40,2,7,2,1,30,23,2
1779983,0,1270,0,40,3,2,2,1,10,18,2
1770682,0,1270,0,40,2,3,2,1,22,87,2
1778412,0,1270,0,40,2,2,2,1,13,23,2
1768922,0,1270,0,40,3,4,2,1,23,35,2
1758285,0,1270,0,40,2,8,2,1,30,60,2
1761580,0,1270,0,40,2,7,2,1,26,34,2
1780304,0,1270,0,40,2,2,2,1,11,42,2
1754851,0,1270,0,40,3,6,2,1,57,51,2
1771386,0,1270,0,40,3,4,2,1,21,51,2
1780089,0,1270,0,40,2,2,2,1,13,37,2
1774728,0,1270,0,40,3,4,2,1,16,30,2
1773062,0,1270,0,40,3,3,2,1,24,67,2
1750457,0,1270,0,40,3,9,2,1,50,32,2
1759046,0,1270,0,40,3,5,2,1,47,19,2
1738423,0,1270,0,40,3,10,2,1,55,29,2
1748079,0,1270,0,40,2,7,2,1,70,28,2
1783305,0,1270,0,40,2,1,2,1,8,37,2
1784128,0,1270,0,40,2,1,2,1,8,55,2
1784995,0,1270,0,40,3,1,2,1,8,88,2
1749091,0,1270,0,40,2,8,2,1,48,44,2
1772828,0,1270,0,40,3,3,2,1,17,78,2
1752730,0,1270,0,40,2,8,2,1,37,20,2
1771377,0,1270,0,40,3,3,2,1,17,59,2
1778586,0,1270,0,40,3,2,2,1,13,84,2
1763265,0,1270,0,40,2,6,2,1,31,45,2
1774250,0,1270,0,40,2,3,2,1,16,67,2
1753709,0,1270,0,40,3,7,2,1,43,46,2
1760178,0,1270,0,40,3,6,2,1,42,43,2
1775892,0,1270,0,40,2,4,2,1,11,43,2
1774505,0,1270,0,40,2,2,2,1,22,30,2
1769066,0,1270,0,40,2,4,2,1,19,28,2
1758304,0,1270,0,40,3,6,2,1,40,14,2
1759899,0,1270,0,40,2,4,2,1,43,39,2
1772368,0,1270,0,40,2,4,2,1,20,62,2
1780202,0,1270,0,40,3,2,2,1,9,36,2
1774758,0,1270,0,40,2,2,2,1,24,55,2
1779575,0,1270,0,40,2,2,2,1,15,43,2
1773666,0,1270,0,40,2,4,2,1,20,45,2
1771777,0,1270,0,40,3,5,2,1,22,52,2
1750629,0,1270,0,40,3,10,2,1,41,31,2
1755715,0,1270,0,40,2,9,2,1,50,40,2
1783500,0,1270,0,40,3,1,2,1,7,32,2
1784750,0,1270,0,40,3,1,2,1,7,23,2
1784998,0,1270,0,40,2,1,2,1,7,55,2
1785367,0,1270,0,40,3,1,2,1,7,25,2
1785711,0,1270,0,40,3,1,2,1,7,35,2
1732138,0,1270,0,40,2,9,2,1,34,30,2
1766701,0,1270,0,40,3,3,2,1,28,30,2
1738996,0,1270,0,40,2,8,2,1,43,35,2
1750691,0,1270,0,40,3,6,2,1,59,84,2
1741931,0,1270,0,40,2,7,2,1,45,52,2
1765877,0,1270,0,40,3,5,2,1,20,32,2
1778655,0,1270,0,40,3,2,2,1,12,19,2
1772619,0,1270,0,40,2,4,2,1,12,18,2
1778904,0,1270,0,40,2,3,2,1,9,64,2
1781956,0,1270,0,40,3,2,2,1,7,21,2
1768757,0,1270,0,40,3,4,2,1,26,41,2
1761192,0,1270,0,40,3,6,2,1,30,9,2
1780246,0,1270,0,40,2,2,2,1,9,31,2
1743053,0,1270,0,40,3,7,2,1,54,31,2
1755268,0,1270,0,40,2,7,2,1,34,48,2
1777764,0,1270,0,40,2,3,2,1,15,41,2
1765616,0,1270,0,40,2,7,2,1,28,107,2
1734961,0,1270,0,40,2,10,2,1,63,24,2
1777634,0,1270,0,40,3,2,2,1,14,45,2
1749929,0,1270,0,40,3,11,2,1,50,64,2
1741306,0,1270,0,40,2,6,2,1,33,65,2
1781339,0,1270,0,40,2,3,2,1,10,100,2
1751028,0,1270,0,40,2,10,2,1,53,42,2
1774194,0,1270,0,40,2,4,2,1,16,12,2
1772214,0,1270,0,40,3,4,2,1,22,47,2
1783798,0,1270,0,40,3,2,2,1,7,54,2
1773349,0,1270,0,40,2,3,2,1,20,65,2
1763944,0,1270,0,40,2,6,2,1,27,58,2
1784234,0,1270,0,40,3,1,2,1,6,47,2
1785428,0,1270,0,40,2,1,2,1,6,86,2
1785540,0,1270,0,40,3,1,2,1,6,37,2
1785953,0,1270,0,40,3,1,2,1,6,36,2
1786033,0,1270,0,40,3,1,2,1,6,51,2
1786243,0,1270,0,40,2,1,2,1,6,83,2
1786337,0,1270,0,40,3,1,2,1,6,31,2
1756641,0,1270,0,40,3,3,2,1,52,65,2
1760833,0,1270,0,40,2,2,2,1,51,78,2
1749096,0,1270,0,40,3,6,2,1,74,46,2
1756990,0,1270,0,40,3,7,2,1,50,30,2
1775499,0,1270,0,40,3,1,2,1,26,58,2
1772081,0,1270,0,40,2,2,2,1,30,30,2
1762330,0,1270,0,40,3,4,2,1,34,25,2
1765755,0,1270,0,40,3,3,2,1,41,35,2
1772796,0,1270,0,40,3,2,2,1,24,16,2
1772399,0,1270,0,40,3,2,2,1,28,47,2
1777515,0,1270,0,40,3,1,2,1,22,44,2
1773188,0,1270,0,40,2,2,2,1,29,51,2
1771939,0,1270,0,40,2,2,2,1,25,23,2
1764652,0,1270,0,40,2,3,2,1,35,23,2
1778890,0,1270,0,40,2,1,2,1,20,43,2
1746302,0,1270,0,40,3,9,2,1,75,44,2
1776901,0,1270,0,40,3,2,2,1,20,20,2
1771474,0,1270,0,40,3,3,2,1,30,60,2
1775682,0,1270,0,40,3,2,2,1,22,31,2
1762272,0,1270,0,40,2,6,2,1,36,34,2
1778545,0,1270,0,40,3,1,2,1,18,28,2
1767846,0,1270,0,40,2,3,2,1,24,14,2
1770374,0,1270,0,40,2,3,2,1,25,43,2
1745850,0,1270,0,40,2,4,2,1,55,30,2
1778055,0,1270,0,40,3,1,2,1,17,27,2
1779140,0,1270,0,40,3,1,2,1,17,65,2
1779784,0,1270,0,40,3,1,2,1,17,29,2
1780121,0,1270,0,40,2,1,2,1,17,64,2
1744100,0,1270,0,40,3,4,2,1,31,33,2
1746368,0,1270,0,40,3,7,2,1,74,16,2
1751443,0,1270,0,40,3,8,2,1,47,20,2
1775696,0,1270,0,40,3,2,2,1,17,22,2
1774823,0,1270,0,40,3,2,2,1,20,41,2
1765517,0,1270,0,40,2,3,2,1,35,17,2
1770881,0,1270,0,40,3,4,2,1,23,33,2
1777937,0,1270,0,40,2,2,2,1,17,55,2
1774744,0,1270,0,40,3,3,2,1,20,35,2
1780366,0,1270,0,40,2,1,2,1,15,40,2
1781042,0,1270,0,40,3,1,2,1,15,35,2
1781569,0,1270,0,40,2,1,2,1,15,47,2
1739577,0,1270,0,40,2,7,2,1,61,54,2
1773082,0,1270,0,40,2,3,2,1,18,53,2
1776871,0,1270,0,40,2,2,2,1,22,75,2
1779978,0,1270,0,40,3,1,2,1,14,30,2
1781828,2,1270,0,40,3,1,2,1,14,21,2
1782110,0,1270,0,40,3,1,2,1,14,22,2
1773264,0,1270,0,40,3,2,2,1,22,42,2
1766646,0,1270,0,40,3,4,2,1,29,76,2
1756897,0,1270,0,40,3,8,2,1,40,26,2
1744439,0,1270,0,40,3,11,2,1,85,77,2
1770838,0,1270,0,40,2,4,2,1,25,70,2
1774513,0,1270,0,40,3,3,2,1,20,36,2
1770339,0,1270,0,40,3,4,2,1,23,15,2
1782167,0,1270,0,40,2,1,2,1,13,37,2
1782502,0,1270,0,40,2,1,2,1,13,19,2
1765577,0,1270,0,40,3,4,2,1,29,61,2
1749657,0,1270,0,40,3,8,2,1,70,61,2
1770578,0,1270,0,40,2,4,2,1,25,51,2
1742146,0,1270,0,40,3,7,2,1,35,17,2
1755979,0,1270,0,40,3,8,2,1,37,32,2
1759166,0,1270,0,40,2,4,2,1,54,63,2
1773840,0,1270,0,40,3,3,2,1,24,40,2
1741190,0,1270,0,40,3,10,2,1,64,15,2
1782313,0,1270,0,40,2,1,2,1,12,50,2
1782904,0,1270,0,40,2,1,2,1,12,54,2
1783064,0,1270,0,40,3,1,2,1,12,47,2
1783254,0,1270,0,40,3,1,2,1,12,44,2
1783344,0,1270,0,40,3,1,2,1,12,71,2
1774604,0,1270,0,40,2,2,2,1,16,63,2
1772994,0,1270,0,40,2,2,2,1,19,76,2
1759965,0,1270,0,40,2,6,2,1,33,31,2
1775275,0,1270,0,40,3,2,2,1,20,93,2
1768104,0,1270,0,40,2,5,2,1,24,64,2
1751222,0,1270,0,40,2,7,2,1,64,42,2
1769759,0,1270,0,40,3,4,2,1,24,43,2
1764919,0,1270,0,40,3,3,2,1,37,27,2
1753947,0,1270,0,40,2,8,2,1,50,32,2
1779788,0,1270,0,40,2,2,2,1,14,36,2
1738994,0,1270,0,40,2,8,2,1,47,67,2
1782513,0,1270,0,40,2,2,2,1,12,52,2
1782987,0,1270,0,40,3,1,2,1,11,23,2
1783965,0,1270,0,40,2,1,2,1,11,20,2
1776178,0,1270,0,40,2,2,2,1,13,35,2
1759339,0,1270,0,40,3,4,2,1,47,39,2
1777558,0,1270,0,40,3,2,2,1,14,64,2
1753006,0,1270,0,40,2,8,2,1,43,35,2
1762858,0,1270,0,40,3,6,2,1,29,34,2
1753502,0,1270,0,40,3,9,2,1,48,47,2
1770098,0,1270,0,40,2,3,2,1,19,41,2
1765435,0,1270,0,40,2,5,2,1,30,23,2
1672820,0,1270,0,40,3,21,2,1,148,9,2
1763854,0,1270,0,40,3,4,2,1,36,30,2
1753367,0,1270,0,40,2,6,2,1,54,25,2
1778377,0,1270,0,40,3,2,2,1,16,18,2
1782530,0,1270,0,40,3,2,2,1,11,37,2
1775800,0,1270,0,40,3,3,2,1,22,50,2
1783013,0,1270,0,40,3,1,2,1,10,44,2
1783594,0,1270,0,40,2,1,2,1,10,90,2
1783962,0,1270,0,40,2,1,2,1,10,50,2
1750683,0,1270,0,40,3,6,2,1,58,41,2
1744301,0,1270,0,40,3,5,2,1,20,62,2
1778335,0,1270,0,40,3,2,2,1,10,32,2
1771760,0,1270,0,40,3,4,2,1,17,82,2
1775132,0,1270,0,40,3,3,2,1,17,55,2
1757217,0,1270,0,40,3,7,2,1,39,75,2
1758205,0,1270,0,40,3,6,2,1,45,20,2
1758664,0,1270,0,40,2,7,2,1,39,27,2
1779217,0,1270,0,40,3,3,2,1,14,80,2
1758377,0,1270,0,40,2,8,2,1,37,35,2
1775707,0,1270,0,40,3,2,2,1,22,43,2
1764858,0,1270,0,40,3,6,2,1,29,82,2
1746513,0,1270,0,40,2,10,2,1,64,24,2
1775510,0,1270,0,40,2,3,2,1,12,42,2
1770791,0,1270,0,40,2,3,2,1,25,12,2
1757378,0,1270,0,40,3,9,2,1,31,23,2
1743236,0,1270,0,40,3,9,2,1,49,25,2
1773877,0,1270,0,40,2,4,2,1,19,97,2
1741055,0,1270,0,40,2,9,2,1,45,21,2
1782844,0,1270,0,40,3,2,2,1,11,72,2
1783800,0,1270,0,40,3,1,2,1,9,16,2
1784156,0,1270,0,40,2,1,2,1,9,38,2
1784623,0,1270,0,40,2,1,2,1,9,29,2
1784709,0,1270,0,40,2,1,2,1,9,24,2
1784857,0,1270,0,40,3,1,2,1,9,74,2
1784895,0,1270,0,40,2,1,2,1,9,26,2
1785157,0,1270,0,40,2,1,2,1,9,20,2
1774491,0,1270,0,40,3,2,2,1,16,21,2
1778998,0,1270,0,40,3,2,2,1,9,45,2
1754654,0,1270,0,40,3,9,2,1,46,62,2
1779252,0,1270,0,40,2,2,2,1,9,29,2
1765833,0,1270,0,40,2,5,2,1,30,17,2
1776626,0,1270,0,40,3,2,2,1,13,55,2
1770031,0,1270,0,40,3,5,2,1,23,42,2
1661250,0,1270,0,40,2,26,2,1,128,119,2
1727012,0,1270,0,40,2,10,2,1,46,89,2
1743126,0,1270,0,40,2,4,2,1,48,37,2
1779810,0,1270,0,40,2,2,2,1,9,34,2
1750012,0,1270,0,40,3,10,2,1,59,59,2
1759438,0,1270,0,40,3,7,2,1,34,48,2
1766475,0,1270,0,40,3,5,2,1,28,39,2
1741886,0,1270,0,40,2,6,2,1,40,37,2
1762637,0,1270,0,40,3,7,2,1,32,18,2
1782099,0,1270,0,40,3,2,2,1,9,53,2
1770640,0,1270,0,40,3,4,2,1,26,29,2
1777480,0,1270,0,40,3,3,2,1,13,57,2
1781893,0,1270,0,40,3,2,2,1,10,72,2
1777931,0,1270,0,40,2,2,2,1,18,62,2
1768600,0,1270,0,40,3,4,2,1,25,66,2
1782217,0,1270,0,40,2,2,2,1,11,10,2
1783828,0,1270,0,40,3,1,2,1,8,38,2
1784222,0,1270,0,40,3,1,2,1,8,14,2
1784670,0,1270,0,40,2,1,2,1,8,24,2
1784806,0,1270,0,40,3,1,2,1,8,52,2
1785018,0,1270,0,40,3,1,2,1,8,50,2
1785234,0,1270,0,40,3,1,2,1,8,57,2
1785339,0,1270,0,40,3,1,2,1,8,40,2
1785407,0,1270,0,40,3,1,2,1,8,15,2
1785723,0,1270,0,40,3,1,2,1,8,64,2
1760479,0,1270,0,40,2,7,2,1,30,88,2
1754312,0,1270,0,40,2,7,2,1,42,40,2
1774100,0,1270,0,40,3,4,2,1,16,42,2
1738979,0,1270,0,40,2,9,2,1,42,25,2
1773761,0,1270,0,40,3,3,2,1,16,59,2
1748446,0,1270,0,40,2,9,2,1,55,81,2
1744280,0,1270,0,40,2,3,2,1,26,72,2
1752796,0,1270,0,40,3,8,2,1,39,55,2
1778937,0,1270,0,40,3,3,2,1,13,59,2
1752665,0,1270,0,40,3,9,2,1,48,72,2
1774979,0,1270,0,40,2,4,2,1,14,34,2
1764708,0,1270,0,40,2,5,2,1,30,47,2
1763900,0,1270,0,40,3,5,2,1,34,38,2
1781123,0,1270,0,40,2,2,2,1,12,67,2
1760094,0,1270,0,40,2,6,2,1,37,41,2
1767160,0,1270,0,40,3,5,2,1,18,26,2
1782872,0,1270,0,40,3,2,2,1,9,106,2
1760091,0,1270,0,40,2,6,2,1,38,49,2
1766617,0,1270,0,40,2,6,2,1,25,20,2
1768394,0,1270,0,40,3,4,2,1,20,55,2
1749959,0,1270,0,40,3,9,2,1,46,44,2
1754423,0,1270,0,40,2,8,2,1,47,95,2
1750071,0,1270,0,40,3,11,2,1,53,44,2
1757635,0,1270,0,40,2,9,2,1,34,70,2
1783689,0,1270,0,40,2,2,2,1,9,64,2
1778591,0,1270,0,40,3,2,2,1,18,25,2
1745376,1,1270,1263,29.0643,3,13,2,1,62,9,2
1784109,0,1270,0,40,2,2,2,1,9,68,2
1775719,0,1270,0,40,2,5,2,1,17,42,2
1784346,0,1270,0,40,3,1,2,1,7,37,2
1784744,0,1270,0,40,2,1,2,1,7,25,2
1785921,0,1270,0,40,2,1,2,1,7,40,2
1785961,0,1270,0,40,2,1,2,1,7,64,2
1778352,0,1270,0,40,2,2,2,1,9,51,2
1776558,0,1270,0,40,3,2,2,1,12,66,2
1760370,0,1270,0,40,2,6,2,1,33,20,2
1768401,0,1270,0,40,2,6,2,1,22,58,2
1743946,0,1270,0,40,3,5,2,1,72,25,2
1772135,0,1270,0,40,2,3,2,1,14,91,2
1775718,0,1270,0,40,2,2,2,1,16,16,2
1768460,0,1270,0,40,2,4,2,1,21,16,2
1779464,0,1270,0,40,2,2,2,1,10,56,2
1747795,0,1270,0,40,2,8,2,1,66,43,2
1775089,0,1270,0,40,2,5,2,1,14,43,2
1737836,0,1270,0,40,3,12,2,1,71,106,2
1768425,0,1270,0,40,2,5,2,1,25,61,2
1772769,0,1270,0,40,2,4,2,1,19,29,2
1764338,0,1270,0,40,3,6,2,1,26,65,2
1779287,0,1270,0,40,3,3,2,1,12,56,2
1764894,0,1270,0,40,3,7,2,1,31,21,2
1768906,0,1270,0,40,2,7,2,1,22,34,2
1761838,0,1270,0,40,3,4,2,1,43,65,2
1745720,0,1270,0,40,2,7,2,1,51,43,2
1776383,0,1270,0,40,3,3,2,1,14,20,2
1775724,0,1270,0,40,3,3,2,1,16,32,2
1772837,0,1270,0,40,3,3,2,1,21,35,2
1782878,0,1270,0,40,3,2,2,1,11,46,2
1741665,0,1270,0,40,2,8,2,1,27,40,2
1742510,0,1270,0,40,2,2,2,1,33,68,2
1784482,0,1270,0,40,3,1,2,1,6,34,2
1786326,0,1270,0,40,2,1,2,1,6,41,2
1786501,0,1270,0,40,2,1,2,1,6,17,2
1786541,0,1270,0,40,2,1,2,1,6,42,2
1786805,0,1270,0,40,3,1,2,1,6,36,2
1744995,0,1270,0,40,3,5,2,1,79,50,2
1738714,0,1270,0,40,3,9,2,1,89,52,2
1773936,0,1270,0,40,3,1,2,1,30,15,2
1770702,0,1270,0,40,3,2,2,1,31,37,2
1775794,0,1270,0,40,3,1,2,1,26,70,2
1773401,0,1270,0,40,2,2,2,1,28,58,2
1747571,0,1270,0,40,2,9,2,1,62,61,2
1777010,0,1270,0,40,2,1,2,1,24,57,2
1761333,0,1270,0,40,2,5,2,1,38,17,2
1727057,0,1270,0,40,2,8,2,1,83,30,2
1759503,0,1270,0,40,2,5,2,1,49,30,2
1773278,0,1270,0,40,3,2,2,1,23,94,2
1763152,0,1270,0,40,3,4,2,1,37,95,2
1756926,0,1270,0,40,2,6,2,1,48,72,2
1765839,0,1270,0,40,2,2,2,1,43,34,2
1769970,0,1270,0,40,3,3,2,1,28,45,2
1757631,0,1270,0,40,3,5,2,1,48,33,2
1777825,0,1270,0,40,3,1,2,1,21,40,2
1739199,0,1270,0,40,3,7,2,1,112,37,2
1728129,0,1270,0,40,2,8,2,1,91,45,2
1767741,0,1270,0,40,2,3,2,1,30,23,2
1758376,0,1270,0,40,3,7,2,1,44,36,2
1743059,0,1270,0,40,3,6,2,1,37,26,2
1753943,0,1270,0,40,2,4,2,1,61,26,2
1775065,0,1270,0,40,3,2,2,1,24,86,2
1740354,0,1270,0,40,3,5,2,1,41,94,2
1764938,0,1270,0,40,3,3,2,1,35,33,2
1731761,0,1270,0,40,2,8,2,1,68,21,2
1741701,0,1270,0,40,2,7,2,1,31,83,2
1780725,0,1270,0,40,2,1,2,1,17,67,2
1780895,0,1270,0,40,3,1,2,1,17,93,2
1768849,0,1270,0,40,2,4,2,1,25,11,2
1746935,0,1270,0,40,3,11,2,1,67,19,2
1755721,0,1270,0,40,3,6,2,1,37,47,2
1754927,0,1270,0,40,3,4,2,1,58,39,2
1771701,0,1270,0,40,2,3,2,1,20,42,2
1773815,0,1270,0,40,3,4,2,1,22,26,2
1778056,0,1270,0,40,3,2,2,1,19,69,2
1727835,0,1270,0,40,3,15,2,1,108,51,2
1781537,0,1270,0,40,2,1,2,1,16,66,2
1764254,0,1270,0,40,3,5,2,1,30,41,2
1773418,0,1270,0,40,3,2,2,1,22,45,2
1777862,0,1270,0,40,3,2,2,1,17,33,2
1724883,0,1270,0,40,2,12,2,1,83,80,2
1781572,0,1270,0,40,3,1,2,1,15,66,2
1752664,0,1270,0,40,2,4,2,1,56,35,2
1753372,0,1270,0,40,2,6,2,1,49,56,2
1744282,0,1270,0,40,3,12,2,1,82,31,2
1778339,0,1270,0,40,2,2,2,1,15,45,2
1741385,0,1270,0,40,2,9,2,1,41,39,2
1777809,0,1270,0,40,3,3,2,1,16,24,2
1754912,0,1270,0,40,2,7,2,1,52,20,2
1763233,0,1270,0,40,3,4,2,1,43,47,2
1781795,0,1270,0,40,3,1,2,1,14,34,2
1781927,0,1270,0,40,2,1,2,1,14,39,2
1782610,0,1270,0,40,3,1,2,1,14,23,2
1782672,0,1270,0,40,3,1,2,1,14,88,2
1755646,0,1270,0,40,3,8,2,1,39,21,2
1759629,0,1270,0,40,2,5,2,1,42,43,2
1767989,0,1270,0,40,2,5,2,1,25,34,2
1765617,0,1270,0,40,3,4,2,1,34,37,2
1760435,0,1270,0,40,3,7,2,1,38,41,2
1757955,0,1270,0,40,3,5,2,1,53,115,2
1669735,0,1270,0,40,2,22,2,1,150,43,2
1780807,0,1270,0,40,3,2,2,1,14,59,2
1779180,0,1270,0,40,3,2,2,1,17,41,2
1746791,0,1270,0,40,2,9,2,1,73,73,2
1783052,0,1270,0,40,3,1,2,1,13,15,2
1755040,0,1270,0,40,2,6,2,1,53,32,2
1774412,0,1270,0,40,3,3,2,1,20,49,2
1741024,0,1270,0,40,2,5,2,1,38,67,2
1755208,0,1270,0,40,3,4,2,1,58,65,2
1773614,0,1270,0,40,2,3,2,1,20,79,2
1779175,0,1270,0,40,3,2,2,1,17,11,2
1755793,0,1270,0,40,3,8,2,1,31,27,2
1742124,0,1270,0,40,2,3,2,1,22,29,2
1760633,0,1270,0,40,2,5,2,1,36,49,2
1753956,0,1270,0,40,3,10,2,1,49,20,2
1745054,0,1270,0,40,2,7,2,1,45,64,2
1782659,0,1270,0,40,3,1,2,1,12,13,2
1783491,0,1270,0,40,3,1,2,1,12,31,2
1783653,0,1270,0,40,2,1,2,1,12,63,2
1783743,0,1270,0,40,2,1,2,1,12,59,2
1784013,0,1270,0,40,3,1,2,1,12,67,2
1750467,0,1270,0,40,3,10,2,1,43,37,2
1777355,0,1270,0,40,3,2,2,1,16,23,2
1778694,0,1270,0,40,2,2,2,1,14,80,2
1754991,0,1270,0,40,2,5,2,1,50,56,2
1759029,0,1270,0,40,3,7,2,1,36,67,2
1774629,0,1270,0,40,2,3,2,1,21,19,2
1775811,0,1270,0,40,3,3,2,1,14,33,2
1747088,0,1270,0,40,3,10,2,1,73,72,2
1748835,0,1270,0,40,3,9,2,1,61,19,2
1780248,0,1270,0,40,2,2,2,1,14,72,2
1770712,0,1270,0,40,3,4,2,1,30,29,2
1756792,0,1270,0,40,3,6,2,1,51,86,2
1762115,0,1270,0,40,3,6,2,1,38,32,2
1783754,0,1270,0,40,3,1,2,1,11,56,2
1784277,0,1270,0,40,3,1,2,1,11,55,2
1784595,0,1270,0,40,3,1,2,1,11,45,2
1767077,0,1270,0,40,2,3,2,1,33,36,2
1761278,0,1270,0,40,3,5,2,1,33,41,2
1776079,0,1270,0,40,2,2,2,1,15,76,2
1772220,0,1270,0,40,2,4,2,1,20,37,2
1763779,0,1270,0,40,2,5,2,1,36,37,2
1773442,0,1270,0,40,2,2,2,1,24,76,2
1768109,0,1270,0,40,2,4,2,1,26,94,2
1754616,0,1270,0,40,3,6,2,1,45,17,2
1781129,0,1270,0,40,2,2,2,1,14,23,2
1773635,0,1270,0,40,2,3,2,1,21,37,2
1765259,0,1270,0,40,3,6,2,1,30,57,2
1780988,0,1270,0,40,3,2,2,1,11,53,2
1772915,0,1270,0,40,3,3,2,1,27,19,2
1782759,0,1270,0,40,3,1,2,1,10,30,2
1783872,0,1270,0,40,2,1,2,1,10,43,2
1784520,0,1270,0,40,3,1,2,1,10,62,2
1784901,0,1270,0,40,3,1,2,1,10,30,2
1785037,0,1270,0,40,2,1,2,1,10,30,2
1785179,0,1270,0,40,3,1,2,1,10,62,2
1767210,0,1270,0,40,3,4,2,1,24,37,2
1772718,0,1270,0,40,2,2,2,1,20,23,2
1730215,0,1270,0,40,2,8,2,1,48,71,2
1770117,0,1270,0,40,2,4,2,1,25,40,2
1773991,0,1270,0,40,3,3,2,1,17,51,2
1760916,0,1270,0,40,3,7,2,1,38,47,2
1750551,0,1270,0,40,2,9,2,1,54,14,2
1758698,0,1270,0,40,2,6,2,1,34,19,2
1764243,0,1270,0,40,3,6,2,1,31,28,2
1738876,0,1270,0,40,2,7,2,1,45,44,2
1747723,0,1270,0,40,2,8,2,1,76,61,2
1781994,0,1270,0,40,3,2,2,1,11,92,2
1741636,0,1270,0,40,2,5,2,1,54,47,2
1769332,0,1270,0,40,2,4,2,1,28,53,2
1747293,0,1270,0,40,3,9,2,1,68,54,2
1779620,0,1270,0,40,3,3,2,1,12,35,2
1759280,0,1270,0,40,3,6,2,1,39,85,2
1748436,0,1270,0,40,3,11,2,1,58,31,2
1741790,0,1270,0,40,2,10,2,1,51,38,2
1776298,0,1270,0,40,3,3,2,1,17,44,2
1784510,0,1270,0,40,3,1,2,1,9,48,2
1784598,0,1270,0,40,2,1,2,1,9,36,2
1785309,0,1270,0,40,3,1,2,1,9,67,2
1785559,0,1270,0,40,2,1,2,1,9,35,2
1785739,0,1270,0,40,3,1,2,1,9,24,2
1765981,0,1270,0,40,3,3,2,1,24,39,2
1741835,0,1270,0,40,3,5,2,1,61,97,2
1763828,0,1270,0,40,3,5,2,1,27,52,2
1756507,0,1270,0,40,3,9,2,1,33,31,2
1741388,0,1270,0,40,2,8,2,1,45,25,2
1772403,0,1270,0,40,3,4,2,1,19,23,2
1753222,0,1270,0,40,2,8,2,1,51,76,2
1765973,0,1270,0,40,3,4,2,1,24,60,2
1778623,0,1270,0,40,2,2,2,1,15,78,2
1762341,0,1270,0,40,3,5,2,1,34,52,2
1780740,0,1270,0,40,3,2,2,1,9,63,2
1762873,0,1270,0,40,3,4,2,1,36,37,2
1762608,0,1270,0,40,3,4,2,1,37,68,2
1773039,0,1270,0,40,2,3,2,1,26,31,2
1745493,0,1270,0,40,2,8,2,1,40,35,2
1759572,0,1270,0,40,3,7,2,1,39,39,2
1751993,0,1270,0,40,2,7,2,1,60,49,2
1779174,0,1270,0,40,2,2,2,1,17,25,2
1759132,0,1270,0,40,2,6,2,1,45,37,2
1783489,0,1270,0,40,2,2,2,1,10,23,2
1769523,0,1270,0,40,3,4,2,1,32,26,2
1751723,0,1270,0,40,2,9,2,1,54,40,2
1784426,0,1270,0,40,3,1,2,1,8,31,2
1785144,0,1270,0,40,2,1,2,1,8,71,2
1785284,0,1270,0,40,3,1,2,1,8,33,2
1785600,0,1270,0,40,2,1,2,1,8,38,2
1785931,0,1270,0,40,3,1,2,1,8,23,2
1786159,0,1270,0,40,2,1,2,1,8,22,2
1775428,0,1270,0,40,2,3,2,1,13,16,2
1748028,0,1270,0,40,2,10,2,1,53,50,2
1781171,0,1270,0,40,3,2,2,1,8,79,2
1764698,0,1270,0,40,2,4,2,1,35,39,2
1779883,0,1270,0,40,2,2,2,1,12,122,2
1762160,0,1270,0,40,3,6,2,1,33,87,2
1757398,0,1270,0,40,2,8,2,1,38,12,2
1746638,0,1270,0,40,3,11,2,1,57,41,2
1782039,0,1270,0,40,2,2,2,1,8,79,2
1746681,0,1270,0,40,3,9,2,1,69,55,2
1761148,0,1270,0,40,2,7,2,1,41,31,2
1780596,0,1270,0,40,2,2,2,1,9,38,2
1772981,0,1270,0,40,3,3,2,1,22,7,2
1759811,0,1270,0,40,2,6,2,1,41,51,2
1764181,0,1270,0,40,3,6,2,1,34,20,2
1775040,0,1270,0,40,2,3,2,1,23,43,2
1770257,0,1270,0,40,2,3,2,1,29,16,2
1772207,0,1270,0,40,3,3,2,1,24,30,2
1745257,0,1270,0,40,2,7,2,1,49,71,2
1764603,0,1270,0,40,3,5,2,1,26,21,2
1779126,0,1270,0,40,2,4,2,1,11,60,2
1752860,0,1270,0,40,2,7,2,1,58,37,2
1742515,0,1270,0,40,3,7,2,1,20,33,2
1758909,0,1270,0,40,3,6,2,1,35,54,2
1760773,0,1270,0,40,3,5,2,1,44,67,2
1780359,0,1270,0,40,2,2,2,1,16,28,2
1781428,0,1270,0,40,2,2,2,1,13,51,2
1771184,0,1270,0,40,2,3,2,1,31,46,2
1775581,0,1270,0,40,2,4,2,1,20,40,2
1782976,0,1270,0,40,3,2,2,1,12,47,2
1785502,0,1270,0,40,2,1,2,1,7,74,2
1785750,0,1270,0,40,3,1,2,1,7,40,2
1786270,0,1270,0,40,2,1,2,1,7,38,2
1786401,0,1270,0,40,3,1,2,1,7,25,2
1786439,0,1270,0,40,2,1,2,1,7,52,2
1786457,0,1270,0,40,3,1,2,1,7,66,2
1786647,0,1270,0,40,2,1,2,1,7,61,2
1786753,0,1270,0,40,3,1,2,1,7,19,2
1786765,0,1270,0,40,3,1,2,1,7,51,2
1786807,0,1270,0,40,3,1,2,1,7,75,2
1768293,0,1270,0,40,2,4,2,1,24,79,2
1769425,0,1270,0,40,2,2,2,1,31,54,2
1781655,0,1270,0,40,2,2,2,1,8,14,2
1756408,0,1270,0,40,3,6,2,1,44,42,2
1769603,0,1270,0,40,2,4,2,1,23,86,2
1776702,0,1270,0,40,3,3,2,1,14,29,2
1772260,0,1270,0,40,2,4,2,1,18,24,2
1779530,0,1270,0,40,2,2,2,1,9,74,2
1754746,0,1270,0,40,3,8,2,1,32,50,2
1770878,0,1270,0,40,2,5,2,1,18,44,2
1773788,0,1270,0,40,3,2,2,1,25,47,2
1749332,0,1270,0,40,3,7,2,1,59,23,2
1761463,0,1270,0,40,3,5,2,1,36,50,2
1745366,0,1270,0,40,3,3,2,1,18,36,2
1766153,0,1270,0,40,2,5,2,1,30,25,2
1782916,0,1270,0,40,3,2,2,1,8,12,2
1762750,0,1270,0,40,2,4,2,1,45,60,2
1753863,0,1270,0,40,2,8,2,1,46,42,2
1762937,0,1270,0,40,2,6,2,1,23,41,2
1776084,0,1270,0,40,3,4,2,1,12,22,2
1754300,0,1270,0,40,3,8,2,1,55,31,2
1766967,0,1270,0,40,3,3,2,1,33,73,2
1774268,0,1270,0,40,2,3,2,1,23,34,2
1781092,0,1270,0,40,2,2,2,1,11,44,2
1782329,0,1270,0,40,3,2,2,1,10,23,2
1776409,0,1270,0,40,2,4,2,1,19,40,2
1755789,0,1270,0,40,3,7,2,1,40,53,2
1765882,0,1270,0,40,3,4,2,1,34,52,2
1737788,0,1270,0,40,2,7,2,1,54,48,2
1753877,0,1270,0,40,2,7,2,1,48,61,2
1771596,0,1270,0,40,2,5,2,1,20,20,2
1759143,0,1270,0,40,3,9,2,1,33,47,2
1783359,0,1270,0,40,3,2,2,1,11,38,2
1785584,0,1270,0,40,2,2,2,1,7,22,2
1784594,0,1270,0,40,2,1,2,1,6,15,2
1786176,0,1270,0,40,2,1,2,1,6,34,2
1786496,0,1270,0,40,2,1,2,1,6,21,2
1786820,0,1270,0,40,2,1,2,1,6,81,2
1787009,0,1270,0,40,2,1,2,1,6,31,2
1787287,0,1270,0,40,3,1,2,1,6,34,2
1787469,0,1270,0,40,3,1,2,1,6,34,2
1749103,0,1270,0,40,3,8,2,1,65,22,2
1769506,0,1270,0,40,3,3,2,1,27,40,2
1737661,0,1270,0,40,3,6,2,1,57,43,2
1756506,0,1270,0,40,2,4,2,1,56,82,2
1776908,0,1270,0,40,3,2,2,1,22,44,2
1743354,0,1270,0,40,3,7,2,1,54,30,2
1707742,0,1270,0,40,3,15,2,1,104,24,2
1775663,0,1270,0,40,2,2,2,1,22,37,2
1695150,0,1270,0,40,3,17,2,1,110,13,2
1774391,0,1270,0,40,3,2,2,1,18,56,2
1746697,0,1270,0,40,2,9,2,1,75,52,2
1773410,0,1270,0,40,2,3,2,1,19,53,2
1741288,0,1270,0,40,2,9,2,1,45,40,2
1777853,0,1270,0,40,3,2,2,1,20,49,2
1781852,0,1270,0,40,3,1,2,1,16,66,2
1771979,0,1270,0,40,3,3,2,1,21,35,2
1747193,0,1270,0,40,3,7,2,1,69,40,2
1746254,0,1270,0,40,3,9,2,1,71,40,2
1782600,0,1270,0,40,3,1,2,1,15,32,2
1782890,0,1270,0,40,3,1,2,1,15,11,2
1772548,0,1270,0,40,2,2,2,1,25,31,2
1766255,0,1270,0,40,2,4,2,1,35,61,2
1755288,0,1270,0,40,3,8,2,1,33,20,2
1758799,0,1270,0,40,3,6,2,1,38,96,2
1773624,0,1270,0,40,2,3,2,1,26,58,2
1783144,0,1270,0,40,2,1,2,1,14,36,2
1755766,0,1270,0,40,3,4,2,1,52,66,2
1744426,0,1270,0,40,2,10,2,1,83,20,2
1757283,0,1270,0,40,3,4,2,1,53,55,2
1756796,0,1270,0,40,2,8,2,1,46,79,2
1763413,0,1270,0,40,2,6,2,1,29,19,2
1774682,0,1270,0,40,3,5,2,1,21,56,2
1770365,0,1270,0,40,2,4,2,1,28,49,2
1760944,0,1270,0,40,3,5,2,1,42,72,2
1783925,0,1270,0,40,3,1,2,1,13,34,2
1775139,0,1270,0,40,3,3,2,1,16,70,2
1744604,0,1270,0,40,2,11,2,1,82,36,2
1769231,0,1270,0,40,2,3,2,1,31,38,2
1779986,0,1270,0,40,2,2,2,1,15,31,2
1784315,1,1270,1265,20.4708,3,1,2,1,12,89,2
1760987,0,1270,0,40,2,5,2,1,29,52,2
1763281,0,1270,0,40,3,5,2,1,26,25,2
1751490,0,1270,0,40,2,6,2,1,63,21,2
1733701,0,1270,0,40,3,9,2,1,67,39,2
1771917,0,1270,0,40,3,4,2,1,21,64,2
1778074,0,1270,0,40,2,3,2,1,19,35,2
1750260,0,1270,0,40,2,11,2,1,53,30,2
1753218,0,1270,0,40,3,7,2,1,57,58,2
1766756,0,1270,0,40,2,4,2,1,39,71,2
1784228,0,1270,0,40,3,1,2,1,11,76,2
1778306,0,1270,0,40,2,2,2,1,12,53,2
1763181,0,1270,0,40,2,5,2,1,33,25,2
1763260,0,1270,0,40,2,5,2,1,37,43,2
1763276,0,1270,0,40,2,6,2,1,27,50,2
1763679,0,1270,0,40,2,5,2,1,28,45,2
1756647,0,1270,0,40,2,5,2,1,44,33,2
1768477,0,1270,0,40,3,5,2,1,21,42,2
1755612,0,1270,0,40,3,9,2,1,36,35,2
1761553,0,1270,0,40,3,7,2,1,26,43,2
1779790,0,1270,0,40,2,2,2,1,14,70,2
1772768,0,1270,0,40,2,2,2,1,29,30,2
1766385,0,1270,0,40,3,5,2,1,28,9,2
1772641,0,1270,0,40,2,4,2,1,21,90,2
1767930,0,1270,0,40,2,7,2,1,28,30,2
1765343,0,1270,0,40,3,5,2,1,26,19,2
1745091,0,1270,0,40,2,10,2,1,76,11,2
1766491,1,1270,1265,13.6556,3,6,2,1,33,52,2
1784706,0,1270,0,40,3,1,2,1,10,44,2
1785649,0,1270,0,40,3,1,2,1,10,19,2
1767506,0,1270,0,40,3,7,2,1,21,47,2
1735470,0,1270,0,40,3,7,2,1,38,16,2
1744934,0,1270,0,40,2,13,2,1,68,36,2
1781608,0,1270,0,40,3,2,2,1,12,29,2
1762245,0,1270,0,40,3,5,2,1,36,68,2
1736655,0,1270,0,40,3,7,2,1,56,30,2
1740508,0,1270,0,40,2,10,2,1,73,86,2
1782218,0,1270,0,40,3,2,2,1,13,47,2
1761355,0,1270,0,40,2,8,2,1,27,99,2
1769937,0,1270,0,40,3,5,2,1,25,31,2
1785949,0,1270,0,40,3,1,2,1,9,67,2
1779338,0,1270,0,40,3,2,2,1,9,49,2
1764965,0,1270,0,40,3,5,2,1,28,87,2
1742939,0,1270,0,40,2,4,2,1,42,18,2
1765188,0,1270,0,40,2,5,2,1,26,27,2
1770384,0,1270,0,40,2,5,2,1,22,49,2
1760366,0,1270,0,40,3,6,2,1,21,46,2
1770165,0,1270,0,40,2,4,2,1,26,58,2
1769522,0,1270,0,40,2,4,2,1,24,43,2
1710426,0,1270,0,40,2,20,2,1,88,48,2
1766836,0,1270,0,40,3,5,2,1,27,28,2
1746830,0,1270,0,40,2,11,2,1,68,31,2
1777844,0,1270,0,40,3,2,2,1,19,58,2
1766199,0,1270,0,40,3,5,2,1,27,34,2
1762381,0,1270,0,40,3,6,2,1,30,38,2
1763398,0,1270,0,40,3,6,2,1,31,70,2
1783425,0,1270,0,40,3,2,2,1,10,32,2
1784905,0,1270,0,40,3,2,2,1,11,67,2
1786030,0,1270,0,40,2,1,2,1,8,74,2
1786357,0,1270,0,40,3,1,2,1,8,36,2
1786599,0,1270,0,40,3,1,2,1,8,34,2
1786735,0,1270,0,40,2,1,2,1,8,61,2
1750792,0,1270,0,40,2,9,2,1,51,27,2
1782276,0,1270,0,40,3,2,2,1,9,54,2
1758935,0,1270,0,40,3,5,2,1,42,26,2
1783038,0,1270,0,40,3,2,2,1,8,51,2
1776604,0,1270,0,40,2,2,2,1,20,44,2
1782582,1,1270,1258,25.4024,3,2,2,1,10,32,2
1753814,0,1270,0,40,3,8,2,1,53,101,2
1776553,0,1270,0,40,3,3,2,1,20,58,2
1782783,0,1270,0,40,3,2,2,1,8,39,2
1764234,0,1270,0,40,2,6,2,1,37,61,2
1778980,0,1270,0,40,3,2,2,1,16,34,2
1772043,0,1270,0,40,3,4,2,1,17,32,2
1781609,0,1270,0,40,3,2,2,1,15,56,2
1767671,0,1270,0,40,2,4,2,1,29,18,2
1783037,0,1270,0,40,2,2,2,1,10,27,2
1778173,0,1270,0,40,3,3,2,1,18,30,2
1770656,0,1270,0,40,2,5,2,1,26,49,2
1784072,0,1270,0,40,2,2,2,1,10,57,2
1773888,1,1270,1263,30.6588,2,5,2,1,16,36,2
1785402,0,1270,0,40,2,1,2,1,7,40,2
1786500,0,1270,0,40,2,1,2,1,7,24,2
1786532,0,1270,0,40,2,1,2,1,7,49,2
1786568,0,1270,0,40,2,1,2,1,7,26,2
1786957,0,1270,0,40,2,1,2,1,7,84,2
1787343,0,1270,0,40,2,1,2,1,7,40,2
1787393,0,1270,0,40,3,1,2,1,7,39,2
1777859,0,1270,0,40,3,2,2,1,12,72,2
1772180,0,1270,0,40,2,3,2,1,23,31,2
1771232,0,1270,0,40,3,4,2,1,18,89,2
1776097,0,1270,0,40,2,3,2,1,16,55,2
1760003,0,1270,0,40,3,7,2,1,45,82,2
1776689,0,1270,0,40,3,3,2,1,17,51,2
1781312,0,1270,0,40,3,2,2,1,9,85,2
1734089,0,1270,0,40,3,8,2,1,38,52,2
1772510,0,1270,0,40,3,4,2,1,19,35,2
1772504,0,1270,0,40,3,5,2,1,17,53,2
1752676,0,1270,0,40,3,8,2,1,42,17,2
1782134,0,1270,0,40,2,2,2,1,11,60,2
1771331,0,1270,0,40,2,5,2,1,21,55,2
1756529,1,1270,1260,40,2,7,2,1,39,23,2
1749510,0,1270,0,40,2,7,2,1,69,61,2
1772843,0,1270,0,40,3,4,2,1,20,44,2
1782994,0,1270,0,40,3,2,2,1,10,20,2
1771102,0,1270,0,40,3,4,2,1,22,64,2
1779881,0,1270,0,40,2,3,2,1,14,22,2
1742065,0,1270,0,40,2,6,2,1,36,39,2
1785121,0,1270,0,40,3,2,2,1,7,69,2
1778079,0,1270,0,40,3,2,2,1,17,22,2
1745312,0,1270,0,40,3,8,2,1,81,46,2
1753650,0,1270,0,40,3,6,2,1,56,18,2
1761774,0,1270,0,40,2,7,2,1,28,50,2
1779903,0,1270,0,40,3,3,2,1,15,24,2
1766237,1,1270,1262,19.1428,3,5,2,1,29,18,2
1761360,0,1270,0,40,3,5,2,1,40,51,2
1742478,0,1270,0,40,2,4,2,1,26,43,2
1781529,1,1270,1265,26.6347,3,3,2,1,9,22,2
1782380,0,1270,0,40,2,2,2,1,14,23,2
1764036,0,1270,0,40,3,7,2,1,31,26,2
1780703,0,1270,0,40,3,3,2,1,14,17,2
1785746,0,1270,0,40,3,1,2,1,6,20,2
1787180,2,1270,0,40,3,1,2,1,6,28,2
1787452,0,1270,0,40,3,1,2,1,6,26,2
1787523,0,1270,0,40,2,1,2,1,6,61,2
1787631,0,1270,0,40,2,1,2,1,6,34,2
1771774,0,1270,0,40,2,1,2,1,36,18,2
1768111,0,1270,0,40,2,2,2,1,34,60,2
1742589,0,1270,0,40,3,3,2,1,45,41,2
1769287,0,1270,0,40,2,3,2,1,31,83,2
1779499,0,1270,0,40,2,1,2,1,22,15,2
1780297,0,1270,0,40,3,1,2,1,20,59,2
1766510,0,1270,0,40,2,4,2,1,34,39,2
1769973,0,1270,0,40,2,3,2,1,29,24,2
1741740,0,1270,0,40,3,6,2,1,43,50,2
1772529,0,1270,0,40,2,3,2,1,27,51,2
1771401,0,1270,0,40,2,4,2,1,23,78,2
1744616,0,1270,0,40,3,11,2,1,73,57,2
1780656,0,1270,0,40,2,1,2,1,17,44,2
1781232,0,1270,0,40,2,1,2,1,17,49,2
1752821,0,1270,0,40,2,5,2,1,57,53,2
1780628,0,1270,0,40,3,1,2,1,16,38,2
1772846,0,1270,0,40,2,3,2,1,24,75,2
1775147,0,1270,0,40,2,2,2,1,18,20,2
1775039,0,1270,0,40,3,3,2,1,21,34,2
1760269,0,1270,0,40,3,6,2,1,41,29,2
1758838,0,1270,0,40,3,7,2,1,29,24,2
1758528,0,1270,0,40,3,8,2,1,44,33,2
1772688,0,1270,0,40,3,3,2,1,26,36,2
1760858,0,1270,0,40,3,6,2,1,42,15,2
1765407,0,1270,0,40,3,5,2,1,33,64,2
1742045,0,1270,0,40,3,5,2,1,19,58,2
1760183,0,1270,0,40,2,5,2,1,43,49,2
1688070,0,1270,0,40,3,23,2,1,119,19,2
1784666,0,1270,0,40,3,1,2,1,11,39,2
1785078,0,1270,0,40,2,1,2,1,11,40,2
1785629,0,1270,0,40,3,1,2,1,11,53,2
1750784,0,1270,0,40,2,9,2,1,46,57,2
1772835,0,1270,0,40,3,4,2,1,24,22,2
1775276,0,1270,0,40,2,3,2,1,17,7,2
1743748,0,1270,0,40,2,7,2,1,48,66,2
1786041,0,1270,0,40,2,1,2,1,10,47,2
1778242,0,1270,0,40,3,2,2,1,14,51,2
1748886,0,1270,0,40,3,10,2,1,55,22,2
1762709,0,1270,0,40,3,6,2,1,33,82,2
1769216,0,1270,0,40,3,4,2,1,24,70,2
1746039,0,1270,0,40,2,10,2,1,54,116,2
1781478,0,1270,0,40,2,2,2,1,11,25,2
1754235,0,1270,0,40,2,6,2,1,61,25,2
1778590,0,1270,0,40,2,2,2,1,20,22,2
1773557,0,1270,0,40,3,4,2,1,18,33,2
1761947,0,1270,0,40,2,6,2,1,34,57,2
1785638,0,1270,0,40,3,1,2,1,9,33,2
1786363,0,1270,0,40,2,1,2,1,9,65,2
1782740,0,1270,0,40,2,2,2,1,9,31,2
1742969,0,1270,0,40,3,4,2,1,38,25,2
1744822,0,1270,0,40,2,7,2,1,47,46,2
1750274,0,1270,0,40,3,13,2,1,55,68,2
1787067,0,1270,0,40,2,1,2,1,8,50,2
1787367,0,1270,0,40,2,1,2,1,8,14,2
1787461,0,1270,0,40,2,1,2,1,8,13,2
1764272,0,1270,0,40,3,7,2,1,26,28,2
1769009,0,1270,0,40,3,3,2,1,30,50,2
1774122,0,1270,0,40,2,4,2,1,18,26,2
1739643,0,1270,0,40,2,6,2,1,46,45,2
1752020,0,1270,0,40,2,6,2,1,69,30,2
1774307,0,1270,0,40,2,4,2,1,20,60,2
1676646,0,1270,0,40,3,22,2,1,176,30,2
1775469,0,1270,0,40,2,5,2,1,18,47,2
1787841,0,1270,0,40,3,1,2,1,7,76,2
1788039,0,1270,0,40,2,1,2,1,7,59,2
1779640,0,1270,0,40,3,3,2,1,10,77,2
1779829,0,1270,0,40,2,3,2,1,12,41,2
1762216,0,1270,0,40,3,4,2,1,39,40,2
1783705,0,1270,0,40,2,2,2,1,9,33,2
1781999,0,1270,0,40,2,2,2,1,12,19,2
1773537,0,1270,0,40,3,4,2,1,24,30,2
1761395,0,1270,0,40,2,8,2,1,29,37,2
1780147,0,1270,0,40,3,3,2,1,16,38,2
1766501,0,1270,0,40,3,5,2,1,24,32,2
1751345,0,1270,0,40,3,10,2,1,49,32,2
1763778,0,1270,0,40,3,5,2,1,31,30,2
1744167,0,1270,0,40,3,8,2,1,55,40,2
1784113,0,1270,0,40,3,2,2,1,11,35,2
1773297,0,1270,0,40,3,5,2,1,19,30,2
1787174,0,1270,0,40,2,1,2,1,6,16,2
1788184,0,1270,0,40,2,1,2,1,6,51,2
1788194,0,1270,0,40,3,1,2,1,6,72,2
1788256,0,1270,0,40,2,1,2,1,6,15,2
1788450,0,1270,0,40,2,1,2,1,6,31,2
1780199,0,1270,0,40,2,2,2,1,19,51,2
1760510,0,1270,0,40,3,5,2,1,45,31,2
1770283,0,1270,0,40,3,4,2,1,24,31,2
1779771,0,1270,0,40,3,2,2,1,16,56,2
1743811,0,1270,0,40,2,2,2,1,17,36,2
1767493,0,1270,0,40,3,4,2,1,25,35,2
1768683,0,1270,0,40,2,5,2,1,33,51,2
1756192,0,1270,0,40,2,7,2,1,53,44,2
1765217,0,1270,0,40,2,2,2,1,47,37,2
1778852,0,1270,0,40,2,3,2,1,14,72,2
1773369,0,1270,0,40,3,3,2,1,24,67,2
1787425,0,1270,0,40,2,1,2,1,9,22,2
1775285,0,1270,0,40,2,3,2,1,14,21,2
1756522,0,1270,0,40,2,8,2,1,39,48,2
1787983,0,1270,0,40,2,1,2,1,8,73,2
1774697,0,1270,0,40,2,4,2,1,21,39,2
1784786,0,1270,0,40,3,2,2,1,8,42,2
1759179,0,1270,0,40,2,7,2,1,40,33,2
1754144,0,1270,0,40,2,6,2,1,57,81,2
1744581,0,1270,0,40,2,7,2,1,47,61,2
1758928,0,1270,0,40,3,8,2,1,26,26,2
1764089,0,1270,0,40,3,4,2,1,43,70,2
1785087,0,1270,0,40,2,2,2,1,11,75,2
1775798,0,1270,0,40,3,4,2,1,17,35,2
1785912,0,1270,0,40,3,0,2,1,5,29,2
1786244,0,1270,0,40,2,0,2,1,5,24,2
1786354,0,1270,0,40,2,0,2,1,5,42,2
1786546,0,1270,0,40,3,0,2,1,5,29,2
1786690,0,1270,0,40,2,0,2,1,5,17,2
1786730,0,1270,0,40,3,0,2,1,5,46,2
1786794,0,1270,0,40,2,0,2,1,5,44,2
1786954,0,1270,0,40,3,0,2,1,5,114,2
1786986,0,1270,0,40,3,0,2,1,5,69,2
1787114,0,1270,0,40,3,0,2,1,5,29,2
1787146,0,1270,0,40,2,0,2,1,5,52,2
1787226,0,1270,0,40,3,0,2,1,5,44,2
1787322,0,1270,0,40,3,0,2,1,5,30,2
1787354,0,1270,0,40,2,0,2,1,5,67,2
1787386,0,1270,0,40,3,0,2,1,5,35,2
1787482,0,1270,0,40,3,0,2,1,5,32,2
1787504,0,1270,0,40,2,0,2,1,5,29,2
1787520,0,1270,0,40,2,0,2,1,5,20,2
1787536,0,1270,0,40,2,0,2,1,5,55,2
1787552,0,1270,0,40,2,0,2,1,5,15,2
1787568,0,1270,0,40,3,0,2,1,5,51,2
1787584,0,1270,0,40,3,0,2,1,5,82,2
1787600,0,1270,0,40,3,0,2,1,5,59,2
1787616,0,1270,0,40,3,0,2,1,5,24,2
1787632,0,1270,0,40,3,0,2,1,5,34,2
1787680,0,1270,0,40,3,0,2,1,5,30,2
1787712,0,1270,0,40,3,0,2,1,5,24,2
1787728,0,1270,0,40,3,0,2,1,5,19,2
1787760,0,1270,0,40,3,0,2,1,5,31,2
1787792,0,1270,0,40,3,0,2,1,5,52,2
1787888,0,1270,0,40,2,0,2,1,5,24,2
1787904,0,1270,0,40,2,0,2,1,5,44,2
1787920,0,1270,0,40,2,0,2,1,5,63,2
1787968,0,1270,0,40,3,0,2,1,5,33,2
1787984,0,1270,0,40,2,0,2,1,5,30,2
1788016,0,1270,0,40,3,0,2,1,5,41,2
1788032,0,1270,0,40,3,0,2,1,5,69,2
1788052,0,1270,0,40,2,0,2,1,5,36,2
1788068,0,1270,0,40,3,0,2,1,5,21,2
1788116,0,1270,0,40,3,0,2,1,5,45,2
1788129,0,1270,0,40,3,0,2,1,5,29,2
1788137,0,1270,0,40,3,0,2,1,5,54,2
1788145,0,1270,0,40,2,0,2,1,5,51,2
1788161,0,1270,0,40,3,0,2,1,5,47,2
1788169,0,1270,0,40,3,0,2,1,5,20,2
1788193,0,1270,0,40,3,0,2,1,5,90,2
1788201,0,1270,0,40,3,0,2,1,5,50,2
1788209,0,1270,0,40,2,0,2,1,5,28,2
1788217,0,1270,0,40,2,0,2,1,5,51,2
1788249,0,1270,0,40,3,0,2,1,5,24,2
1788257,0,1270,0,40,2,0,2,1,5,42,2
1788265,0,1270,0,40,3,0,2,1,5,70,2
1788273,0,1270,0,40,3,0,2,1,5,24,2
1788281,0,1270,0,40,3,0,2,1,5,36,2
1788297,0,1270,0,40,2,0,2,1,5,94,2
1788305,0,1270,0,40,3,0,2,1,5,67,2
1788313,0,1270,0,40,2,0,2,1,5,23,2
1788321,0,1270,0,40,2,0,2,1,5,29,2
1788337,0,1270,0,40,3,0,2,1,5,35,2
1788345,0,1270,0,40,2,0,2,1,5,25,2
1788353,0,1270,0,40,3,0,2,1,5,65,2
1788369,0,1270,0,40,3,0,2,1,5,25,2
1788385,0,1270,0,40,3,0,2,1,5,36,2
1788401,0,1270,0,40,2,0,2,1,5,48,2
1788417,0,1270,0,40,2,0,2,1,5,13,2
1788433,0,1270,0,40,3,0,2,1,5,61,2
1788449,0,1270,0,40,2,0,2,1,5,33,2
1788465,0,1270,0,40,3,0,2,1,5,31,2
1788505,0,1270,0,40,3,0,2,1,5,76,2
1788513,0,1270,0,40,3,0,2,1,5,42,2
1788521,0,1270,0,40,3,0,2,1,5,26,2
1788529,0,1270,0,40,3,0,2,1,5,36,2
1788537,0,1270,0,40,2,0,2,1,5,17,2
1788545,0,1270,0,40,2,0,2,1,5,30,2
1788561,0,1270,0,40,3,0,2,1,5,20,2
1788585,0,1270,0,40,2,0,2,1,5,68,2
1788593,0,1270,0,40,2,0,2,1,5,29,2
1788601,0,1270,0,40,3,0,2,1,5,37,2
1788617,0,1270,0,40,2,0,2,1,5,43,2
1788625,0,1270,0,40,3,0,2,1,5,36,2
1788633,0,1270,0,40,3,0,2,1,5,42,2
1788641,0,1270,0,40,3,0,2,1,5,27,2
1788649,0,1270,0,40,2,0,2,1,5,39,2
1788657,0,1270,0,40,2,0,2,1,5,63,2
1788673,0,1270,0,40,2,0,2,1,5,81,2
1788681,0,1270,0,40,3,0,2,1,5,59,2
1788697,0,1270,0,40,3,0,2,1,5,33,2
1788705,0,1270,0,40,3,0,2,1,5,41,2
1788729,0,1270,0,40,2,0,2,1,5,27,2
1788735,0,1270,0,40,3,0,2,1,5,44,2
1788755,0,1270,0,40,3,0,2,1,5,41,2
1788763,0,1270,0,40,2,0,2,1,5,45,2
1788771,0,1270,0,40,2,0,2,1,5,24,2
1788783,0,1270,0,40,2,0,2,1,5,115,2
1788787,0,1270,0,40,2,0,2,1,5,81,2
1788795,0,1270,0,40,2,0,2,1,5,38,2
1788811,0,1270,0,40,2,0,2,1,5,42,2
1788815,0,1270,0,40,2,0,2,1,5,33,2
1788819,0,1270,0,40,3,0,2,1,5,75,2
1788823,0,1270,0,40,3,0,2,1,5,34,2
1788827,0,1270,0,40,2,0,2,1,5,46,2
1788831,0,1270,0,40,3,0,2,1,5,40,2
1788835,0,1270,0,40,2,0,2,1,5,52,2
1788847,0,1270,0,40,2,0,2,1,5,33,2
1788855,0,1270,0,40,3,0,2,1,5,59,2
1788859,0,1270,0,40,2,0,2,1,5,13,2
1788871,0,1270,0,40,2,0,2,1,5,19,2
1788879,0,1270,0,40,3,0,2,1,5,36,2
1788899,2,1270,0,40,2,0,2,1,5,49,2
1788911,0,1270,0,40,2,0,2,1,5,42,2
1788919,0,1270,0,40,2,0,2,1,5,65,2
1788931,0,1270,0,40,2,0,2,1,5,43,2
1788939,0,1270,0,40,2,0,2,1,5,34,2
1788947,0,1270,0,40,3,0,2,1,5,57,2
1788951,0,1270,0,40,3,0,2,1,5,73,2
1788959,0,1270,0,40,3,0,2,1,5,54,2
1788963,0,1270,0,40,2,0,2,1,5,40,2
1788975,0,1270,0,40,3,0,2,1,5,21,2
1788987,0,1270,0,40,2,0,2,1,5,45,2
1788991,0,1270,0,40,2,0,2,1,5,25,2
1788995,0,1270,0,40,3,0,2,1,5,53,2
1789003,0,1270,0,40,3,0,2,1,5,34,2
1789011,0,1270,0,40,3,0,2,1,5,59,2
1789019,0,1270,0,40,3,0,2,1,5,28,2
1789023,0,1270,0,40,2,0,2,1,5,54,2
1789027,0,1270,0,40,3,0,2,1,5,49,2
1789031,0,1270,0,40,2,0,2,1,5,26,2
1789035,0,1270,0,40,3,0,2,1,5,48,2
1789047,0,1270,0,40,2,0,2,1,5,22,2
1789059,0,1270,0,40,2,0,2,1,5,67,2
1789071,0,1270,0,40,2,0,2,1,5,28,2
1789079,0,1270,0,40,3,0,2,1,5,36,2
1789083,0,1270,0,40,3,0,2,1,5,72,2
1789087,0,1270,0,40,3,0,2,1,5,12,2
1789107,0,1270,0,40,2,0,2,1,5,43,2
1789115,0,1270,0,40,3,0,2,1,5,27,2
1789123,0,1270,0,40,3,0,2,1,5,45,2
1789135,0,1270,0,40,3,0,2,1,5,41,2
1789143,0,1270,0,40,3,0,2,1,5,69,2
1789159,0,1270,0,40,2,0,2,1,5,21,2
1789163,0,1270,0,40,2,0,2,1,5,47,2
1789167,0,1270,0,40,2,0,2,1,5,48,2
1789183,0,1270,0,40,3,0,2,1,5,75,2
1789187,0,1270,0,40,2,0,2,1,5,34,2
1789195,0,1270,0,40,2,0,2,1,5,34,2
1789199,0,1270,0,40,3,0,2,1,5,37,2
1789207,0,1270,0,40,3,0,2,1,5,44,2
1789211,0,1270,0,40,3,0,2,1,5,38,2
1789223,0,1270,0,40,2,0,2,1,5,52,2
1789231,0,1270,0,40,2,0,2,1,5,69,2
1789235,0,1270,0,40,3,0,2,1,5,63,2
1789239,0,1270,0,40,3,0,2,1,5,38,2
1789247,0,1270,0,40,3,0,2,1,5,57,2
1789259,0,1270,0,40,3,0,2,1,5,45,2
1789267,0,1270,0,40,2,0,2,1,5,30,2
1789271,0,1270,0,40,3,0,2,1,5,85,2
1789275,0,1270,0,40,3,0,2,1,5,39,2
1789279,0,1270,0,40,3,0,2,1,5,51,2
1789295,0,1270,0,40,3,0,2,1,5,40,2
1789299,0,1270,0,40,2,0,2,1,5,29,2
1789311,0,1270,0,40,3,0,2,1,5,36,2
1789326,0,1270,0,40,2,0,2,1,5,68,2
1789334,0,1270,0,40,3,0,2,1,5,68,2
1789336,0,1270,0,40,2,0,2,1,5,38,2
1789338,0,1270,0,40,3,0,2,1,5,36,2
1789340,0,1270,0,40,3,0,2,1,5,47,2
1789342,0,1270,0,40,3,0,2,1,5,43,2
1789344,0,1270,0,40,2,0,2,1,5,25,2
1789348,0,1270,0,40,2,0,2,1,5,47,2
1789354,0,1270,0,40,2,0,2,1,5,63,2
1789356,0,1270,0,40,2,0,2,1,5,26,2
1789358,0,1270,0,40,2,0,2,1,5,34,2
1789362,0,1270,0,40,2,0,2,1,5,18,2
1789366,0,1270,0,40,3,0,2,1,5,30,2
1789374,0,1270,0,40,2,0,2,1,5,37,2
1789376,0,1270,0,40,2,0,2,1,5,25,2
1789384,0,1270,0,40,3,0,2,1,5,43,2
1789390,0,1270,0,40,2,0,2,1,5,10,2
1789392,0,1270,0,40,3,0,2,1,5,64,2
1789396,0,1270,0,40,2,0,2,1,5,49,2
1789402,0,1270,0,40,3,0,2,1,5,19,2
1789410,0,1270,0,40,2,0,2,1,5,34,2
1789412,0,1270,0,40,3,0,2,1,5,85,2
1789414,0,1270,0,40,2,0,2,1,5,50,2
1789418,0,1270,0,40,2,0,2,1,5,43,2
1789428,0,1270,0,40,3,0,2,1,5,40,2
1789432,0,1270,0,40,2,0,2,1,5,7,2
1789440,0,1270,0,40,3,0,2,1,5,51,2
1789442,0,1270,0,40,2,0,2,1,5,29,2
1789444,0,1270,0,40,3,0,2,1,5,37,2
1789448,0,1270,0,40,2,0,2,1,5,58,2
1789452,0,1270,0,40,2,0,2,1,5,42,2
1789454,0,1270,0,40,3,0,2,1,5,45,2
1789458,0,1270,0,40,2,0,2,1,5,34,2
1789464,0,1270,0,40,3,0,2,1,5,35,2
1789466,0,1270,0,40,3,0,2,1,5,53,2
1789470,0,1270,0,40,2,0,2,1,5,61,2
1789476,0,1270,0,40,3,0,2,1,5,65,2
1789478,0,1270,0,40,2,0,2,1,5,50,2
1789484,0,1270,0,40,2,0,2,1,5,44,2
1789486,0,1270,0,40,2,0,2,1,5,15,2
1789494,0,1270,0,40,2,0,2,1,5,21,2
1789496,0,1270,0,40,3,0,2,1,5,39,2
1789498,0,1270,0,40,3,0,2,1,5,22,2
1789500,0,1270,0,40,3,0,2,1,5,17,2
1789502,0,1270,0,40,2,0,2,1,5,37,2
1789506,0,1270,0,40,3,0,2,1,5,31,2
1789508,0,1270,0,40,2,0,2,1,5,62,2
1789510,0,1270,0,40,2,0,2,1,5,41,2
1789516,0,1270,0,40,3,0,2,1,5,52,2
1789518,0,1270,0,40,3,0,2,1,5,46,2
1789522,0,1270,0,40,3,0,2,1,5,27,2
1789524,0,1270,0,40,2,0,2,1,5,28,2
1789528,0,1270,0,40,3,0,2,1,5,61,2
1789530,0,1270,0,40,3,0,2,1,5,27,2
1789534,0,1270,0,40,3,0,2,1,5,36,2
1789538,0,1270,0,40,3,0,2,1,5,24,2
1789542,0,1270,0,40,3,0,2,1,5,74,2
1789544,0,1270,0,40,2,0,2,1,5,24,2
1789546,0,1270,0,40,3,0,2,1,5,36,2
1789558,0,1270,0,40,2,0,2,1,5,19,2
1789560,0,1270,0,40,2,0,2,1,5,69,2
1789562,0,1270,0,40,2,0,2,1,5,12,2
1789564,0,1270,0,40,2,0,2,1,5,62,2
1789568,0,1270,0,40,2,0,2,1,5,31,2
1789570,0,1270,0,40,3,0,2,1,5,86,2
1789572,0,1270,0,40,3,0,2,1,5,78,2
1789578,0,1270,0,40,3,0,2,1,5,40,2
1789580,0,1270,0,40,3,0,2,1,5,29,2
1789582,0,1270,0,40,3,0,2,1,5,22,2
1789586,0,1270,0,40,2,0,2,1,5,64,2
1789590,0,1270,0,40,3,0,2,1,5,74,2
1789594,0,1270,0,40,2,0,2,1,5,36,2
1789596,0,1270,0,40,2,0,2,1,5,25,2
1789600,0,1270,0,40,2,0,2,1,5,50,2
1789606,0,1270,0,40,3,0,2,1,5,59,2
1789614,0,1270,0,40,2,0,2,1,5,62,2
1789616,0,1270,0,40,2,0,2,1,5,29,2
1789618,0,1270,0,40,2,0,2,1,5,48,2
1789628,0,1270,0,40,3,0,2,1,5,39,2
1789630,0,1270,0,40,2,0,2,1,5,88,2
1789632,0,1270,0,40,2,0,2,1,5,20,2
1789634,0,1270,0,40,3,0,2,1,5,21,2
1789636,0,1270,0,40,3,0,2,1,5,31,2
1789640,0,1270,0,40,3,0,2,1,5,9,2
1789642,0,1270,0,40,2,0,2,1,5,63,2
1789646,0,1270,0,40,2,0,2,1,5,37,2
1789648,0,1270,0,40,2,0,2,1,5,54,2
1789652,0,1270,0,40,3,0,2,1,5,33,2
1789654,0,1270,0,40,2,0,2,1,5,26,2
1789656,0,1270,0,40,3,0,2,1,5,39,2
1789660,0,1270,0,40,2,0,2,1,5,84,2
1789662,0,1270,0,40,3,0,2,1,5,48,2
1789668,0,1270,0,40,2,0,2,1,5,48,2
1789670,0,1270,0,40,2,0,2,1,5,63,2
1789672,0,1270,0,40,3,0,2,1,5,68,2
1789674,0,1270,0,40,3,0,2,1,5,33,2
1789678,0,1270,0,40,3,0,2,1,5,15,2
1789682,0,1270,0,40,3,0,2,1,5,18,2
1789684,0,1270,0,40,2,0,2,1,5,42,2
1789686,0,1270,0,40,3,0,2,1,5,20,2
1789688,0,1270,0,40,3,0,2,1,5,57,2
1789692,0,1270,0,40,3,0,2,1,5,41,2
1789696,0,1270,0,40,2,0,2,1,5,14,2
1789698,0,1270,0,40,3,0,2,1,5,56,2
1789700,0,1270,0,40,2,0,2,1,5,72,2
1789704,0,1270,0,40,3,0,2,1,5,63,2
1789706,0,1270,0,40,3,0,2,1,5,74,2
1789708,0,1270,0,40,3,0,2,1,5,16,2
1789710,0,1270,0,40,2,0,2,1,5,68,2
1789714,0,1270,0,40,3,0,2,1,5,38,2
1789718,0,1270,0,40,3,0,2,1,5,72,2
1789722,0,1270,0,40,3,0,2,1,5,68,2
1789730,0,1270,0,40,2,0,2,1,5,65,2
1789732,0,1270,0,40,3,0,2,1,5,55,2
1789734,0,1270,0,40,2,0,2,1,5,21,2
1789736,0,1270,0,40,3,0,2,1,5,22,2
1789740,0,1270,0,40,2,0,2,1,5,73,2
1789742,0,1270,0,40,2,0,2,1,5,25,2
1789744,0,1270,0,40,2,0,2,1,5,46,2
1789748,0,1270,0,40,3,0,2,1,5,36,2
1789752,0,1270,0,40,3,0,2,1,5,24,2
1789758,0,1270,0,40,3,0,2,1,5,21,2
1789760,0,1270,0,40,3,0,2,1,5,43,2
1789762,0,1270,0,40,2,0,2,1,5,44,2
1789768,0,1270,0,40,2,0,2,1,5,41,2
1789772,0,1270,0,40,3,0,2,1,5,30,2
1789776,0,1270,0,40,3,0,2,1,5,79,2
1789780,0,1270,0,40,2,0,2,1,5,54,2
1789782,0,1270,0,40,2,0,2,1,5,33,2
1789784,0,1270,0,40,3,0,2,1,5,93,2
1789794,0,1270,0,40,3,0,2,1,5,24,2
1789796,0,1270,0,40,2,0,2,1,5,32,2
1789798,0,1270,0,40,2,0,2,1,5,37,2
1789802,0,1270,0,40,2,0,2,1,5,17,2
1789804,0,1270,0,40,2,0,2,1,5,22,2
1789806,0,1270,0,40,3,0,2,1,5,35,2
1789810,0,1270,0,40,3,0,2,1,5,20,2
1789816,0,1270,0,40,2,0,2,1,5,44,2
1789818,0,1270,0,40,2,0,2,1,5,71,2
1789822,0,1270,0,40,2,0,2,1,5,25,2
1789828,0,1270,0,40,2,0,2,1,5,25,2
1789830,0,1270,0,40,3,0,2,1,5,90,2
1789834,0,1270,0,40,3,0,2,1,5,14,2
1789836,0,1270,0,40,3,0,2,1,5,22,2
1789840,0,1270,0,40,3,0,2,1,5,49,2
1789846,0,1270,0,40,2,0,2,1,5,8,2
1789856,0,1270,0,40,3,0,2,1,5,35,2
1789860,0,1270,0,40,2,0,2,1,5,38,2
1789864,0,1270,0,40,3,0,2,1,5,19,2
1789866,0,1270,0,40,3,0,2,1,5,96,2
1730387,0,1270,0,40,3,7,2,1,28,88,2
1747910,0,1270,0,40,3,9,2,1,49,24,2
1776042,0,1270,0,40,3,1,2,1,14,38,2
1778531,0,1270,0,40,2,2,2,1,8,18,2
1734415,0,1270,0,40,2,9,2,1,43,70,2
1743846,0,1270,0,40,2,5,2,1,38,59,2
1771261,0,1270,0,40,2,2,2,1,20,53,2
1777001,0,1270,0,40,2,1,2,1,11,32,2
1779921,0,1270,0,40,3,1,2,1,9,58,2
1743857,0,1270,0,40,2,9,2,1,41,39,2
1770995,0,1270,0,40,2,3,2,1,12,75,2
1725187,0,1270,0,40,2,11,2,1,107,54,2
1771079,0,1270,0,40,2,2,2,1,19,37,2
1750371,0,1270,0,40,3,7,2,1,42,16,2
1772351,0,1270,0,40,2,3,2,1,11,57,2
1747276,0,1270,0,40,3,9,2,1,57,46,2
1781519,0,1270,0,40,3,1,2,1,7,42,2
1755001,0,1270,0,40,3,6,2,1,35,40,2
1782800,0,1270,0,40,2,1,2,1,5,73,2
1774469,0,1270,0,40,2,1,2,1,20,20,2
1756827,0,1270,0,40,3,6,2,1,39,33,2
1779373,0,1270,0,40,2,1,2,1,12,40,2
1779295,0,1270,0,40,3,2,2,1,10,33,2
1766458,0,1270,0,40,2,4,2,1,27,40,2
1743202,0,1270,0,40,3,5,2,1,30,26,2
1781898,0,1270,0,40,3,1,2,1,7,66,2
1767636,0,1270,0,40,3,4,2,1,20,44,2
1780070,0,1270,0,40,3,2,2,1,8,40,2
1759325,0,1270,0,40,2,4,2,1,32,25,2
1756135,0,1270,0,40,3,6,2,1,41,57,2
1772377,0,1270,0,40,3,2,2,1,21,42,2
1763145,0,1270,0,40,3,3,2,1,37,25,2
1660293,0,1270,0,40,2,17,2,1,131,6,2
1768414,0,1270,0,40,2,3,2,1,24,115,2
1762456,0,1270,0,40,2,5,2,1,33,35,2
1746145,0,1270,0,40,3,8,2,1,80,49,2
1764727,0,1270,0,40,3,5,2,1,26,54,2
1740601,0,1270,0,40,3,7,2,1,51,74,2
1780335,0,1270,0,40,2,1,2,1,11,32,2
1746749,0,1270,0,40,3,8,2,1,70,36,2
1777072,0,1270,0,40,3,2,2,1,10,19,2
1760110,0,1270,0,40,3,7,2,1,27,62,2
1748353,0,1270,0,40,3,10,2,1,59,56,2
1754414,0,1270,0,40,2,6,2,1,30,31,2
1768101,0,1270,0,40,2,4,2,1,22,11,2
1750179,0,1270,0,40,2,7,2,1,51,89,2
1774132,0,1270,0,40,2,3,2,1,18,67,2
1779811,0,1270,0,40,2,2,2,1,11,33,2
1756828,0,1270,0,40,2,6,2,1,36,20,2
1743618,0,1270,0,40,2,3,2,1,23,40,2
1764773,0,1270,0,40,3,5,2,1,28,18,2
1780553,0,1270,0,40,3,2,2,1,9,34,2
1751576,0,1270,0,40,2,8,2,1,35,50,2
1747594,0,1270,0,40,3,11,2,1,44,23,2
1750780,0,1270,0,40,2,11,2,1,39,45,2
1772020,0,1270,0,40,3,3,2,1,18,58,2
1783809,0,1270,0,40,2,1,2,1,5,53,2
1770361,0,1270,0,40,3,2,2,1,25,37,2
1748836,0,1270,0,40,2,11,2,1,53,37,2
1758075,0,1270,0,40,3,6,2,1,44,46,2
1766211,0,1270,0,40,2,3,2,1,32,82,2
1762623,0,1270,0,40,3,5,2,1,29,58,2
1776133,0,1270,0,40,3,2,2,1,18,38,2
1748531,0,1270,0,40,2,6,2,1,73,54,2
1744410,0,1270,0,40,2,12,2,1,61,94,2
1765562,0,1270,0,40,3,4,2,1,27,10,2
1750105,0,1270,0,40,2,5,2,1,52,28,2
1775628,0,1270,0,40,3,2,2,1,16,24,2
1773254,0,1270,0,40,3,2,2,1,18,36,2
1758107,0,1270,0,40,2,7,2,1,30,52,2
1774052,0,1270,0,40,2,2,2,1,15,56,2
1776073,0,1270,0,40,3,2,2,1,14,41,2
1757709,0,1270,0,40,3,6,2,1,41,99,2
1778553,0,1270,0,40,2,2,2,1,12,36,2
1747902,0,1270,0,40,3,8,2,1,62,30,2
1753446,0,1270,0,40,2,5,2,1,55,46,2
1745490,0,1270,0,40,3,5,2,1,36,36,2
1767842,0,1270,0,40,3,5,2,1,17,36,2
1782360,0,1270,0,40,3,1,2,1,8,59,2
1735978,0,1270,0,40,3,11,2,1,50,67,2
1776989,0,1270,0,40,2,2,2,1,8,19,2
1776930,0,1270,0,40,3,2,2,1,13,63,2
1759769,0,1270,0,40,3,6,2,1,31,66,2
1775180,0,1270,0,40,2,3,2,1,18,61,2
1782533,0,1270,0,40,2,1,2,1,7,43,2
1753132,0,1270,0,40,2,7,2,1,43,14,2
1778983,0,1270,0,40,3,2,2,1,10,67,2
1775456,0,1270,0,40,3,3,2,1,13,65,2
1768103,0,1270,0,40,3,4,2,1,15,35,2
1780330,0,1270,0,40,3,1,2,1,6,31,2
1783617,0,1270,0,40,2,1,2,1,6,32,2
1749928,0,1270,0,40,3,9,2,1,43,70,2
1762810,0,1270,0,40,2,5,2,1,29,36,2
1754675,0,1270,0,40,2,7,2,1,48,39,2
1740685,0,1270,0,40,3,7,2,1,53,20,2
1763735,0,1270,0,40,2,4,2,1,33,56,2
1757407,0,1270,0,40,3,7,2,1,38,62,2
1767284,0,1270,0,40,2,5,2,1,22,36,2
1769990,0,1270,0,40,3,3,2,1,23,21,2
1783994,0,1270,0,40,2,1,2,1,5,113,2
1767967,0,1270,0,40,3,2,2,1,28,83,2
1761501,0,1270,0,40,3,4,2,1,33,38,2
1775418,0,1270,0,40,3,1,2,1,20,28,2
1744687,0,1270,0,40,3,5,2,1,55,25,2
1773070,0,1270,0,40,3,2,2,1,25,33,2
1771699,0,1270,0,40,2,2,2,1,19,40,2
1774090,0,1270,0,40,2,2,2,1,21,78,2
1739433,0,1270,0,40,2,4,2,1,43,85,2
1766925,0,1270,0,40,3,4,2,1,27,57,2
1777292,0,1270,0,40,2,1,2,1,16,44,2
1773818,0,1270,0,40,3,2,2,1,20,43,2
1779041,0,1270,0,40,2,1,2,1,15,77,2
1762760,0,1270,0,40,2,6,2,1,31,46,2
1740819,0,1270,0,40,3,5,2,1,29,75,2
1771174,0,1270,0,40,3,4,2,1,25,79,2
1779402,0,1270,0,40,2,1,2,1,14,53,2
1771081,0,1270,0,40,3,3,2,1,22,40,2
1751473,0,1270,0,40,2,8,2,1,50,55,2
1754680,0,1270,0,40,2,6,2,1,55,84,2
1776977,0,1270,0,40,2,1,2,1,13,27,2
1766268,0,1270,0,40,2,3,2,1,29,30,2
1674463,0,1270,0,40,3,17,2,1,115,53,2
1745811,0,1270,0,40,3,11,2,1,66,63,2
1741736,0,1270,0,40,2,5,2,1,26,20,2
1769091,0,1270,0,40,2,3,2,1,21,26,2
1764293,0,1270,0,40,2,4,2,1,35,38,2
1757320,0,1270,0,40,3,10,2,1,33,36,2
1781575,0,1270,0,40,3,1,2,1,11,80,2
1765889,0,1270,0,40,2,4,2,1,26,43,2
1773681,0,1270,0,40,2,3,2,1,17,48,2
1752304,0,1270,0,40,2,5,2,1,56,55,2
1750766,0,1270,0,40,2,5,2,1,68,57,2
1749744,0,1270,0,40,2,6,2,1,63,53,2
1765090,0,1270,0,40,2,3,2,1,33,27,2
1765828,0,1270,0,40,3,3,2,1,30,31,2
1757951,0,1270,0,40,3,7,2,1,36,77,2
1758670,0,1270,0,40,2,7,2,1,34,31,2
1753515,0,1270,0,40,3,7,2,1,58,28,2
1777485,0,1270,0,40,3,2,2,1,12,18,2
1775889,0,1270,0,40,3,3,2,1,16,23,2
1766011,0,1270,0,40,2,4,2,1,31,64,2
1743706,0,1270,0,40,3,8,2,1,50,23,2
1780573,0,1270,0,40,2,2,2,1,12,28,2
1782389,0,1270,0,40,3,1,2,1,8,55,2
1783222,0,1270,0,40,3,1,2,1,8,32,2
1769684,0,1270,0,40,3,4,2,1,18,11,2
1754798,0,1270,0,40,3,6,2,1,53,29,2
1774266,0,1270,0,40,2,4,2,1,13,44,2
1776435,0,1270,0,40,3,2,2,1,17,78,2
1776304,0,1270,0,40,3,2,2,1,17,47,2
1775167,0,1270,0,40,2,2,2,1,20,34,2
1781634,0,1270,0,40,3,1,2,1,7,50,2
1782939,0,1270,0,40,3,1,2,1,7,44,2
1783625,0,1270,0,40,2,1,2,1,7,36,2
1783983,0,1270,0,40,3,1,2,1,7,42,2
1741273,0,1270,0,40,3,7,2,1,51,81,2
1746723,0,1270,0,40,2,8,2,1,62,117,2
1747367,0,1270,0,40,2,9,2,1,53,12,2
1764629,0,1270,0,40,3,5,2,1,26,54,2
1758181,0,1270,0,40,3,6,2,1,42,25,2
1745974,0,1270,0,40,3,10,2,1,72,52,2
1766057,0,1270,0,40,2,6,2,1,20,49,2
1779384,0,1270,0,40,2,2,2,1,9,39,2
1759333,0,1270,0,40,2,5,2,1,42,52,2
1764936,0,1270,0,40,3,5,2,1,23,78,2
1784075,0,1270,0,40,3,1,2,1,6,41,2
1784209,0,1270,0,40,3,1,2,1,6,49,2
1760886,0,1270,0,40,3,5,2,1,29,96,2
1758206,0,1270,0,40,2,4,2,1,43,33,2
1756644,0,1270,0,40,3,8,2,1,30,37,2
1756274,0,1270,0,40,3,8,2,1,36,34,2
1776880,0,1270,0,40,3,3,2,1,13,32,2
1750848,0,1270,0,40,3,9,2,1,53,52,2
1775387,0,1270,0,40,2,4,2,1,13,68,2
1743356,0,1270,0,40,3,6,2,1,29,59,2
1746268,0,1270,0,40,2,13,2,1,54,32,2
1760661,0,1270,0,40,3,5,2,1,38,42,2
1744477,0,1270,0,40,3,10,2,1,70,71,2
1782823,0,1270,0,40,2,1,2,1,5,29,2
1784793,0,1270,0,40,3,1,2,1,5,46,2
1785027,0,1270,0,40,3,1,2,1,5,39,2
1785201,0,1270,0,40,3,1,2,1,5,99,2
1746458,0,1270,0,40,3,7,2,1,70,43,2
1748796,0,1270,0,40,2,6,2,1,65,36,2
1774721,0,1270,0,40,3,1,2,1,23,56,2
1766480,0,1270,0,40,3,2,2,1,37,28,2
1745336,0,1270,0,40,3,2,2,1,30,33,2
1775939,0,1270,0,40,3,1,2,1,20,56,2
1745684,0,1270,0,40,3,9,2,1,69,64,2
1770416,0,1270,0,40,3,4,2,1,25,39,2
1775131,0,1270,0,40,3,1,2,1,19,52,2
1742128,0,1270,0,40,3,8,2,1,57,96,2
1698733,0,1270,0,40,2,13,2,1,108,82,2
1726880,0,1270,0,40,3,14,2,1,76,61,2
1755709,0,1270,0,40,2,5,2,1,43,19,2
1744944,0,1270,0,40,2,3,2,1,46,81,2
1769273,0,1270,0,40,3,3,2,1,28,84,2
1777400,0,1270,0,40,2,1,2,1,15,19,2
1773275,0,1270,0,40,3,2,2,1,22,45,2
1764646,0,1270,0,40,2,5,2,1,28,20,2
1775107,0,1270,0,40,2,2,2,1,18,77,2
1776737,0,1270,0,40,3,2,2,1,20,62,2
1738415,0,1270,0,40,2,8,2,1,62,47,2
1755684,0,1270,0,40,2,3,2,1,58,25,2
1752208,0,1270,0,40,2,9,2,1,47,59,2
1752792,0,1270,0,40,3,6,2,1,58,83,2
1777822,0,1270,0,40,2,2,2,1,17,43,2
1772599,0,1270,0,40,3,2,2,1,19,20,2
1755368,0,1270,0,40,2,5,2,1,52,25,2
1755047,0,1270,0,40,3,6,2,1,51,49,2
1765303,0,1270,0,40,3,5,2,1,32,66,2
1781397,0,1270,0,40,3,1,2,1,12,46,2
1743227,0,1270,0,40,2,4,2,1,75,25,2
1761410,0,1270,0,40,3,4,2,1,40,41,2
1774634,0,1270,0,40,3,3,2,1,15,39,2
1776406,0,1270,0,40,3,2,2,1,16,32,2
1755754,0,1270,0,40,3,7,2,1,45,44,2
1780530,0,1270,0,40,2,1,2,1,11,47,2
1781528,0,1270,0,40,2,1,2,1,11,51,2
1781812,0,1270,0,40,3,1,2,1,11,60,2
1773885,0,1270,0,40,3,2,2,1,16,44,2
1761556,0,1270,0,40,3,4,2,1,31,47,2
1750921,0,1270,0,40,2,8,2,1,52,62,2
1751131,0,1270,0,40,2,8,2,1,42,57,2
1767042,0,1270,0,40,3,4,2,1,24,42,2
1777405,0,1270,0,40,2,2,2,1,16,52,2
1767907,0,1270,0,40,3,3,2,1,30,42,2
1782842,0,1270,0,40,3,1,2,1,10,28,2
1770346,0,1270,0,40,2,4,2,1,20,34,2
1752808,0,1270,0,40,3,8,2,1,43,66,2
1779125,0,1270,0,40,3,2,2,1,10,22,2
1775980,0,1270,0,40,2,2,2,1,17,45,2
1740266,0,1270,0,40,3,8,2,1,63,66,2
1744539,0,1270,0,40,2,4,2,1,32,75,2
1780213,0,1270,0,40,2,2,2,1,10,23,2
1771762,0,1270,0,40,3,3,2,1,23,41,2
1753778,0,1270,0,40,2,5,2,1,56,43,2
1764888,0,1270,0,40,3,4,2,1,23,30,2
1754008,0,1270,0,40,2,6,2,1,56,28,2
1763507,0,1270,0,40,3,5,2,1,32,69,2
1781571,0,1270,0,40,3,2,2,1,12,46,2
1782485,0,1270,0,40,3,1,2,1,9,55,2
1782938,0,1270,0,40,3,1,2,1,9,43,2
1772853,0,1270,0,40,2,3,2,1,16,34,2
1756062,0,1270,0,40,3,7,2,1,34,40,2
1755653,0,1270,0,40,2,5,2,1,48,41,2
1757117,0,1270,0,40,3,6,2,1,37,26,2
1767806,0,1270,0,40,3,5,2,1,29,25,2
1751738,0,1270,0,40,2,8,2,1,44,32,2
1771780,0,1270,0,40,2,3,2,1,24,43,2
1746269,0,1270,0,40,2,10,2,1,63,67,2
1777191,0,1270,0,40,3,2,2,1,17,28,2
1762137,0,1270,0,40,3,4,2,1,37,56,2
1753615,0,1270,0,40,3,8,2,1,42,41,2
1783063,0,1270,0,40,2,1,2,1,8,85,2
1783979,0,1270,0,40,3,1,2,1,8,81,2
1766307,0,1270,0,40,3,4,2,1,21,15,2
1746036,0,1270,0,40,3,7,2,1,48,48,2
1767968,0,1270,0,40,3,4,2,1,24,34,2
1751578,0,1270,0,40,3,5,2,1,52,36,2
1765530,0,1270,0,40,3,6,2,1,22,24,2
1777587,0,1270,0,40,2,2,2,1,15,57,2
1767783,0,1270,0,40,3,4,2,1,23,42,2
1766831,0,1270,0,40,2,5,2,1,27,53,2
1744480,0,1270,0,40,3,6,2,1,43,58,2
1774835,0,1270,0,40,3,3,2,1,15,75,2
1773214,0,1270,0,40,2,3,2,1,13,19,2
1768735,0,1270,0,40,3,4,2,1,25,18,2
1759175,0,1270,0,40,3,6,2,1,43,25,2
1783546,0,1270,0,40,3,1,2,1,7,68,2
1784018,0,1270,0,40,3,1,2,1,7,90,2
1784229,0,1270,0,40,3,1,2,1,7,26,2
1784581,0,1270,0,40,2,1,2,1,7,18,2
1748773,0,1270,0,40,2,9,2,1,49,36,2
1759206,0,1270,0,40,3,7,2,1,26,49,2
1769579,0,1270,0,40,3,4,2,1,18,42,2
1781055,0,1270,0,40,3,2,2,1,7,56,2
1765334,0,1270,0,40,3,5,2,1,27,33,2
1770873,0,1270,0,40,3,3,2,1,23,25,2
1767165,0,1270,0,40,3,5,2,1,21,25,2
1778006,0,1270,0,40,2,2,2,1,15,11,2
1781327,0,1270,0,40,2,2,2,1,9,63,2
1782568,0,1270,0,40,3,2,2,1,7,65,2
1772308,0,1270,0,40,2,3,2,1,23,82,2
1766672,0,1270,0,40,2,5,2,1,21,43,2
1783639,0,1270,0,40,2,2,2,1,8,50,2
1782969,0,1270,0,40,2,1,2,1,6,64,2
1784825,0,1270,0,40,2,1,2,1,6,40,2
1785115,0,1270,0,40,3,1,2,1,6,18,2
1760999,0,1270,0,40,3,5,2,1,28,36,2
1769014,0,1270,0,40,3,2,2,1,28,22,2
1754979,0,1270,0,40,2,6,2,1,47,28,2
1777171,0,1270,0,40,2,2,2,1,12,37,2
1764111,0,1270,0,40,2,4,2,1,24,37,2
1735484,0,1270,0,40,3,13,2,1,65,37,2
1762016,0,1270,0,40,2,6,2,1,27,33,2
1756847,0,1270,0,40,2,4,2,1,52,19,2
1766651,0,1270,0,40,2,5,2,1,18,42,2
1776594,0,1270,0,40,2,2,2,1,13,31,2
1771528,0,1270,0,40,3,4,2,1,17,67,2
1739196,0,1270,0,40,2,8,2,1,37,45,2
1779323,0,1270,0,40,3,2,2,1,13,42,2
1774840,0,1270,0,40,2,3,2,1,16,38,2
1781045,0,1270,0,40,2,3,2,1,8,14,2
1773592,0,1270,0,40,3,4,2,1,19,65,2
1781530,0,1270,0,40,3,2,2,1,7,59,2
1779093,0,1270,0,40,2,2,2,1,15,26,2
1783449,0,1270,0,40,3,1,2,1,5,42,2
1784890,0,1270,0,40,3,1,2,1,5,33,2
1785387,0,1270,0,40,2,1,2,1,5,62,2
1767874,0,1270,0,40,2,2,2,1,37,27,2
1758515,0,1270,0,40,2,6,2,1,43,41,2
1755009,0,1270,0,40,3,5,2,1,50,45,2
1773065,0,1270,0,40,3,2,2,1,27,67,2
1752716,0,1270,0,40,3,5,2,1,52,45,2
1771604,0,1270,0,40,3,2,2,1,28,27,2
1769143,0,1270,0,40,2,2,2,1,33,36,2
1741780,0,1270,0,40,2,4,2,1,51,21,2
1777286,0,1270,0,40,3,1,2,1,21,33,2
1763508,0,1270,0,40,2,4,2,1,37,55,2
1747878,0,1270,0,40,3,6,2,1,73,45,2
1749364,0,1270,0,40,3,8,2,1,52,31,2
1776442,0,1270,0,40,2,1,2,1,19,68,2
1757798,0,1270,0,40,3,5,2,1,42,32,2
1733049,0,1270,0,40,3,7,2,1,58,13,2
1760408,0,1270,0,40,3,4,2,1,40,21,2
1755119,0,1270,0,40,2,6,2,1,52,25,2
1749769,0,1270,0,40,3,7,2,1,61,19,2
1719151,0,1270,0,40,2,17,2,1,105,93,2
1776095,0,1270,0,40,2,2,2,1,18,16,2
1778974,0,1270,0,40,3,1,2,1,16,60,2
1774326,0,1270,0,40,3,2,2,1,20,45,2
1774809,0,1270,0,40,2,2,2,1,19,13,2
1750256,0,1270,0,40,3,7,2,1,62,23,2
1771156,1,1270,1239,13.6765,3,3,2,1,23,22,2
1780067,0,1270,0,40,3,1,2,1,15,37,2
1657138,0,1270,0,40,3,19,2,1,144,14,2
1763868,0,1270,0,40,3,3,2,1,34,66,2
1769296,0,1270,0,40,2,2,2,1,30,46,2
1775955,0,1270,0,40,2,2,2,1,16,89,2
1756945,0,1270,0,40,2,7,2,1,44,50,2
1770929,0,1270,0,40,2,2,2,1,30,60,2
1773572,0,1270,0,40,2,3,2,1,21,37,2
1776270,0,1270,0,40,3,2,2,1,15,47,2
1781103,0,1270,0,40,2,1,2,1,14,74,2
1741593,0,1270,0,40,3,8,2,1,42,28,2
1747303,0,1270,0,40,3,9,2,1,61,49,2
1776311,0,1270,0,40,3,2,2,1,19,39,2
1773414,0,1270,0,40,2,2,2,1,25,97,2
1780678,0,1270,0,40,3,1,2,1,13,62,2
1781046,0,1270,0,40,2,1,2,1,13,37,2
1781653,0,1270,0,40,2,1,2,1,13,38,2
1764328,0,1270,0,40,2,2,2,1,40,15,2
1766073,0,1270,0,40,2,4,2,1,20,54,2
1764269,0,1270,0,40,2,4,2,1,33,30,2
1752540,0,1270,0,40,3,5,2,1,59,21,2
1764850,0,1270,0,40,3,5,2,1,30,52,2
1778047,0,1270,0,40,2,2,2,1,13,34,2
1746549,0,1270,0,40,2,7,2,1,75,51,2
1781532,0,1270,0,40,2,1,2,1,12,12,2
1781872,0,1270,0,40,2,1,2,1,12,54,2
1782080,0,1270,0,40,2,1,2,1,12,31,2
1741613,0,1270,0,40,3,8,2,1,36,67,2
1749258,0,1270,0,40,2,9,2,1,56,23,2
1753672,0,1270,0,40,3,7,2,1,56,53,2
1769940,0,1270,0,40,3,4,2,1,22,37,2
1751912,0,1270,0,40,2,10,2,1,37,34,2
1768688,0,1270,0,40,2,3,2,1,31,27,2
1770110,0,1270,0,40,3,4,2,1,23,69,2
1782614,0,1270,0,40,2,1,2,1,11,54,2
1782886,0,1270,0,40,2,1,2,1,11,31,2
1776007,0,1270,0,40,3,2,2,1,12,38,2
1740350,0,1270,0,40,2,6,2,1,25,46,2
1755860,0,1270,0,40,2,10,2,1,29,60,2
1755501,0,1270,0,40,3,7,2,1,51,26,2
1755913,0,1270,0,40,2,5,2,1,52,58,2
1739043,0,1270,0,40,3,5,2,1,22,51,2
1767823,0,1270,0,40,2,4,2,1,26,59,2
1754942,0,1270,0,40,3,7,2,1,42,27,2
1769460,0,1270,0,40,3,3,2,1,30,51,2
1783062,0,1270,0,40,3,1,2,1,10,26,2
1773474,0,1270,0,40,3,3,2,1,16,22,2
1763130,0,1270,0,40,3,5,2,1,35,34,2
1747121,0,1270,0,40,2,10,2,1,61,50,2
1768878,0,1270,0,40,2,4,2,1,20,79,2
1779801,0,1270,0,40,2,2,2,1,11,60,2
1774428,0,1270,0,40,2,2,2,1,22,49,2
1765949,0,1270,0,40,3,4,2,1,28,51,2
1774216,0,1270,0,40,3,3,2,1,19,49,2
1755763,0,1270,0,40,3,7,2,1,52,41,2
1747670,0,1270,0,40,2,10,2,1,53,41,2
1745220,0,1270,0,40,2,8,2,1,42,45,2
1781052,0,1270,0,40,3,1,2,1,9,57,2
1782455,0,1270,0,40,3,1,2,1,9,57,2
1783251,0,1270,0,40,3,1,2,1,9,47,2
1770048,0,1270,0,40,2,2,2,1,19,19,2
1769095,0,1270,0,40,3,4,2,1,17,24,2
1779915,0,1270,0,40,2,2,2,1,10,82,2
1773523,0,1270,0,40,3,3,2,1,19,66,2
1770644,0,1270,0,40,2,3,2,1,28,117,2
1762490,0,1270,0,40,3,4,2,1,33,45,2
1749562,0,1270,0,40,2,7,2,1,65,80,2
1765443,0,1270,0,40,2,5,2,1,24,34,2
1763081,0,1270,0,40,2,6,2,1,28,22,2
1781156,0,1270,0,40,3,2,2,1,10,41,2
1782909,0,1270,0,40,3,1,2,1,8,31,2
1783566,0,1270,0,40,3,1,2,1,8,45,2
1783886,0,1270,0,40,2,1,2,1,8,35,2
1784399,0,1270,0,40,3,1,2,1,8,51,2
1784557,0,1270,0,40,2,1,2,1,8,22,2
1777187,0,1270,0,40,2,2,2,1,11,15,2
1769532,0,1270,0,40,2,3,2,1,22,32,2
1769613,0,1270,0,40,2,5,2,1,20,48,2
1776150,0,1270,0,40,2,3,2,1,11,45,2
1759085,0,1270,0,40,3,5,2,1,33,36,2
1759543,0,1270,0,40,2,6,2,1,39,47,2
1745947,0,1270,0,40,2,4,2,1,22,21,2
1778709,0,1270,0,40,2,2,2,1,10,33,2
1753438,0,1270,0,40,2,6,2,1,51,31,2
1773504,0,1270,0,40,2,4,2,1,16,79,2
1758138,0,1270,0,40,2,5,2,1,43,48,2
1780456,0,1270,0,40,3,2,2,1,10,53,2
1756961,0,1270,0,40,3,5,2,1,47,32,2
1769098,0,1270,0,40,2,4,2,1,22,33,2
1772584,0,1270,0,40,3,5,2,1,17,44,2
1780936,0,1270,0,40,3,2,2,1,9,34,2
1759319,0,1270,0,40,3,6,2,1,41,51,2
1768084,0,1270,0,40,2,4,2,1,25,23,2
1762485,0,1270,0,40,3,4,2,1,40,32,2
1750311,0,1270,0,40,2,8,2,1,50,80,2
1784388,0,1270,0,40,2,1,2,1,7,40,2
1784897,0,1270,0,40,3,1,2,1,7,37,2
1785049,0,1270,0,40,3,1,2,1,7,51,2
1775025,0,1270,0,40,3,2,2,1,13,60,2
1743131,0,1270,0,40,3,13,2,1,77,37,2
1777720,0,1270,0,40,2,2,2,1,11,29,2
1773631,0,1270,0,40,2,2,2,1,21,83,2
1749671,0,1270,0,40,2,9,2,1,43,19,2
1781613,0,1270,0,40,3,2,2,1,7,76,2
1757322,0,1270,0,40,2,4,2,1,50,65,2
1774062,0,1270,0,40,3,4,2,1,16,34,2
1770617,0,1270,0,40,2,4,2,1,20,65,2
1756752,0,1270,0,40,2,9,2,1,36,35,2
1777899,0,1270,0,40,2,2,2,1,13,44,2
1770228,0,1270,0,40,3,4,2,1,22,43,2
1782291,0,1270,0,40,2,2,2,1,7,62,2
1751436,0,1270,0,40,3,7,2,1,55,37,2
1763573,0,1270,0,40,2,4,2,1,34,38,2
1749166,0,1270,0,40,3,13,2,1,37,81,2
1750471,0,1270,0,40,3,9,2,1,54,36,2
1744903,0,1270,0,40,2,14,2,1,62,54,2
1784430,0,1270,0,40,3,1,2,1,6,29,2
1785271,0,1270,0,40,3,1,2,1,6,57,2
1785453,0,1270,0,40,3,1,2,1,6,34,2
1785657,0,1270,0,40,2,1,2,1,6,27,2
1763789,0,1270,0,40,3,5,2,1,24,28,2
1778595,0,1270,0,40,3,2,2,1,8,66,2
1741241,0,1270,0,40,3,5,2,1,18,39,2
1741331,0,1270,0,40,2,9,2,1,39,50,2
1778896,0,1270,0,40,2,3,2,1,7,22,2
1750148,0,1270,0,40,2,8,2,1,48,32,2
1767481,0,1270,0,40,2,5,2,1,25,114,2
1779314,0,1270,0,40,2,2,2,1,10,79,2
1765298,0,1270,0,40,3,4,2,1,31,64,2
1777938,0,1270,0,40,2,2,2,1,14,17,2
1773994,0,1270,0,40,3,4,2,1,14,46,2
1753720,0,1270,0,40,3,8,2,1,32,39,2
1770229,0,1270,0,40,3,4,2,1,24,63,2
1752443,0,1270,0,40,3,9,2,1,44,29,2
1768451,0,1270,0,40,2,5,2,1,23,45,2
1756210,0,1270,0,40,3,8,2,1,40,41,2
1757793,0,1270,0,40,2,9,2,1,27,22,2
1762831,0,1270,0,40,2,7,2,1,28,36,2
1777614,0,1270,0,40,3,3,2,1,9,36,2
1782666,0,1270,0,40,2,2,2,1,8,51,2
1771208,0,1270,0,40,2,4,2,1,23,47,2
1762488,0,1270,0,40,2,4,2,1,46,30,2
1764345,0,1270,0,40,2,6,2,1,20,45,2
1774884,0,1270,0,40,3,4,2,1,10,45,2
1757925,0,1270,0,40,2,9,2,1,37,73,2
1757849,0,1270,0,40,3,5,2,1,42,79,2
1766559,0,1270,0,40,2,4,2,1,35,49,2
1776498,0,1270,0,40,3,3,2,1,8,20,2
1755654,0,1270,0,40,3,8,2,1,42,52,2
1783964,0,1270,0,40,2,1,2,1,5,44,2
1784840,0,1270,0,40,3,1,2,1,5,47,2
1785000,0,1270,0,40,3,1,2,1,5,49,2
1785364,0,1270,0,40,3,1,2,1,5,29,2
1786103,0,1270,0,40,2,1,2,1,5,24,2
1786333,0,1270,0,40,2,1,2,1,5,24,2
1754497,0,1270,0,40,2,5,2,1,59,47,2
1741432,0,1270,0,40,2,4,2,1,36,29,2
1737931,0,1270,0,40,2,4,2,1,37,26,2
1742187,0,1270,0,40,3,10,2,1,51,59,2
1746797,0,1270,0,40,3,9,2,1,74,78,2
1743720,0,1270,0,40,2,5,2,1,36,48,2
1776173,0,1270,0,40,2,1,2,1,23,43,2
1773688,0,1270,0,40,2,2,2,1,25,35,2
1750858,0,1270,0,40,3,8,2,1,46,33,2
1739008,0,1270,0,40,2,6,2,1,44,19,2
1759378,0,1270,0,40,2,5,2,1,37,20,2
1761517,0,1270,0,40,3,4,2,1,38,24,2
1744140,0,1270,0,40,2,9,2,1,76,53,2
1744714,0,1270,0,40,2,4,2,1,36,60,2
1769361,0,1270,0,40,2,3,2,1,27,26,2
1773789,0,1270,0,40,2,2,2,1,25,41,2
1741054,0,1270,0,40,2,7,2,1,60,44,2
1757508,0,1270,0,40,2,5,2,1,46,11,2
1771475,0,1270,0,40,3,3,2,1,24,31,2
1743876,0,1270,0,40,2,5,2,1,73,33,2
1770466,0,1270,0,40,3,3,2,1,23,36,2
1779486,0,1270,0,40,3,1,2,1,17,24,2
1750738,0,1270,0,40,3,6,2,1,61,57,2
1777962,0,1270,0,40,2,2,2,1,17,46,2
1778183,0,1270,0,40,2,1,2,1,16,30,2
1779960,0,1270,0,40,3,1,2,1,16,43,2
1750399,0,1270,0,40,2,8,2,1,66,38,2
1744611,0,1270,0,40,2,5,2,1,41,28,2
1764237,0,1270,0,40,3,7,2,1,29,24,2
1771222,0,1270,0,40,3,2,2,1,30,51,2
1774895,0,1270,0,40,2,3,2,1,18,31,2
1749584,0,1270,0,40,2,7,2,1,66,45,2
1780825,0,1270,0,40,2,1,2,1,15,20,2
1773964,0,1270,0,40,3,2,2,1,20,36,2
1763577,0,1270,0,40,2,5,2,1,28,57,2
1746293,0,1270,0,40,2,10,2,1,70,86,2
1739822,0,1270,0,40,3,9,2,1,69,29,2
1740104,0,1270,0,40,2,10,2,1,61,47,2
1769285,0,1270,0,40,2,5,2,1,27,53,2
1780590,0,1270,0,40,2,1,2,1,14,57,2
1746146,0,1270,0,40,2,8,2,1,73,21,2
1757488,0,1270,0,40,2,6,2,1,33,36,2
1776934,0,1270,0,40,2,2,2,1,16,57,2
1748291,0,1270,0,40,3,8,2,1,60,21,2
1780210,0,1270,0,40,3,1,2,1,13,20,2
1782024,0,1270,0,40,2,1,2,1,13,59,2
1772109,0,1270,0,40,3,3,2,1,19,73,2
1762974,0,1270,0,40,2,4,2,1,38,21,2
1754350,0,1270,0,40,3,5,2,1,57,38,2
1751751,0,1270,0,40,3,8,2,1,53,31,2
1751085,1,1270,1263,28.7231,2,10,2,1,51,20,2
1720811,0,1270,0,40,2,14,2,1,95,32,2
1771599,0,1270,0,40,3,3,2,1,27,13,2
1781382,1,1270,1263,27.5856,2,1,2,1,12,58,2
1782490,0,1270,0,40,3,1,2,1,12,40,2
1743788,0,1270,0,40,3,7,2,1,49,41,2
1776827,0,1270,0,40,2,2,2,1,14,31,2
1768329,0,1270,0,40,2,3,2,1,29,45,2
1752087,0,1270,0,40,3,6,2,1,57,33,2
1753447,0,1270,0,40,3,6,2,1,50,14,2
1765943,0,1270,0,40,2,5,2,1,24,20,2
1764376,0,1270,0,40,3,4,2,1,31,15,2
1759445,0,1270,0,40,2,5,2,1,42,58,2
1770676,0,1270,0,40,3,2,2,1,31,19,2
1753443,0,1270,0,40,3,6,2,1,45,47,2
1757109,0,1270,0,40,2,6,2,1,39,73,2
1749487,0,1270,0,40,3,12,2,1,48,40,2
1779335,0,1270,0,40,3,3,2,1,14,50,2
1782337,0,1270,0,40,3,1,2,1,11,27,2
1782849,0,1270,0,40,2,1,2,1,11,10,2
1783316,0,1270,0,40,2,1,2,1,11,26,2
1783402,0,1270,0,40,2,1,2,1,11,100,2
1750779,0,1270,0,40,2,6,2,1,59,32,2
1769716,0,1270,0,40,3,4,2,1,22,83,2
1771603,0,1270,0,40,2,3,2,1,20,69,2
1773505,0,1270,0,40,2,3,2,1,21,27,2
1775701,0,1270,0,40,2,3,2,1,18,37,2
1773529,0,1270,0,40,3,2,2,1,26,26,2
1767923,0,1270,0,40,2,4,2,1,27,43,2
1781217,0,1270,0,40,2,2,2,1,11,105,2
1782463,0,1270,0,40,3,1,2,1,10,19,2
1782747,0,1270,0,40,3,1,2,1,10,43,2
1783275,0,1270,0,40,3,1,2,1,10,47,2
1783651,0,1270,0,40,3,1,2,1,10,48,2
1783985,0,1270,0,40,2,1,2,1,10,46,2
1736981,0,1270,0,40,2,8,2,1,45,76,2
1747302,0,1270,0,40,3,10,2,1,63,21,2
1746204,0,1270,0,40,2,8,2,1,68,56,2
1766273,0,1270,0,40,2,4,2,1,31,46,2
1769778,0,1270,0,40,2,3,2,1,22,86,2
1760343,0,1270,0,40,3,7,2,1,30,58,2
1749494,0,1270,0,40,2,9,2,1,57,55,2
1756293,0,1270,0,40,3,7,2,1,40,98,2
1774756,0,1270,0,40,3,3,2,1,16,45,2
1776941,0,1270,0,40,3,3,2,1,14,41,2
1765017,0,1270,0,40,2,5,2,1,32,37,2
1769161,0,1270,0,40,3,4,2,1,32,28,2
1771952,0,1270,0,40,3,4,2,1,22,29,2
1741673,0,1270,0,40,2,7,2,1,54,12,2
1751722,0,1270,0,40,3,8,2,1,55,67,2
1740511,0,1270,0,40,2,5,2,1,27,26,2
1783391,0,1270,0,40,3,2,2,1,10,27,2
1784165,0,1270,0,40,3,1,2,1,9,50,2
1784267,0,1270,0,40,2,1,2,1,9,21,2
1784343,0,1270,0,40,3,1,2,1,9,50,2
1784545,0,1270,0,40,3,1,2,1,9,61,2
1742731,0,1270,0,40,3,1,2,1,10,30,2
1774111,0,1270,0,40,3,2,2,1,18,52,2
1779131,0,1270,0,40,3,2,2,1,9,22,2
1745133,0,1270,0,40,2,10,2,1,71,42,2
1741973,0,1270,0,40,3,3,2,1,18,78,2
1755543,0,1270,0,40,3,8,2,1,37,42,2
1758788,0,1270,0,40,2,6,2,1,26,52,2
1775350,0,1270,0,40,3,3,2,1,11,30,2
1764464,0,1270,0,40,3,5,2,1,33,26,2
1779279,0,1270,0,40,3,2,2,1,12,56,2
1771023,0,1270,0,40,3,3,2,1,22,69,2
1763021,0,1270,0,40,3,4,2,1,35,10,2
1776180,0,1270,0,40,3,2,2,1,20,105,2
1780053,0,1270,0,40,3,2,2,1,13,88,2
1746929,0,1270,0,40,2,9,2,1,73,56,2
1777491,0,1270,0,40,2,2,2,1,18,24,2
1772749,0,1270,0,40,2,4,2,1,22,48,2
1771302,0,1270,0,40,2,5,2,1,17,21,2
1764088,0,1270,0,40,2,3,2,1,40,36,2
1740030,0,1270,0,40,3,10,2,1,52,85,2
1750747,0,1270,0,40,2,8,2,1,46,57,2
1758990,0,1270,0,40,2,8,2,1,41,61,2
1776082,1,1270,1250,30.1454,2,3,2,1,18,32,2
1764304,0,1270,0,40,3,5,2,1,36,49,2
1738166,0,1270,0,40,3,8,2,1,52,28,2
1782026,0,1270,0,40,2,2,2,1,12,45,2
1769797,0,1270,0,40,2,3,2,1,34,35,2
1783920,0,1270,0,40,2,1,2,1,8,52,2
1784743,0,1270,0,40,2,1,2,1,8,21,2
1784873,0,1270,0,40,2,1,2,1,8,58,2
1785047,0,1270,0,40,2,1,2,1,8,49,2
1785189,0,1270,0,40,3,1,2,1,8,36,2
1759594,0,1270,0,40,2,6,2,1,30,53,2
1773337,0,1270,0,40,3,3,2,1,15,46,2
1777628,0,1270,0,40,3,2,2,1,11,34,2
1750086,0,1270,0,40,2,7,2,1,64,58,2
1728605,0,1270,0,40,2,11,2,1,75,41,2
1770440,0,1270,0,40,3,3,2,1,24,28,2
1771573,0,1270,0,40,3,3,2,1,17,57,2
1780069,0,1270,0,40,3,2,2,1,10,96,2
1765573,0,1270,0,40,3,5,2,1,32,31,2
1778399,0,1270,0,40,2,3,2,1,9,54,2
1773852,0,1270,0,40,2,3,2,1,15,74,2
1742507,0,1270,0,40,3,8,2,1,37,16,2
1765640,0,1270,0,40,2,6,2,1,25,8,2
1770432,0,1270,0,40,3,4,2,1,22,29,2
1780838,0,1270,0,40,2,2,2,1,10,35,2
1781560,0,1270,0,40,3,2,2,1,9,49,2
1753090,0,1270,0,40,3,7,2,1,51,58,2
1741315,0,1270,0,40,2,4,2,1,19,31,2
1769900,0,1270,0,40,2,6,2,1,19,43,2
1753787,0,1270,0,40,2,5,2,1,56,44,2
1762705,0,1270,0,40,3,5,2,1,31,59,2
1748396,0,1270,0,40,3,9,2,1,64,77,2
1756783,0,1270,0,40,3,7,2,1,44,39,2
1766420,0,1270,0,40,2,6,2,1,27,15,2
1784398,0,1270,0,40,2,1,2,1,7,91,2
1784838,0,1270,0,40,3,1,2,1,7,51,2
1785002,0,1270,0,40,3,1,2,1,7,82,2
1785461,0,1270,0,40,3,1,2,1,7,53,2
1749409,0,1270,0,40,3,6,2,1,62,37,2
1749649,0,1270,0,40,2,11,2,1,50,24,2
1750937,0,1270,0,40,2,7,2,1,52,36,2
1757861,0,1270,0,40,2,7,2,1,43,66,2
1769564,0,1270,0,40,2,5,2,1,20,56,2
1768779,0,1270,0,40,3,4,2,1,23,42,2
1770277,0,1270,0,40,3,4,2,1,19,54,2
1754107,0,1270,0,40,3,8,2,1,47,42,2
1739959,0,1270,0,40,3,5,2,1,38,59,2
1766287,0,1270,0,40,3,4,2,1,28,95,2
1774824,0,1270,0,40,2,4,2,1,19,26,2
1780392,0,1270,0,40,3,2,2,1,11,68,2
1753748,0,1270,0,40,2,7,2,1,41,41,2
1753690,0,1270,0,40,2,5,2,1,58,55,2
1775821,0,1270,0,40,3,2,2,1,20,30,2
1772103,0,1270,0,40,2,3,2,1,19,64,2
1743337,0,1270,0,40,3,5,2,1,35,57,2
1783143,0,1270,0,40,3,2,2,1,7,39,2
1759524,0,1270,0,40,2,5,2,1,43,23,2
1771626,0,1270,0,40,2,3,2,1,27,37,2
1767185,0,1270,0,40,3,6,2,1,22,33,2
1749453,0,1270,0,40,3,10,2,1,52,60,2
1744314,0,1270,0,40,3,6,2,1,45,77,2
1784375,0,1270,0,40,2,2,2,1,7,18,2
1780105,0,1270,0,40,3,2,2,1,15,34,2
1768898,0,1270,0,40,2,5,2,1,27,17,2
1765632,0,1270,0,40,3,6,2,1,25,57,2
1783836,0,1270,0,40,3,1,2,1,6,79,2
1784952,0,1270,0,40,3,1,2,1,6,50,2
1785937,0,1270,0,40,2,1,2,1,6,86,2
1786045,0,1270,0,40,2,1,2,1,6,37,2
1786181,0,1270,0,40,2,1,2,1,6,48,2
1751509,0,1270,0,40,3,8,2,1,48,16,2
1778551,0,1270,0,40,3,2,2,1,9,36,2
1779658,0,1270,0,40,3,2,2,1,6,39,2
1767407,0,1270,0,40,2,4,2,1,20,51,2
1778095,0,1270,0,40,3,2,2,1,10,19,2
1741868,0,1270,0,40,3,9,2,1,37,35,2
1775197,0,1270,0,40,2,2,2,1,19,75,2
1743551,0,1270,0,40,3,10,2,1,44,103,2
1734121,0,1270,0,40,3,6,2,1,53,42,2
1740548,0,1270,0,40,2,10,2,1,27,39,2
1768657,0,1270,0,40,3,5,2,1,18,80,2
1752078,0,1270,0,40,3,9,2,1,47,37,2
1774637,0,1270,0,40,2,4,2,1,12,46,2
1769436,0,1270,0,40,3,3,2,1,29,52,2
1767555,0,1270,0,40,2,5,2,1,24,19,2
1753483,0,1270,0,40,2,10,2,1,47,79,2
1780482,0,1270,0,40,2,2,2,1,9,64,2
1739715,0,1270,0,40,3,8,2,1,48,12,2
1755796,0,1270,0,40,3,8,2,1,47,104,2
1771943,0,1270,0,40,3,4,2,1,19,51,2
1747741,0,1270,0,40,2,7,2,1,79,50,2
1742123,0,1270,0,40,3,9,2,1,64,78,2
1749619,0,1270,0,40,3,10,2,1,49,30,2
1766186,0,1270,0,40,3,5,2,1,33,35,2
1782884,0,1270,0,40,2,2,2,1,9,59,2
1756602,0,1270,0,40,2,6,2,1,44,41,2
1773819,0,1270,0,40,3,5,2,1,17,110,2
1748463,0,1270,0,40,3,9,2,1,67,75,2
1740734,0,1270,0,40,2,9,2,1,71,49,2
1739410,0,1270,0,40,2,7,2,1,67,56,2
1750410,0,1270,0,40,3,9,2,1,63,23,2
1783433,0,1270,0,40,2,1,2,1,5,30,2
1784578,0,1270,0,40,3,1,2,1,5,25,2
1785670,0,1270,0,40,3,1,2,1,5,55,2
1786066,0,1270,0,40,2,1,2,1,5,48,2
1786511,0,1270,0,40,2,1,2,1,5,28,2
1786569,0,1270,0,40,3,1,2,1,5,20,2
1786611,0,1270,0,40,2,1,2,1,5,51,2
1786801,0,1270,0,40,3,1,2,1,5,51,2
1744221,0,1270,0,40,3,3,2,1,56,98,2
1770531,0,1270,0,40,2,1,2,1,34,52,2
1767592,0,1270,0,40,2,2,2,1,37,47,2
1749745,0,1270,0,40,2,5,2,1,72,87,2
1772246,0,1270,0,40,2,2,2,1,30,47,2
1752409,0,1270,0,40,3,6,2,1,57,59,2
1775725,0,1270,0,40,3,1,2,1,26,35,2
1765070,0,1270,0,40,2,3,2,1,35,82,2
1775414,0,1270,0,40,2,1,2,1,23,48,2
1747864,0,1270,0,40,3,10,2,1,63,35,2
1773821,0,1270,0,40,3,2,2,1,23,56,2
1750788,0,1270,0,40,2,7,2,1,56,41,2
1760213,0,1270,0,40,2,6,2,1,48,8,2
1757756,0,1270,0,40,2,5,2,1,39,22,2
1762153,0,1270,0,40,3,4,2,1,34,26,2
1778418,0,1270,0,40,3,1,2,1,20,61,2
1741658,0,1270,0,40,2,2,2,1,29,51,2
1755093,0,1270,0,40,2,7,2,1,44,21,2
1741377,0,1270,0,40,2,8,2,1,67,126,2
1760578,0,1270,0,40,3,4,2,1,42,21,2
1779459,0,1270,0,40,2,1,2,1,19,47,2
1751753,0,1270,0,40,2,6,2,1,65,62,2
1772778,0,1270,0,40,3,3,2,1,20,33,2
1771756,0,1270,0,40,3,3,2,1,26,8,2
1751398,0,1270,0,40,3,6,2,1,58,30,2
1749221,0,1270,0,40,2,7,2,1,61,51,2
1757864,0,1270,0,40,3,5,2,1,52,35,2
1745005,0,1270,0,40,3,3,2,1,42,21,2
1774698,0,1270,0,40,3,3,2,1,20,119,2
1768197,0,1270,0,40,3,4,2,1,36,57,2
1780483,0,1270,0,40,3,1,2,1,17,53,2
1767156,0,1270,0,40,3,4,2,1,24,52,2
1766066,0,1270,0,40,2,3,2,1,37,46,2
1747649,0,1270,0,40,2,10,2,1,57,53,2
1773579,0,1270,0,40,3,3,2,1,17,25,2
1762949,0,1270,0,40,3,4,2,1,40,75,2
1742829,0,1270,0,40,2,7,2,1,49,35,2
1753534,0,1270,0,40,3,7,2,1,48,36,2
1780502,0,1270,0,40,3,1,2,1,15,17,2
1771271,0,1270,0,40,2,2,2,1,25,10,2
1742668,0,1270,0,40,2,5,2,1,22,44,2
1762790,0,1270,0,40,2,5,2,1,26,37,2
1768100,0,1270,0,40,2,3,2,1,32,35,2
1772629,0,1270,0,40,2,3,2,1,23,23,2
1752648,0,1270,0,40,3,8,2,1,57,53,2
1767069,0,1270,0,40,3,4,2,1,36,38,2
1741808,0,1270,0,40,2,6,2,1,49,84,2
1781766,0,1270,0,40,2,1,2,1,14,33,2
1766689,0,1270,0,40,3,3,2,1,28,26,2
1755637,0,1270,0,40,3,7,2,1,48,58,2
1746110,0,1270,0,40,3,8,2,1,80,47,2
1775502,0,1270,0,40,2,3,2,1,16,23,2
1772479,0,1270,0,40,3,3,2,1,19,47,2
1779819,0,1270,0,40,2,2,2,1,16,75,2
1763047,0,1270,0,40,2,7,2,1,29,29,2
1781727,0,1270,0,40,2,1,2,1,13,58,2
1782155,0,1270,0,40,3,1,2,1,13,39,2
1782540,0,1270,0,40,2,1,2,1,13,38,2
1782630,0,1270,0,40,3,1,2,1,13,74,2
1782796,0,1270,0,40,3,1,2,1,13,89,2
1745814,0,1270,0,40,3,10,2,1,56,30,2
1761177,0,1270,0,40,2,6,2,1,30,34,2
1765570,0,1270,0,40,3,4,2,1,24,42,2
1757352,0,1270,0,40,2,7,2,1,37,32,2
1765385,0,1270,0,40,2,4,2,1,32,50,2
1760074,0,1270,0,40,2,5,2,1,30,88,2
1775639,0,1270,0,40,3,2,2,1,21,34,2
1741118,0,1270,0,40,2,4,2,1,33,39,2
1778521,0,1270,0,40,2,2,2,1,13,37,2
1757024,0,1270,0,40,2,6,2,1,45,32,2
1776605,0,1270,0,40,2,3,2,1,18,35,2
1764131,0,1270,0,40,3,5,2,1,27,50,2
1756409,0,1270,0,40,3,9,2,1,38,23,2
1773167,0,1270,0,40,2,5,2,1,23,37,2
1754515,0,1270,0,40,2,6,2,1,62,61,2
1757737,0,1270,0,40,3,6,2,1,51,55,2
1781853,0,1270,0,40,3,1,2,1,12,57,2
1782920,0,1270,0,40,2,1,2,1,12,67,2
1783168,0,1270,0,40,2,1,2,1,12,28,2
1783270,0,1270,0,40,3,1,2,1,12,37,2
1783448,0,1270,0,40,2,1,2,1,12,101,2
1764184,0,1270,0,40,3,3,2,1,30,9,2
1770458,0,1270,0,40,2,4,2,1,26,42,2
1760854,0,1270,0,40,3,3,2,1,52,12,2
1761715,0,1270,0,40,2,5,2,1,39,62,2
1744906,0,1270,0,40,2,11,2,1,90,20,2
1772413,0,1270,0,40,3,4,2,1,18,35,2
1765424,0,1270,0,40,3,4,2,1,32,68,2
1766246,0,1270,0,40,3,3,2,1,39,32,2
1757201,0,1270,0,40,3,7,2,1,42,27,2
1772194,0,1270,0,40,3,3,2,1,26,50,2
1769629,0,1270,0,40,2,4,2,1,29,131,2
1779301,0,1270,0,40,2,2,2,1,17,20,2
1780235,0,1270,0,40,3,2,2,1,15,24,2
1769401,0,1270,0,40,2,3,2,1,31,64,2
1773129,0,1270,0,40,2,4,2,1,19,14,2
1778813,0,1270,0,40,2,2,2,1,14,32,2
1783443,0,1270,0,40,3,1,2,1,11,27,2
1783557,0,1270,0,40,2,1,2,1,11,31,2
1783755,0,1270,0,40,2,1,2,1,11,38,2
1744690,0,1270,0,40,3,6,2,1,45,52,2
1754378,0,1270,0,40,2,8,2,1,36,28,2
1771725,0,1270,0,40,2,5,2,1,17,63,2
1745735,0,1270,0,40,2,10,2,1,80,41,2
1777886,0,1270,0,40,2,2,2,1,17,31,2
1771504,0,1270,0,40,3,4,2,1,24,45,2
1773352,0,1270,0,40,2,2,2,1,26,51,2
1779313,0,1270,0,40,3,2,2,1,16,49,2
1781330,0,1270,0,40,2,2,2,1,11,84,2
1783618,0,1270,0,40,3,1,2,1,10,46,2
1784307,0,1270,0,40,3,1,2,1,10,69,2
1769659,0,1270,0,40,3,5,2,1,19,31,2
1772676,0,1270,0,40,2,3,2,1,18,57,2
1768995,0,1270,0,40,2,4,2,1,21,62,2
1739686,0,1270,0,40,3,11,2,1,49,24,2
1751400,0,1270,0,40,2,5,2,1,63,29,2
1758230,0,1270,0,40,2,5,2,1,38,39,2
1760345,0,1270,0,40,2,5,2,1,32,61,2
1750126,0,1270,0,40,3,9,2,1,61,47,2
1774867,0,1270,0,40,2,3,2,1,17,38,2
1781374,0,1270,0,40,2,2,2,1,10,46,2
1766959,0,1270,0,40,3,6,2,1,24,26,2
1782322,0,1270,0,40,3,2,2,1,11,51,2
1784116,0,1270,0,40,3,1,2,1,9,21,2
1784488,0,1270,0,40,2,1,2,1,9,40,2
1784596,0,1270,0,40,2,1,2,1,9,96,2
1784737,0,1270,0,40,2,1,2,1,9,11,2
1784865,0,1270,0,40,2,1,2,1,9,41,2
1785187,0,1270,0,40,2,1,2,1,9,48,2
1772267,0,1270,0,40,2,2,2,1,18,44,2
1771654,0,1270,0,40,2,4,2,1,16,57,2
1767049,0,1270,0,40,2,5,2,1,22,92,2
1741391,0,1270,0,40,2,4,2,1,56,94,2
1766675,0,1270,0,40,3,5,2,1,25,64,2
1776187,0,1270,0,40,3,2,2,1,17,33,2
1766016,0,1270,0,40,3,6,2,1,21,52,2
1762227,0,1270,0,40,2,7,2,1,27,48,2
1758784,0,1270,0,40,3,7,2,1,37,74,2
1781340,0,1270,0,40,2,2,2,1,9,41,2
1749716,0,1270,0,40,3,9,2,1,53,26,2
1771692,0,1270,0,40,2,4,2,1,22,36,2
1744824,0,1270,0,40,3,6,2,1,37,27,2
1767418,0,1270,0,40,3,6,2,1,23,29,2
1764049,0,1270,0,40,3,5,2,1,34,43,2
1778510,0,1270,0,40,2,2,2,1,17,29,2
1741896,0,1270,0,40,3,5,2,1,34,119,2
1757410,0,1270,0,40,2,8,2,1,38,41,2
1740963,0,1270,0,40,2,6,2,1,32,29,2
1739972,0,1270,0,40,2,6,2,1,48,73,2
1776314,0,1270,0,40,2,3,2,1,19,23,2
1768421,0,1270,0,40,2,3,2,1,35,24,2
1767204,0,1270,0,40,2,6,2,1,29,23,2
1774832,1,1270,1255,21.6542,3,4,2,1,16,85,2
1783612,0,1270,0,40,3,1,2,1,8,19,2
1784842,0,1270,0,40,3,1,2,1,8,92,2
1785673,0,1270,0,40,2,1,2,1,8,60,2
1785765,0,1270,0,40,2,1,2,1,8,32,2
1768568,0,1270,0,40,2,3,2,1,27,73,2
1749688,0,1270,0,40,3,9,2,1,50,43,2
1728268,0,1270,0,40,3,12,2,1,90,58,2
1775752,0,1270,0,40,2,2,2,1,20,33,2
1767645,0,1270,0,40,2,3,2,1,29,73,2
1742213,0,1270,0,40,2,7,2,1,38,56,2
1742267,0,1270,0,40,2,6,2,1,46,36,2
1780046,0,1270,0,40,2,2,2,1,11,100,2
1762336,0,1270,0,40,2,4,2,1,41,53,2
1739049,0,1270,0,40,3,8,2,1,35,75,2
1772941,0,1270,0,40,3,3,2,1,21,35,2
1769683,0,1270,0,40,3,3,2,1,29,62,2
1760149,0,1270,0,40,2,5,2,1,44,30,2
1739427,0,1270,0,40,3,7,2,1,48,27,2
1774160,0,1270,0,40,2,4,2,1,19,50,2
1763845,0,1270,0,40,3,6,2,1,34,36,2
1778775,0,1270,0,40,3,2,2,1,16,54,2
1777637,0,1270,0,40,2,3,2,1,14,44,2
1770221,0,1270,0,40,2,4,2,1,20,55,2
1783741,0,1270,0,40,3,2,2,1,8,14,2
1778550,0,1270,0,40,2,4,2,1,14,27,2
1763262,0,1270,0,40,3,5,2,1,36,67,2
1740535,0,1270,0,40,3,10,2,1,75,59,2
1753902,0,1270,0,40,2,10,2,1,48,85,2
1733612,0,1270,0,40,3,11,2,1,80,32,2
1784058,0,1270,0,40,3,1,2,1,7,58,2
1784680,0,1270,0,40,2,1,2,1,7,44,2
1785064,0,1270,0,40,3,1,2,1,7,53,2
1785368,0,1270,0,40,2,1,2,1,7,11,2
1785907,0,1270,0,40,3,1,2,1,7,54,2
1786127,0,1270,0,40,2,1,2,1,7,9,2
1786173,0,1270,0,40,3,1,2,1,7,78,2
1741032,0,1270,0,40,2,8,2,1,47,12,2
1772058,0,1270,0,40,3,4,2,1,13,52,2
1763656,0,1270,0,40,2,4,2,1,32,50,2
1768982,0,1270,0,40,3,4,2,1,24,87,2
1778043,0,1270,0,40,2,3,2,1,9,47,2
1774244,0,1270,0,40,2,3,2,1,17,44,2
1753767,0,1270,0,40,2,7,2,1,52,30,2
1754191,0,1270,0,40,2,8,2,1,38,25,2
1778939,0,1270,0,40,2,3,2,1,10,42,2
1770622,0,1270,0,40,3,2,2,1,31,37,2
1770436,0,1270,0,40,3,5,2,1,25,71,2
1760208,0,1270,0,40,3,6,2,1,35,78,2
1779177,0,1270,0,40,3,2,2,1,14,36,2
1768322,0,1270,0,40,2,3,2,1,33,13,2
1779937,0,1270,0,40,2,3,2,1,13,48,2
1761328,0,1270,0,40,2,5,2,1,30,42,2
1753260,0,1270,0,40,3,6,2,1,54,33,2
1771554,0,1270,0,40,3,3,2,1,27,33,2
1754564,0,1270,0,40,3,10,2,1,39,48,2
1783220,0,1270,0,40,2,2,2,1,9,25,2
1778045,0,1270,0,40,2,3,2,1,13,66,2
1776687,0,1270,0,40,3,2,2,1,22,33,2
1763483,0,1270,0,40,3,5,2,1,39,10,2
1769435,1,1270,1264,35.292,2,4,2,1,26,50,2
1771879,0,1270,0,40,2,4,2,1,23,55,2
1783851,0,1270,0,40,2,2,2,1,9,66,2
1770749,0,1270,0,40,3,6,2,1,15,66,2
1773812,0,1270,0,40,3,3,2,1,25,53,2
1777077,0,1270,0,40,3,3,2,1,13,41,2
1770922,0,1270,0,40,3,4,2,1,31,46,2
1784676,0,1270,0,40,3,1,2,1,6,52,2
1785124,0,1270,0,40,3,1,2,1,6,25,2
1785882,0,1270,0,40,3,1,2,1,6,80,2
1786074,0,1270,0,40,3,1,2,1,6,35,2
1786150,0,1270,0,40,3,1,2,1,6,17,2
1786286,0,1270,0,40,2,1,2,1,6,40,2
1786517,0,1270,0,40,2,1,2,1,6,31,2
1786583,0,1270,0,40,3,1,2,1,6,33,2
1786601,0,1270,0,40,2,1,2,1,6,29,2
1786719,0,1270,0,40,3,1,2,1,6,26,2
1750204,0,1270,0,40,3,9,2,1,29,51,2
1766787,0,1270,0,40,2,6,2,1,19,31,2
1776647,0,1270,0,40,3,2,2,1,16,28,2
1767541,0,1270,0,40,2,4,2,1,28,63,2
1763936,0,1270,0,40,2,5,2,1,28,24,2
1775998,0,1270,0,40,3,3,2,1,10,77,2
1776903,0,1270,0,40,2,3,2,1,10,32,2
1777346,0,1270,0,40,3,2,2,1,15,64,2
1773717,0,1270,0,40,2,3,2,1,16,73,2
1744723,0,1270,0,40,2,8,2,1,41,45,2
1769381,0,1270,0,40,2,4,2,1,23,103,2
1772881,0,1270,0,40,3,2,2,1,26,102,2
1732759,0,1270,0,40,3,10,2,1,78,36,2
1761740,0,1270,0,40,2,5,2,1,31,30,2
1744513,0,1270,0,40,2,6,2,1,52,87,2
1763000,0,1270,0,40,2,6,2,1,26,67,2
1778565,0,1270,0,40,3,2,2,1,12,35,2
1765739,0,1270,0,40,3,5,2,1,20,19,2
1777864,0,1270,0,40,3,3,2,1,12,46,2
1741079,0,1270,0,40,2,4,2,1,17,49,2
1781809,0,1270,0,40,3,2,2,1,6,35,2
1767190,0,1270,0,40,2,6,2,1,18,53,2
1739831,0,1270,0,40,2,10,2,1,74,28,2
1754522,0,1270,0,40,2,7,2,1,33,72,2
1780847,0,1270,0,40,3,3,2,1,8,93,2
1784002,0,1270,0,40,3,2,2,1,6,52,2
1760869,0,1270,0,40,3,6,2,1,32,46,2
1751099,0,1270,0,40,2,8,2,1,62,37,2
1781910,0,1270,0,40,2,2,2,1,11,33,2
1782422,0,1270,0,40,2,2,2,1,10,32,2
1761972,0,1270,0,40,2,6,2,1,34,44,2
1741057,0,1270,0,40,2,6,2,1,59,51,2
1748029,0,1270,0,40,3,11,2,1,65,93,2
1780682,0,1270,0,40,2,2,2,1,13,43,2
1772231,0,1270,0,40,3,4,2,1,17,33,2
1754401,0,1270,0,40,3,9,2,1,44,45,2
1748653,0,1270,0,40,3,10,2,1,53,128,2
1765160,0,1270,0,40,2,5,2,1,24,56,2
1778249,0,1270,0,40,3,3,2,1,11,71,2
1784969,0,1270,0,40,3,2,2,1,7,43,2
1774664,0,1270,0,40,2,3,2,1,18,31,2
1745767,0,1270,0,40,3,12,2,1,71,41,2
1769614,0,1270,0,40,3,5,2,1,21,37,2
1764831,0,1270,0,40,3,7,2,1,26,48,2
1770879,0,1270,0,40,2,5,2,1,16,40,2
1785908,0,1270,0,40,3,1,2,1,5,12,2
1785996,0,1270,0,40,3,1,2,1,5,74,2
1786716,0,1270,0,40,3,1,2,1,5,39,2
1786937,0,1270,0,40,3,1,2,1,5,21,2
1787095,0,1270,0,40,3,1,2,1,5,60,2
1787249,0,1270,0,40,2,1,2,1,5,43,2
1760585,0,1270,0,40,3,2,2,1,57,53,2
1758486,0,1270,0,40,3,4,2,1,51,46,2
1761277,0,1270,0,40,2,4,2,1,40,43,2
1773832,0,1270,0,40,3,1,2,1,30,21,2
1775785,2,1270,0,40,2,1,2,1,25,32,2
1765681,0,1270,0,40,2,3,2,1,39,41,2
1739975,0,1270,0,40,3,5,2,1,61,46,2
1743572,0,1270,0,40,2,2,2,1,44,36,2
1770123,0,1270,0,40,3,2,2,1,34,26,2
1774270,0,1270,0,40,3,2,2,1,26,64,2
1778674,0,1270,0,40,2,1,2,1,21,31,2
1744982,0,1270,0,40,2,7,2,1,56,74,2
1764891,0,1270,0,40,3,4,2,1,36,69,2
1759163,0,1270,0,40,3,6,2,1,36,59,2
1765763,0,1270,0,40,3,4,2,1,38,58,2
1765816,0,1270,0,40,3,4,2,1,27,49,2
1769144,0,1270,0,40,2,3,2,1,32,54,2
1759500,0,1270,0,40,3,4,2,1,34,26,2
1768860,0,1270,0,40,2,3,2,1,30,37,2
1755506,0,1270,0,40,3,7,2,1,39,55,2
1777118,0,1270,0,40,2,2,2,1,21,28,2
1749165,0,1270,0,40,3,11,2,1,55,49,2
1779552,0,1270,0,40,2,1,2,1,18,108,2
1751638,0,1270,0,40,2,7,2,1,54,37,2
1772563,0,1270,0,40,2,3,2,1,26,56,2
1759331,0,1270,0,40,2,5,2,1,46,26,2
1751224,0,1270,0,40,2,7,2,1,67,87,2
1779734,0,1270,0,40,2,1,2,1,17,17,2
1780861,0,1270,0,40,2,1,2,1,17,58,2
1741831,0,1270,0,40,3,5,2,1,59,99,2
1766671,0,1270,0,40,2,4,2,1,31,40,2
1777501,0,1270,0,40,3,2,2,1,20,71,2
1777810,0,1270,0,40,3,1,2,1,16,45,2
1779874,0,1270,0,40,2,1,2,1,16,44,2
1781683,0,1270,0,40,3,1,2,1,16,36,2
1751431,0,1270,0,40,3,8,2,1,55,63,2
1745646,0,1270,0,40,2,10,2,1,76,54,2
1776854,0,1270,0,40,3,3,2,1,19,72,2
1776648,0,1270,0,40,3,3,2,1,18,15,2
1778923,0,1270,0,40,3,2,2,1,18,52,2
1781484,0,1270,0,40,2,1,2,1,15,26,2
1745502,0,1270,0,40,3,2,2,1,17,17,2
1762067,0,1270,0,40,2,6,2,1,33,87,2
1743034,0,1270,0,40,3,4,2,1,22,30,2
1776841,0,1270,0,40,3,2,2,1,17,63,2
1750064,0,1270,0,40,3,11,2,1,50,37,2
1746510,0,1270,0,40,3,8,2,1,75,40,2
1777677,0,1270,0,40,2,3,2,1,18,27,2
1758369,0,1270,0,40,2,8,2,1,38,51,2
1758301,0,1270,0,40,3,7,2,1,35,48,2
1755461,0,1270,0,40,2,8,2,1,43,82,2
1770022,0,1270,0,40,3,4,2,1,26,67,2
1779601,0,1270,0,40,3,3,2,1,16,35,2
1773243,0,1270,0,40,3,3,2,1,27,43,2
1751342,0,1270,0,40,3,5,2,1,63,28,2
1782325,0,1270,0,40,3,1,2,1,13,30,2
1783184,0,1270,0,40,3,1,2,1,13,80,2
1761101,0,1270,0,40,2,4,2,1,37,33,2
1777826,0,1270,0,40,3,2,2,1,15,44,2
1750285,0,1270,0,40,3,8,2,1,66,20,2
1744525,0,1270,0,40,3,5,2,1,29,21,2
1773169,1,1270,1254,19.0029,3,4,2,1,25,39,2
1779074,0,1270,0,40,2,2,2,1,16,45,2
1741946,0,1270,0,40,2,5,2,1,33,20,2
1754692,0,1270,0,40,2,8,2,1,53,13,2
1781489,0,1270,0,40,3,2,2,1,15,14,2
1780812,0,1270,0,40,2,1,2,1,12,38,2
1782643,0,1270,0,40,3,1,2,1,12,31,2
1783663,0,1270,0,40,3,1,2,1,12,70,2
1751666,0,1270,0,40,3,9,2,1,48,43,2
1771016,0,1270,0,40,2,3,2,1,25,86,2
1742708,0,1270,0,40,3,8,2,1,48,31,2
1705036,0,1270,0,40,3,14,2,1,119,16,2
1761712,0,1270,0,40,2,5,2,1,36,40,2
1775848,0,1270,0,40,2,3,2,1,18,61,2
1779524,0,1270,0,40,3,2,2,1,14,28,2
1780308,0,1270,0,40,2,2,2,1,13,46,2
1770215,0,1270,0,40,3,3,2,1,25,34,2
1760739,0,1270,0,40,3,6,2,1,48,44,2
1762311,0,1270,0,40,2,3,2,1,50,40,2
1770890,0,1270,0,40,3,4,2,1,28,68,2
1783586,0,1270,0,40,3,1,2,1,11,44,2
1784038,0,1270,0,40,3,1,2,1,11,45,2
1784509,0,1270,0,40,3,1,2,1,11,29,2
1744084,0,1270,0,40,2,1,2,1,21,40,2
1771961,0,1270,0,40,3,3,2,1,17,34,2
1766963,0,1270,0,40,3,3,2,1,30,44,2
1751839,0,1270,0,40,3,7,2,1,54,44,2
1759225,0,1270,0,40,2,5,2,1,38,38,2
1741716,0,1270,0,40,2,3,2,1,24,90,2
1780963,0,1270,0,40,3,2,2,1,13,47,2
1780614,0,1270,0,40,3,2,2,1,12,73,2
1778491,0,1270,0,40,3,2,2,1,17,60,2
1773300,0,1270,0,40,3,4,2,1,17,85,2
1780600,0,1270,0,40,3,2,2,1,12,30,2
1751535,0,1270,0,40,3,6,2,1,63,90,2
1773654,0,1270,0,40,3,3,2,1,24,17,2
1781804,0,1270,0,40,3,2,2,1,14,53,2
1750939,1,1270,1265,28.2321,2,10,2,1,50,56,2
1780489,0,1270,0,40,2,3,2,1,15,131,2
1783584,0,1270,0,40,3,1,2,1,10,45,2
1785199,0,1270,0,40,3,1,2,1,10,52,2
1747626,0,1270,0,40,3,9,2,1,58,39,2
1756714,0,1270,0,40,3,7,2,1,33,41,2
1774107,0,1270,0,40,3,4,2,1,18,90,2
1779443,0,1270,0,40,2,2,2,1,13,16,2
1762158,0,1270,0,40,3,6,2,1,32,63,2
1775219,0,1270,0,40,3,2,2,1,21,43,2
1767632,0,1270,0,40,2,4,2,1,31,39,2
1742119,0,1270,0,40,2,7,2,1,54,66,2
1778356,0,1270,0,40,3,2,2,1,17,32,2
1768900,0,1270,0,40,2,4,2,1,27,64,2
1746649,0,1270,0,40,2,10,2,1,70,35,2
1763222,0,1270,0,40,2,6,2,1,37,22,2
1782689,0,1270,0,40,3,2,2,1,10,28,2
1758465,0,1270,0,40,2,6,2,1,41,52,2
1767086,0,1270,0,40,2,4,2,1,32,21,2
1756241,0,1270,0,40,2,5,2,1,43,60,2
1761891,0,1270,0,40,2,5,2,1,43,24,2
1759121,0,1270,0,40,3,8,2,1,46,44,2
1784778,0,1270,0,40,3,1,2,1,9,30,2
1785297,0,1270,0,40,3,1,2,1,9,26,2
1785423,0,1270,0,40,3,1,2,1,9,43,2
1785585,0,1270,0,40,3,1,2,1,9,60,2
1757160,0,1270,0,40,3,7,2,1,36,33,2
1769534,0,1270,0,40,2,3,2,1,21,57,2
1760535,0,1270,0,40,2,7,2,1,36,58,2
1774531,0,1270,0,40,2,2,2,1,21,29,2
1773545,0,1270,0,40,3,3,2,1,23,37,2
1742934,0,1270,0,40,2,6,2,1,50,54,2
1761362,0,1270,0,40,3,7,2,1,31,21,2
1780444,0,1270,0,40,2,2,2,1,11,32,2
1781399,0,1270,0,40,3,2,2,1,11,29,2
1762613,0,1270,0,40,3,6,2,1,32,46,2
1761268,1,1270,1265,35.9519,2,4,2,1,41,61,2
1772825,0,1270,0,40,2,4,2,1,24,26,2
1782588,0,1270,0,40,2,2,2,1,11,56,2
1778362,0,1270,0,40,3,3,2,1,15,60,2
1747283,0,1270,0,40,3,9,2,1,75,45,2
1779189,0,1270,0,40,2,2,2,1,18,21,2
1770844,0,1270,0,40,2,5,2,1,21,36,2
1785216,0,1270,0,40,2,1,2,1,8,59,2
1785624,0,1270,0,40,3,1,2,1,8,55,2
1785867,0,1270,0,40,2,1,2,1,8,55,2
1786073,0,1270,0,40,2,1,2,1,8,21,2
1786177,0,1270,0,40,3,1,2,1,8,85,2
1779086,0,1270,0,40,3,2,2,1,11,49,2
1758243,0,1270,0,40,3,7,2,1,35,36,2
1766421,0,1270,0,40,2,4,2,1,26,67,2
1736369,0,1270,0,40,2,7,2,1,32,34,2
1764367,0,1270,0,40,2,6,2,1,21,41,2
1775052,1,1270,1242,13.9234,3,4,2,1,12,35,2
1738753,0,1270,0,40,2,10,2,1,55,40,2
1773108,0,1270,0,40,2,4,2,1,20,75,2
1779935,0,1270,0,40,2,2,2,1,15,67,2
1782593,0,1270,0,40,2,2,2,1,9,20,2
1761170,0,1270,0,40,2,4,2,1,41,41,2
1752741,0,1270,0,40,3,7,2,1,52,36,2
1761704,0,1270,0,40,3,6,2,1,31,52,2
1765067,0,1270,0,40,3,7,2,1,29,27,2
1780609,0,1270,0,40,3,2,2,1,16,40,2
1752068,0,1270,0,40,2,7,2,1,54,64,2
1786535,0,1270,0,40,2,1,2,1,7,42,2
1786891,0,1270,0,40,2,1,2,1,7,53,2
1764621,0,1270,0,40,3,5,2,1,23,42,2
1766204,0,1270,0,40,2,4,2,1,30,26,2
1779357,0,1270,0,40,3,2,2,1,13,30,2
1748669,0,1270,0,40,3,7,2,1,61,79,2
1757067,0,1270,0,40,3,8,2,1,39,37,2
1772770,0,1270,0,40,3,3,2,1,18,29,2
1742732,0,1270,0,40,3,6,2,1,36,68,2
1780349,0,1270,0,40,2,2,2,1,12,32,2
1767924,0,1270,0,40,2,5,2,1,22,23,2
1752385,0,1270,0,40,2,8,2,1,49,88,2
1781611,0,1270,0,40,3,2,2,1,11,53,2
1776401,0,1270,0,40,3,3,2,1,12,42,2
1782946,0,1270,0,40,3,2,2,1,8,37,2
1763857,0,1270,0,40,3,6,2,1,39,50,2
1744807,0,1270,0,40,2,5,2,1,48,27,2
1754586,0,1270,0,40,2,9,2,1,47,38,2
1759580,0,1270,0,40,2,6,2,1,26,68,2
1771646,0,1270,0,40,3,6,2,1,21,30,2
1780410,0,1270,0,40,3,2,2,1,12,57,2
1772042,0,1270,0,40,2,5,2,1,16,41,2
1757129,0,1270,0,40,3,7,2,1,42,65,2
1741232,0,1270,0,40,3,10,2,1,64,22,2
1770021,0,1270,0,40,2,6,2,1,19,30,2
1774760,0,1270,0,40,2,3,2,1,24,70,2
1785354,0,1270,0,40,3,1,2,1,6,36,2
1785924,0,1270,0,40,2,1,2,1,6,59,2
1786328,0,1270,0,40,3,1,2,1,6,51,2
1786404,0,1270,0,40,2,1,2,1,6,98,2
1786596,0,1270,0,40,2,1,2,1,6,32,2
1787133,0,1270,0,40,2,1,2,1,6,56,2
1787229,0,1270,0,40,2,1,2,1,6,70,2
1787269,0,1270,0,40,3,1,2,1,6,51,2
1787311,0,1270,0,40,2,1,2,1,6,43,2
1775891,0,1270,0,40,3,2,2,1,12,20,2
1754816,0,1270,0,40,2,8,2,1,39,27,2
1741587,0,1270,0,40,3,5,2,1,34,49,2
1776402,0,1270,0,40,2,3,2,1,8,13,2
1778092,0,1270,0,40,2,3,2,1,9,33,2
1738765,0,1270,0,40,3,5,2,1,60,33,2
1778497,0,1270,0,40,2,3,2,1,11,42,2
1759733,0,1270,0,40,3,9,2,1,32,65,2
1742409,1,1270,1265,19.1876,3,11,2,1,61,28,2
1768408,0,1270,0,40,3,4,2,1,22,27,2
1753294,0,1270,0,40,2,5,2,1,49,86,2
1738730,0,1270,0,40,3,9,2,1,23,44,2
1755116,0,1270,0,40,3,6,2,1,44,24,2
1774033,0,1270,0,40,2,3,2,1,16,39,2
1748641,0,1270,0,40,3,9,2,1,61,35,2
1781869,0,1270,0,40,3,2,2,1,8,44,2
1775068,0,1270,0,40,2,3,2,1,12,23,2
1782359,0,1270,0,40,2,2,2,1,7,41,2
1783941,0,1270,0,40,2,2,2,1,7,40,2
1774839,0,1270,0,40,3,2,2,1,22,72,2
1747679,0,1270,0,40,2,11,2,1,45,53,2
1718726,1,1270,1236,31.0092,2,16,2,1,75,37,2
1777314,0,1270,0,40,2,3,2,1,16,45,2
1741860,0,1270,0,40,3,6,2,1,40,31,2
1783513,0,1270,0,40,2,2,2,1,8,63,2
1753833,0,1270,0,40,2,9,2,1,49,23,2
1768355,0,1270,0,40,3,5,2,1,25,18,2
1784468,0,1270,0,40,3,2,2,1,6,43,2
1781058,0,1270,0,40,3,2,2,1,13,30,2
1782750,0,1270,0,40,3,2,2,1,11,19,2
1774252,0,1270,0,40,3,4,2,1,19,11,2
1762928,0,1270,0,40,2,6,2,1,36,33,2
1784423,0,1270,0,40,2,2,2,1,8,21,2
1765035,0,1270,0,40,2,5,2,1,26,30,2
1784645,0,1270,0,40,2,2,2,1,7,27,2
1779417,0,1270,0,40,2,3,2,1,16,52,2
1778593,0,1270,0,40,2,3,2,1,10,48,2
1767589,0,1270,0,40,3,6,2,1,29,14,2
1773031,0,1270,0,40,3,4,2,1,20,56,2
1751553,0,1270,0,40,3,8,2,1,61,36,2
1759536,0,1270,0,40,2,8,2,1,37,84,2
1784731,0,1270,0,40,3,2,2,1,9,50,2
1780506,0,1270,0,40,3,3,2,1,9,44,2
1785980,0,1270,0,40,2,2,2,1,6,26,2
1786694,0,1270,0,40,2,1,2,1,5,42,2
1786862,0,1270,0,40,2,1,2,1,5,45,2
1787036,0,1270,0,40,2,1,2,1,5,63,2
1787200,0,1270,0,40,3,1,2,1,5,21,2
1787344,0,1270,0,40,2,1,2,1,5,24,2
1787587,0,1270,0,40,3,1,2,1,5,85,2
1787683,0,1270,0,40,2,1,2,1,5,48,2
1787721,0,1270,0,40,2,1,2,1,5,67,2
1787839,0,1270,0,40,2,1,2,1,5,38,2
1787893,0,1270,0,40,3,1,2,1,5,35,2
1788061,0,1270,0,40,3,1,2,1,5,25,2
1772800,0,1270,0,40,2,1,2,1,32,26,2
1756898,0,1270,0,40,2,5,2,1,53,38,2
1774986,0,1270,0,40,3,1,2,1,29,54,2
1760339,0,1270,0,40,3,4,2,1,43,14,2
1772352,0,1270,0,40,3,2,2,1,33,68,2
1777528,0,1270,0,40,3,1,2,1,23,83,2
1761238,0,1270,0,40,2,4,2,1,43,15,2
1771994,0,1270,0,40,3,2,2,1,26,87,2
1778851,0,1270,0,40,3,1,2,1,21,50,2
1749310,0,1270,0,40,2,8,2,1,64,96,2
1779837,0,1270,0,40,2,1,2,1,20,21,2
1761866,0,1270,0,40,2,7,2,1,31,33,2
1779952,0,1270,0,40,3,1,2,1,19,42,2
1762091,0,1270,0,40,2,5,2,1,41,34,2
1769538,0,1270,0,40,2,3,2,1,25,57,2
1776615,0,1270,0,40,2,2,2,1,21,51,2
1756108,0,1270,0,40,3,5,2,1,53,59,2
1780759,0,1270,0,40,3,1,2,1,18,37,2
1765392,0,1270,0,40,3,3,2,1,37,37,2
1753601,0,1270,0,40,3,6,2,1,49,75,2
1753229,0,1270,0,40,2,7,2,1,56,101,2
1768979,0,1270,0,40,2,4,2,1,31,41,2
1758428,0,1270,0,40,3,7,2,1,36,61,2
1782198,0,1270,0,40,2,1,2,1,16,36,2
1761380,0,1270,0,40,3,5,2,1,33,23,2
1751643,0,1270,0,40,3,10,2,1,57,70,2
1764416,0,1270,0,40,3,5,2,1,37,97,2
1775774,0,1270,0,40,3,3,2,1,19,33,2
1782498,0,1270,0,40,2,1,2,1,15,38,2
1782758,0,1270,0,40,2,1,2,1,15,25,2
1767651,0,1270,0,40,3,3,2,1,27,44,2
1741540,0,1270,0,40,3,9,2,1,60,7,2
1758808,0,1270,0,40,3,6,2,1,34,46,2
1759227,0,1270,0,40,3,5,2,1,45,20,2
1751421,0,1270,0,40,2,8,2,1,60,23,2
1769488,0,1270,0,40,3,4,2,1,31,38,2
1743150,0,1270,0,40,3,5,2,1,51,42,2
1783360,0,1270,0,40,3,1,2,1,14,25,2
1749579,0,1270,0,40,3,8,2,1,58,69,2
1774117,0,1270,0,40,2,2,2,1,24,12,2
1780061,0,1270,0,40,2,2,2,1,15,77,2
1762075,0,1270,0,40,3,6,2,1,35,37,2
1740745,0,1270,0,40,2,10,2,1,61,51,2
1783649,0,1270,0,40,2,1,2,1,13,20,2
1783757,0,1270,0,40,3,1,2,1,13,44,2
1757728,0,1270,0,40,2,5,2,1,33,30,2
1759218,0,1270,0,40,2,7,2,1,37,59,2
1777309,0,1270,0,40,2,2,2,1,19,44,2
1781101,0,1270,0,40,3,2,2,1,14,26,2
1775903,0,1270,0,40,3,2,2,1,19,24,2
1753396,0,1270,0,40,3,9,2,1,35,32,2
1774987,0,1270,0,40,3,2,2,1,21,31,2
1782735,0,1270,0,40,3,1,2,1,12,12,2
1783005,0,1270,0,40,3,1,2,1,12,33,2
1772795,0,1270,0,40,2,2,2,1,26,45,2
1768826,0,1270,0,40,3,3,2,1,31,113,2
1778898,0,1270,0,40,2,2,2,1,17,47,2
1768546,0,1270,0,40,2,5,2,1,28,78,2
1780575,0,1270,0,40,3,2,2,1,14,13,2
1751066,0,1270,0,40,2,8,2,1,59,62,2
1751128,0,1270,0,40,3,10,2,1,52,21,2
1745636,0,1270,0,40,3,8,2,1,84,36,2
1782141,0,1270,0,40,2,2,2,1,12,22,2
1783720,0,1270,0,40,3,1,2,1,11,67,2
1784000,1,1270,1266,29.4661,3,1,2,1,11,69,2
1770557,0,1270,0,40,2,3,2,1,21,47,2
1767414,0,1270,0,40,3,5,2,1,19,46,2
1773345,0,1270,0,40,2,2,2,1,26,22,2
1760444,0,1270,0,40,3,7,2,1,32,37,2
1773562,0,1270,0,40,2,3,2,1,21,61,2
1767013,0,1270,0,40,2,6,2,1,28,67,2
1764497,0,1270,0,40,2,4,2,1,30,36,2
1761194,0,1270,0,40,3,6,2,1,43,35,2
1748557,1,1270,1266,27.4776,3,8,2,1,64,27,2
1750491,0,1270,0,40,2,8,2,1,57,69,2
1745083,0,1270,0,40,3,6,2,1,35,33,2
1784158,0,1270,0,40,3,1,2,1,10,29,2
1785325,0,1270,0,40,2,1,2,1,10,97,2
1780416,0,1270,0,40,3,2,2,1,11,33,2
1778765,0,1270,0,40,2,2,2,1,12,33,2
1754343,0,1270,0,40,2,6,2,1,61,18,2
1763305,0,1270,0,40,2,6,2,1,31,56,2
1743813,0,1270,0,40,2,8,2,1,29,12,2
1759158,0,1270,0,40,3,6,2,1,49,72,2
1776217,0,1270,0,40,3,2,2,1,22,15,2
1780650,0,1270,0,40,2,2,2,1,13,31,2
1767264,0,1270,0,40,2,4,2,1,30,24,2
1771089,0,1270,0,40,2,4,2,1,25,27,2
1758924,0,1270,0,40,2,5,2,1,42,37,2
1763811,0,1270,0,40,2,4,2,1,36,60,2
1760333,0,1270,0,40,3,6,2,1,38,21,2
1766036,0,1270,0,40,3,3,2,1,41,55,2
1751693,0,1270,0,40,3,7,2,1,58,46,2
1783020,0,1270,0,40,3,3,2,1,12,45,2
1785500,0,1270,0,40,2,1,2,1,9,90,2
1785829,0,1270,0,40,2,1,2,1,9,34,2
1786065,0,1270,0,40,2,1,2,1,9,54,2
1786155,0,1270,0,40,3,1,2,1,9,34,2
1768172,0,1270,0,40,2,4,2,1,24,33,2
1753906,0,1270,0,40,2,8,2,1,45,20,2
1745800,0,1270,0,40,3,8,2,1,71,41,2
1780687,0,1270,0,40,3,2,2,1,11,36,2
1775727,0,1270,0,40,2,2,2,1,22,38,2
1775795,0,1270,0,40,3,3,2,1,16,19,2
1759916,0,1270,0,40,2,7,2,1,38,46,2
1776727,0,1270,0,40,2,2,2,1,21,44,2
1750675,0,1270,0,40,3,10,2,1,55,53,2
1743560,0,1270,0,40,2,8,2,1,44,44,2
1745476,0,1270,0,40,2,8,2,1,82,95,2
1742445,0,1270,0,40,2,6,2,1,73,46,2
1744033,0,1270,0,40,3,11,2,1,79,28,2
1781119,0,1270,0,40,2,2,2,1,15,37,2
1769085,0,1270,0,40,2,5,2,1,30,87,2
1765469,0,1270,0,40,3,7,2,1,24,37,2
1779545,0,1270,0,40,2,3,2,1,12,81,2
1784192,0,1270,0,40,2,2,2,1,9,41,2
1783334,0,1270,0,40,2,2,2,1,13,35,2
1769691,0,1270,0,40,3,4,2,1,31,58,2
1784162,0,1270,0,40,3,1,2,1,8,41,2
1786627,0,1270,0,40,3,1,2,1,8,23,2
1786763,0,1270,0,40,3,1,2,1,8,43,2
1762474,0,1270,0,40,3,5,2,1,26,75,2
1780795,0,1270,0,40,3,2,2,1,8,40,2
1757914,0,1270,0,40,2,6,2,1,40,44,2
1758938,0,1270,0,40,3,7,2,1,41,39,2
1758940,0,1270,0,40,3,5,2,1,37,38,2
1753108,0,1270,0,40,2,8,2,1,43,86,2
1739487,0,1270,0,40,2,6,2,1,38,38,2
1755868,0,1270,0,40,3,9,2,1,43,40,2
1738387,0,1270,0,40,3,6,2,1,48,64,2
1782036,0,1270,0,40,3,2,2,1,11,9,2
1750578,0,1270,0,40,2,9,2,1,64,54,2
1764761,0,1270,0,40,3,6,2,1,23,39,2
1752985,0,1270,0,40,2,10,2,1,39,34,2
1773750,0,1270,0,40,2,3,2,1,25,107,2
1774822,0,1270,0,40,2,3,2,1,22,47,2
1766085,0,1270,0,40,2,4,2,1,32,26,2
1763191,0,1270,0,40,2,6,2,1,34,101,2
1785055,0,1270,0,40,3,2,2,1,10,23,2
1785852,0,1270,0,40,2,1,2,1,7,59,2
1786975,0,1270,0,40,2,1,2,1,7,99,2
1751559,0,1270,0,40,2,6,2,1,67,26,2
1774141,0,1270,0,40,3,3,2,1,16,47,2
1778256,0,1270,0,40,2,3,2,1,12,37,2
1777427,0,1270,0,40,3,2,2,1,18,51,2
1775987,0,1270,0,40,2,3,2,1,17,20,2
1774568,0,1270,0,40,3,4,2,1,18,37,2
1764059,0,1270,0,40,3,4,2,1,42,25,2
1779442,0,1270,0,40,3,2,2,1,15,45,2
1782790,2,1270,0,40,2,2,2,1,10,38,2
1743865,0,1270,0,40,2,7,2,1,55,56,2
1748031,0,1270,0,40,3,9,2,1,56,67,2
1766046,0,1270,0,40,3,5,2,1,29,45,2
1740278,0,1270,0,40,3,9,2,1,51,28,2
1783351,0,1270,0,40,2,2,2,1,9,55,2
1767080,0,1270,0,40,2,5,2,1,19,55,2
1767776,0,1270,0,40,3,6,2,1,27,40,2
1780558,0,1270,0,40,3,3,2,1,8,35,2
1779728,0,1270,0,40,3,2,2,1,17,47,2
1771936,0,1270,0,40,3,4,2,1,27,76,2
1757289,0,1270,0,40,3,8,2,1,37,90,2
1743749,0,1270,0,40,3,5,2,1,30,55,2
1782335,0,1270,0,40,3,2,2,1,12,97,2
1758541,0,1270,0,40,3,8,2,1,46,48,2
1780709,0,1270,0,40,2,4,2,1,13,67,2
1763621,0,1270,0,40,3,8,2,1,18,57,2
1785714,0,1270,0,40,3,1,2,1,6,54,2
1786924,0,1270,0,40,3,1,2,1,6,60,2
1787116,0,1270,0,40,3,1,2,1,6,49,2
1787585,0,1270,0,40,3,1,2,1,6,20,2
1787753,0,1270,0,40,3,1,2,1,6,48,2
1787803,0,1270,0,40,3,1,2,1,6,30,2
1779210,0,1270,0,40,2,3,2,1,10,27,2
1766593,0,1270,0,40,3,3,2,1,31,33,2
1741803,0,1270,0,40,2,7,2,1,31,31,2
1775416,0,1270,0,40,2,3,2,1,15,52,2
1745074,1,1270,1266,36.0525,2,11,2,1,62,54,2
1766083,0,1270,0,40,2,3,2,1,33,78,2
1748676,0,1270,0,40,3,10,2,1,59,74,2
1742333,0,1270,0,40,2,5,2,1,36,64,2
1743419,0,1270,0,40,3,8,2,1,44,48,2
1749830,0,1270,0,40,3,8,2,1,55,77,2
1763626,0,1270,0,40,2,6,2,1,23,37,2
1765990,0,1270,0,40,2,4,2,1,33,30,2
1764185,0,1270,0,40,3,6,2,1,27,31,2
1748377,0,1270,0,40,3,9,2,1,58,37,2
1779361,0,1270,0,40,3,3,2,1,11,64,2
1766102,1,1270,1266,23.8475,3,5,2,1,30,33,2
1785035,0,1270,0,40,3,2,2,1,6,42,2
1779998,0,1270,0,40,2,2,2,1,14,70,2
1774554,0,1270,0,40,2,4,2,1,16,62,2
1776579,0,1270,0,40,3,3,2,1,16,27,2
1768592,0,1270,0,40,3,5,2,1,22,62,2
1784631,0,1270,0,40,2,2,2,1,7,32,2
1747355,0,1270,0,40,3,11,2,1,61,44,2
1767117,0,1270,0,40,3,5,2,1,34,55,2
1776574,0,1270,0,40,3,3,2,1,12,19,2
1767313,0,1270,0,40,3,5,2,1,26,57,2
1758584,0,1270,0,40,2,8,2,1,32,23,2
1755053,0,1270,0,40,2,9,2,1,52,43,2
1786035,0,1270,0,40,2,2,2,1,7,39,2
1744361,0,1270,0,40,2,6,2,1,17,46,2
1787070,0,1270,0,40,2,1,2,1,5,47,2
1788070,0,1270,0,40,3,1,2,1,5,18,2
1788190,0,1270,0,40,2,1,2,1,5,64,2
1788266,0,1270,0,40,3,1,2,1,5,79,2
1788408,0,1270,0,40,3,1,2,1,5,59,2
1788576,0,1270,0,40,3,1,2,1,5,64,2
1788634,0,1270,0,40,2,1,2,1,5,41,2
1767054,0,1270,0,40,3,2,2,1,41,40,2
1780867,0,1270,0,40,2,1,2,1,19,74,2
1759588,0,1270,0,40,2,3,2,1,39,94,2
1743655,0,1270,0,40,2,9,2,1,98,27,2
1740730,0,1270,0,40,2,11,2,1,57,27,2
1777361,0,1270,0,40,3,2,2,1,21,38,2
1774992,0,1270,0,40,3,2,2,1,28,69,2
1766003,0,1270,0,40,3,2,2,1,39,11,2
1747237,0,1270,0,40,3,8,2,1,69,63,2
1778703,0,1270,0,40,3,2,2,1,17,32,2
1779455,0,1270,0,40,2,2,2,1,18,34,2
1752171,0,1270,0,40,2,6,2,1,63,49,2
1776490,0,1270,0,40,2,2,2,1,20,37,2
1741974,0,1270,0,40,2,8,2,1,55,31,2
1754468,0,1270,0,40,2,5,2,1,58,43,2
1775958,0,1270,0,40,3,3,2,1,19,55,2
1778805,0,1270,0,40,3,2,2,1,19,95,2
1743669,1,1270,1267,20.7508,3,6,2,1,40,73,2
1777924,0,1270,0,40,3,2,2,1,18,46,2
1773956,0,1270,0,40,2,2,2,1,27,45,2
1769882,0,1270,0,40,3,5,2,1,21,31,2
1742930,0,1270,0,40,3,6,2,1,30,51,2
1778087,0,1270,0,40,3,2,2,1,17,20,2
1770085,0,1270,0,40,3,4,2,1,32,33,2
1783092,0,1270,0,40,2,2,2,1,15,19,2
1754831,0,1270,0,40,2,6,2,1,51,55,2
1774204,0,1270,0,40,3,3,2,1,24,84,2
1765138,0,1270,0,40,3,4,2,1,41,49,2
1776580,0,1270,0,40,3,3,2,1,21,30,2
1782428,0,1270,0,40,2,2,2,1,13,58,2
1771506,1,1270,1267,24.9609,3,3,2,1,31,82,2
1782209,0,1270,0,40,2,1,2,1,12,25,2
1785167,0,1270,0,40,2,1,2,1,12,93,2
1776009,0,1270,0,40,3,3,2,1,20,53,2
1765854,0,1270,0,40,2,6,2,1,24,45,2
1767927,0,1270,0,40,2,4,2,1,25,20,2
1775578,0,1270,0,40,2,3,2,1,16,49,2
1776163,0,1270,0,40,3,3,2,1,15,45,2
1746866,0,1270,0,40,3,9,2,1,71,32,2
1763906,0,1270,0,40,3,5,2,1,39,17,2
1748726,0,1270,0,40,2,6,2,1,82,36,2
1777514,0,1270,0,40,3,3,2,1,16,85,2
1774223,0,1270,0,40,2,3,2,1,17,70,2
1768659,0,1270,0,40,2,5,2,1,30,72,2
1760260,1,1270,1267,29.2199,3,7,2,1,44,9,2
1785889,0,1270,0,40,2,1,2,1,10,41,2
1760299,0,1270,0,40,2,6,2,1,34,40,2
1754410,0,1270,0,40,3,5,2,1,47,45,2
1774190,0,1270,0,40,2,4,2,1,18,73,2
1783922,0,1270,0,40,3,2,2,1,10,20,2
1768361,0,1270,0,40,3,3,2,1,35,42,2
1769454,0,1270,0,40,3,4,2,1,26,58,2
1784932,0,1270,0,40,3,1,2,1,9,36,2
1768165,0,1270,0,40,2,5,2,1,26,31,2
1757136,0,1270,0,40,2,6,2,1,48,35,2
1757396,0,1270,0,40,3,6,2,1,45,30,2
1781396,0,1270,0,40,3,2,2,1,13,38,2
1738974,0,1270,0,40,2,9,2,1,63,49,2
1769877,0,1270,0,40,2,5,2,1,19,22,2
1741016,0,1270,0,40,2,7,2,1,37,75,2
1755188,0,1270,0,40,2,7,2,1,53,35,2
1767697,1,1270,1267,40,2,6,2,1,23,39,2
1782937,0,1270,0,40,2,2,2,1,10,11,2
1784966,0,1270,0,40,2,2,2,1,9,12,2
1760887,0,1270,0,40,2,6,2,1,35,57,2
1764166,0,1270,0,40,2,7,2,1,17,23,2
1781437,0,1270,0,40,2,2,2,1,11,22,2
1772568,0,1270,0,40,3,3,2,1,28,38,2
1757608,0,1270,0,40,3,7,2,1,38,72,2
1783232,0,1270,0,40,3,2,2,1,10,39,2
1782361,0,1270,0,40,2,2,2,1,11,31,2
1760895,0,1270,0,40,3,7,2,1,37,93,2
1740090,0,1270,0,40,2,5,2,1,40,21,2
1778060,0,1270,0,40,2,3,2,1,15,83,2
1781288,0,1270,0,40,2,2,2,1,15,31,2
1742733,0,1270,0,40,2,8,2,1,34,69,2
1772492,0,1270,0,40,3,4,2,1,27,86,2
1787503,0,1270,0,40,3,1,2,1,7,21,2
1787655,1,1270,1267,40,2,1,2,1,7,39,2
1787851,0,1270,0,40,3,1,2,1,7,47,2
1787919,0,1270,0,40,3,1,2,1,7,60,2
1787931,0,1270,0,40,3,1,2,1,7,62,2
1788063,0,1270,0,40,2,1,2,1,7,73,2
1788115,0,1270,0,40,3,1,2,1,7,50,2
1743552,0,1270,0,40,3,11,2,1,51,33,2
1771403,0,1270,0,40,3,3,2,1,25,38,2
1780240,0,1270,0,40,3,2,2,1,12,30,2
1777112,0,1270,0,40,2,2,2,1,20,62,2
1747404,0,1270,0,40,2,9,2,1,55,54,2
1758460,0,1270,0,40,2,4,2,1,44,19,2
1776917,0,1270,0,40,3,2,2,1,19,52,2
1769991,0,1270,0,40,3,5,2,1,23,40,2
1774492,0,1270,0,40,3,3,2,1,19,39,2
1770057,0,1270,0,40,3,5,2,1,24,71,2
1761098,0,1270,0,40,2,7,2,1,27,47,2
1753775,0,1270,0,40,3,12,2,1,40,25,2
1763999,0,1270,0,40,2,4,2,1,42,39,2
1772573,0,1270,0,40,3,5,2,1,22,32,2
1749049,0,1270,0,40,3,11,2,1,56,40,2
1781173,0,1270,0,40,2,3,2,1,13,53,2
1786663,0,1270,0,40,3,2,2,1,8,21,2
1758635,1,1270,1245,32.6854,2,6,2,1,50,8,2
1755542,0,1270,0,40,2,8,2,1,34,48,2
1771895,0,1270,0,40,2,3,2,1,19,71,2
1771837,0,1270,0,40,2,4,2,1,18,63,2
1770423,0,1270,0,40,3,5,2,1,21,20,2
1758631,0,1270,0,40,3,7,2,1,46,40,2
1777580,0,1270,0,40,3,3,2,1,18,68,2
1780131,0,1270,0,40,2,3,2,1,10,72,2
1777228,0,1270,0,40,2,4,2,1,15,31,2
1748022,0,1270,0,40,2,11,2,1,67,49,2
1771200,0,1270,0,40,2,4,2,1,31,12,2
1756331,0,1270,0,40,2,7,2,1,46,61,2
1787588,0,1270,0,40,3,1,2,1,5,75,2
1788355,0,1270,0,40,3,1,2,1,5,22,2
1789164,0,1270,0,40,3,1,2,1,5,22,2
1789236,0,1270,0,40,2,1,2,1,5,71,2
1773620,0,1270,0,40,3,3,2,1,22,80,2
1761588,0,1270,0,40,2,6,2,1,36,46,2
1768656,0,1270,0,40,3,3,2,1,31,24,2
1737287,0,1270,0,40,3,9,2,1,45,45,2
1772957,0,1270,0,40,2,3,2,1,27,40,2
1783233,0,1270,0,40,3,1,2,1,12,60,2
1772496,0,1270,0,40,2,4,2,1,23,59,2
1743690,0,1270,0,40,2,5,2,1,50,35,2
1742909,0,1270,0,40,2,7,2,1,47,15,2
1775233,0,1270,0,40,3,4,2,1,19,75,2
1764505,0,1270,0,40,2,6,2,1,30,63,2
1768596,0,1270,0,40,3,4,2,1,19,36,2
1767052,0,1270,0,40,2,5,2,1,31,63,2
1782234,0,1270,0,40,2,2,2,1,13,68,2
1747968,0,1270,0,40,2,12,2,1,68,62,2
1764483,0,1270,0,40,3,4,2,1,27,20,2
1764020,0,1270,0,40,2,4,2,1,39,45,2
1753883,0,1270,0,40,3,6,2,1,51,66,2
1778471,0,1270,0,40,3,3,2,1,10,74,2
1763182,0,1270,0,40,2,6,2,1,44,92,2
1788030,0,1270,0,40,2,1,2,1,7,54,2
1777624,0,1270,0,40,2,3,2,1,17,31,2
1778138,0,1270,0,40,2,3,2,1,17,27,2
1783106,0,1270,0,40,2,2,2,1,12,20,2
1740882,0,1270,0,40,2,8,2,1,46,60,2
1771442,0,1270,0,40,3,5,2,1,20,52,2
1788928,0,1270,0,40,3,1,2,1,6,45,2
1756751,0,1270,0,40,3,7,2,1,45,80,2
1780421,0,1270,0,40,3,3,2,1,14,40,2
1784276,0,1270,0,40,3,3,2,1,7,30,2
1767237,0,1270,0,40,2,5,2,1,28,46,2
1777774,0,1270,0,40,2,4,2,1,12,30,2
1766396,0,1270,0,40,2,6,2,1,26,22,2
1788289,0,1270,0,40,3,1,2,1,5,76,2
1789372,0,1270,0,40,3,1,2,1,5,33,2
1785848,0,1270,0,40,3,0,2,1,4,35,2
1786104,0,1270,0,40,2,0,2,1,4,9,2
1786386,0,1270,0,40,2,0,2,1,4,64,2
1786890,0,1270,0,40,3,0,2,1,4,13,2
1786970,0,1270,0,40,3,0,2,1,4,53,2
1787066,0,1270,0,40,2,0,2,1,4,50,2
1787130,0,1270,0,40,2,0,2,1,4,20,2
1787370,0,1270,0,40,3,0,2,1,4,26,2
1787496,0,1270,0,40,3,0,2,1,4,38,2
1787528,0,1270,0,40,3,0,2,1,4,61,2
1787560,0,1270,0,40,3,0,2,1,4,35,2
1787592,0,1270,0,40,3,0,2,1,4,37,2
1787656,0,1270,0,40,3,0,2,1,4,49,2
1787688,0,1270,0,40,2,0,2,1,4,44,2
1787752,0,1270,0,40,2,0,2,1,4,36,2
1787816,0,1270,0,40,3,0,2,1,4,36,2
1787848,0,1270,0,40,3,0,2,1,4,74,2
1787880,0,1270,0,40,2,0,2,1,4,49,2
1787944,0,1270,0,40,2,0,2,1,4,64,2
1787976,0,1270,0,40,2,0,2,1,4,32,2
1788008,0,1270,0,40,3,0,2,1,4,58,2
1788060,0,1270,0,40,2,0,2,1,4,33,2
1788141,0,1270,0,40,3,0,2,1,4,17,2
1788157,0,1270,0,40,2,0,2,1,4,81,2
1788189,0,1270,0,40,2,0,2,1,4,58,2
1788205,0,1270,0,40,3,0,2,1,4,24,2
1788221,0,1270,0,40,2,0,2,1,4,41,2
1788237,0,1270,0,40,3,0,2,1,4,48,2
1788253,0,1270,0,40,2,0,2,1,4,29,2
1788269,0,1270,0,40,2,0,2,1,4,24,2
1788285,0,1270,0,40,2,0,2,1,4,32,2
1788317,0,1270,0,40,3,0,2,1,4,40,2
1788333,0,1270,0,40,2,0,2,1,4,58,2
1788349,0,1270,0,40,3,0,2,1,4,18,2
1788365,0,1270,0,40,2,0,2,1,4,25,2
1788397,0,1270,0,40,2,0,2,1,4,28,2
1788413,0,1270,0,40,2,0,2,1,4,37,2
1788461,0,1270,0,40,2,0,2,1,4,36,2
1788509,0,1270,0,40,3,0,2,1,4,27,2
1788525,0,1270,0,40,2,0,2,1,4,90,2
1788565,0,1270,0,40,2,0,2,1,4,63,2
1788581,0,1270,0,40,2,0,2,1,4,27,2
1788597,0,1270,0,40,2,0,2,1,4,51,2
1788613,0,1270,0,40,2,0,2,1,4,50,2
1788629,0,1270,0,40,3,0,2,1,4,61,2
1788645,0,1270,0,40,3,0,2,1,4,41,2
1788677,0,1270,0,40,2,0,2,1,4,44,2
1788733,0,1270,0,40,2,0,2,1,4,62,2
1788749,0,1270,0,40,2,0,2,1,4,73,2
1788757,0,1270,0,40,2,0,2,1,4,26,2
1788765,0,1270,0,40,2,0,2,1,4,43,2
1788773,0,1270,0,40,3,0,2,1,4,57,2
1788789,0,1270,0,40,3,0,2,1,4,80,2
1788797,0,1270,0,40,2,0,2,1,4,22,2
1788805,0,1270,0,40,3,0,2,1,4,34,2
1788829,0,1270,0,40,3,0,2,1,4,35,2
1788845,0,1270,0,40,2,0,2,1,4,16,2
1788853,0,1270,0,40,3,0,2,1,4,35,2
1788861,0,1270,0,40,2,0,2,1,4,35,2
1788869,0,1270,0,40,3,0,2,1,4,86,2
1788877,0,1270,0,40,3,0,2,1,4,59,2
1788885,0,1270,0,40,2,0,2,1,4,52,2
1788901,0,1270,0,40,3,0,2,1,4,99,2
1788909,0,1270,0,40,2,0,2,1,4,85,2
1788925,0,1270,0,40,3,0,2,1,4,58,2
1788941,0,1270,0,40,2,0,2,1,4,63,2
1788957,0,1270,0,40,2,0,2,1,4,48,2
1788965,0,1270,0,40,2,0,2,1,4,47,2
1788997,0,1270,0,40,2,0,2,1,4,28,2
1789005,0,1270,0,40,2,0,2,1,4,39,2
1789013,0,1270,0,40,2,0,2,1,4,38,2
1789021,0,1270,0,40,3,0,2,1,4,59,2
1789029,0,1270,0,40,3,0,2,1,4,32,2
1789037,0,1270,0,40,2,0,2,1,4,51,2
1789045,0,1270,0,40,2,0,2,1,4,61,2
1789053,0,1270,0,40,2,0,2,1,4,39,2
1789069,0,1270,0,40,3,0,2,1,4,113,2
1789077,0,1270,0,40,2,0,2,1,4,20,2
1789085,0,1270,0,40,3,0,2,1,4,46,2
1789101,0,1270,0,40,3,0,2,1,4,53,2
1789117,0,1270,0,40,3,0,2,1,4,72,2
1789133,0,1270,0,40,3,0,2,1,4,62,2
1789149,0,1270,0,40,3,0,2,1,4,63,2
1789157,0,1270,0,40,3,0,2,1,4,32,2
1789165,0,1270,0,40,3,0,2,1,4,58,2
1789181,0,1270,0,40,2,0,2,1,4,55,2
1789189,0,1270,0,40,2,0,2,1,4,91,2
1789197,0,1270,0,40,2,0,2,1,4,47,2
1789205,0,1270,0,40,2,0,2,1,4,26,2
1789213,0,1270,0,40,2,0,2,1,4,59,2
1789229,0,1270,0,40,2,0,2,1,4,21,2
1789237,0,1270,0,40,3,0,2,1,4,55,2
1789245,0,1270,0,40,2,0,2,1,4,23,2
1789253,0,1270,0,40,2,0,2,1,4,22,2
1789269,0,1270,0,40,2,0,2,1,4,58,2
1789277,0,1270,0,40,2,0,2,1,4,21,2
1789293,0,1270,0,40,2,0,2,1,4,28,2
1789301,0,1270,0,40,2,0,2,1,4,8,2
1789309,0,1270,0,40,2,0,2,1,4,50,2
1789317,0,1270,0,40,3,0,2,1,4,82,2
1789325,0,1270,0,40,3,0,2,1,4,49,2
1789337,0,1270,0,40,2,0,2,1,4,33,2
1789341,0,1270,0,40,2,0,2,1,4,64,2
1789349,0,1270,0,40,3,0,2,1,4,90,2
1789353,0,1270,0,40,2,0,2,1,4,42,2
1789357,0,1270,0,40,2,0,2,1,4,44,2
1789361,0,1270,0,40,2,0,2,1,4,56,2
1789365,0,1270,0,40,2,0,2,1,4,17,2
1789373,0,1270,0,40,3,0,2,1,4,20,2
1789377,0,1270,0,40,2,0,2,1,4,74,2
1789385,0,1270,0,40,3,0,2,1,4,41,2
1789393,0,1270,0,40,2,0,2,1,4,56,2
1789397,0,1270,0,40,2,0,2,1,4,76,2
1789401,0,1270,0,40,3,0,2,1,4,14,2
1789409,0,1270,0,40,2,0,2,1,4,27,2
1789417,0,1270,0,40,2,0,2,1,4,32,2
1789421,0,1270,0,40,3,0,2,1,4,34,2
1789425,0,1270,0,40,2,0,2,1,4,78,2
1789429,0,1270,0,40,2,0,2,1,4,28,2
1789433,0,1270,0,40,3,0,2,1,4,28,2
1789437,0,1270,0,40,2,0,2,1,4,39,2
1789441,0,1270,0,40,3,0,2,1,4,68,2
1789445,0,1270,0,40,2,0,2,1,4,40,2
1789449,0,1270,0,40,3,0,2,1,4,48,2
1789453,0,1270,0,40,3,0,2,1,4,28,2
1789457,0,1270,0,40,3,0,2,1,4,47,2
1789465,0,1270,0,40,2,0,2,1,4,41,2
1789477,0,1270,0,40,3,0,2,1,4,44,2
1789485,0,1270,0,40,2,0,2,1,4,24,2
1789493,0,1270,0,40,2,0,2,1,4,16,2
1789501,0,1270,0,40,2,0,2,1,4,82,2
1789505,0,1270,0,40,2,0,2,1,4,30,2
1789509,0,1270,0,40,3,0,2,1,4,18,2
1789513,0,1270,0,40,2,0,2,1,4,46,2
1789521,0,1270,0,40,3,0,2,1,4,78,2
1789533,0,1270,0,40,3,0,2,1,4,59,2
1789545,0,1270,0,40,3,0,2,1,4,39,2
1789553,0,1270,0,40,2,0,2,1,4,36,2
1789565,0,1270,0,40,2,0,2,1,4,21,2
1789569,0,1270,0,40,2,0,2,1,4,42,2
1789573,0,1270,0,40,3,0,2,1,4,48,2
1789577,0,1270,0,40,3,0,2,1,4,52,2
1789581,0,1270,0,40,3,0,2,1,4,29,2
1789589,0,1270,0,40,2,0,2,1,4,26,2
1789593,0,1270,0,40,3,0,2,1,4,34,2
1789597,0,1270,0,40,3,0,2,1,4,66,2
1789605,0,1270,0,40,3,0,2,1,4,59,2
1789613,0,1270,0,40,2,0,2,1,4,36,2
1789617,0,1270,0,40,3,0,2,1,4,59,2
1789621,0,1270,0,40,2,0,2,1,4,50,2
1789625,0,1270,0,40,3,0,2,1,4,59,2
1789629,0,1270,0,40,2,0,2,1,4,69,2
1789637,0,1270,0,40,3,0,2,1,4,51,2
1789649,0,1270,0,40,2,0,2,1,4,43,2
1789653,0,1270,0,40,2,0,2,1,4,50,2
1789657,0,1270,0,40,2,0,2,1,4,42,2
1789661,0,1270,0,40,2,0,2,1,4,27,2
1789665,0,1270,0,40,3,0,2,1,4,47,2
1789669,0,1270,0,40,3,0,2,1,4,37,2
1789673,0,1270,0,40,3,0,2,1,4,13,2
1789681,0,1270,0,40,3,0,2,1,4,48,2
1789685,0,1270,0,40,3,0,2,1,4,40,2
1789689,0,1270,0,40,2,0,2,1,4,32,2
1789697,0,1270,0,40,2,0,2,1,4,52,2
1789701,0,1270,0,40,2,0,2,1,4,31,2
1789705,0,1270,0,40,2,0,2,1,4,61,2
1789713,0,1270,0,40,2,0,2,1,4,39,2
1789721,0,1270,0,40,3,0,2,1,4,69,2
1789729,0,1270,0,40,3,0,2,1,4,27,2
1789737,0,1270,0,40,3,0,2,1,4,11,2
1789745,0,1270,0,40,2,0,2,1,4,92,2
1789761,0,1270,0,40,3,0,2,1,4,34,2
1789765,0,1270,0,40,3,0,2,1,4,59,2
1789773,0,1270,0,40,3,0,2,1,4,39,2
1789777,0,1270,0,40,3,0,2,1,4,35,2
1789781,0,1270,0,40,2,0,2,1,4,71,2
1789789,0,1270,0,40,3,0,2,1,4,46,2
1789793,0,1270,0,40,3,0,2,1,4,29,2
1789797,0,1270,0,40,2,0,2,1,4,47,2
1789805,0,1270,0,40,3,0,2,1,4,102,2
1789809,0,1270,0,40,3,0,2,1,4,28,2
1789813,0,1270,0,40,2,0,2,1,4,32,2
1789817,0,1270,0,40,2,0,2,1,4,16,2
1789821,0,1270,0,40,3,0,2,1,4,93,2
1789825,0,1270,0,40,2,0,2,1,4,45,2
1789829,0,1270,0,40,3,0,2,1,4,26,2
1789841,0,1270,0,40,3,0,2,1,4,69,2
1789849,0,1270,0,40,2,0,2,1,4,58,2
1789853,0,1270,0,40,2,0,2,1,4,67,2
1789857,0,1270,0,40,2,0,2,1,4,30,2
1789861,0,1270,0,40,3,0,2,1,4,33,2
1789868,0,1270,0,40,3,0,2,1,4,35,2
1789872,0,1270,0,40,2,0,2,1,4,40,2
1789874,0,1270,0,40,2,0,2,1,4,24,2
1789876,0,1270,0,40,2,0,2,1,4,30,2
1789880,0,1270,0,40,2,0,2,1,4,41,2
1789882,0,1270,0,40,3,0,2,1,4,55,2
1789884,0,1270,0,40,3,0,2,1,4,48,2
1789886,0,1270,0,40,2,0,2,1,4,82,2
1789890,0,1270,0,40,3,0,2,1,4,56,2
1789896,0,1270,0,40,3,0,2,1,4,43,2
1789898,0,1270,0,40,3,0,2,1,4,21,2
1789900,0,1270,0,40,3,0,2,1,4,12,2
1789904,0,1270,0,40,3,0,2,1,4,37,2
1789906,0,1270,0,40,2,0,2,1,4,27,2
1789912,0,1270,0,40,2,0,2,1,4,19,2
1789914,0,1270,0,40,3,0,2,1,4,33,2
1789916,0,1270,0,40,2,0,2,1,4,44,2
1789918,0,1270,0,40,2,0,2,1,4,48,2
1789920,0,1270,0,40,2,0,2,1,4,39,2
1789922,0,1270,0,40,2,0,2,1,4,54,2
1789924,0,1270,0,40,2,0,2,1,4,48,2
1789926,0,1270,0,40,2,0,2,1,4,41,2
1789928,0,1270,0,40,2,0,2,1,4,38,2
1789930,0,1270,0,40,2,0,2,1,4,30,2
1789936,0,1270,0,40,2,0,2,1,4,6,2
1789940,0,1270,0,40,2,0,2,1,4,57,2
1789942,0,1270,0,40,2,0,2,1,4,31,2
1789944,0,1270,0,40,3,0,2,1,4,20,2
1789946,0,1270,0,40,3,0,2,1,4,62,2
1789950,0,1270,0,40,3,0,2,1,4,59,2
1789952,0,1270,0,40,2,0,2,1,4,55,2
1789954,0,1270,0,40,3,0,2,1,4,33,2
1789956,0,1270,0,40,3,0,2,1,4,80,2
1789958,0,1270,0,40,2,0,2,1,4,49,2
1789960,0,1270,0,40,2,0,2,1,4,59,2
1789964,0,1270,0,40,2,0,2,1,4,52,2
1789966,0,1270,0,40,3,0,2,1,4,21,2
1789974,0,1270,0,40,2,0,2,1,4,60,2
1789978,0,1270,0,40,3,0,2,1,4,31,2
1789980,0,1270,0,40,3,0,2,1,4,18,2
1789982,0,1270,0,40,2,0,2,1,4,15,2
1789984,0,1270,0,40,3,0,2,1,4,50,2
1789988,0,1270,0,40,3,0,2,1,4,12,2
1789990,0,1270,0,40,2,0,2,1,4,88,2
1789994,0,1270,0,40,2,0,2,1,4,33,2
1789996,0,1270,0,40,2,0,2,1,4,30,2
1789998,0,1270,0,40,2,0,2,1,4,27,2
1790002,0,1270,0,40,2,0,2,1,4,62,2
1790004,0,1270,0,40,3,0,2,1,4,49,2
1790006,0,1270,0,40,3,0,2,1,4,54,2
1790008,0,1270,0,40,3,0,2,1,4,73,2
1790012,0,1270,0,40,2,0,2,1,4,88,2
1790014,0,1270,0,40,3,0,2,1,4,61,2
1790016,0,1270,0,40,2,0,2,1,4,36,2
1790018,0,1270,0,40,2,0,2,1,4,47,2
1790020,0,1270,0,40,2,0,2,1,4,43,2
1790024,0,1270,0,40,2,0,2,1,4,60,2
1790026,0,1270,0,40,3,0,2,1,4,74,2
1790030,0,1270,0,40,2,0,2,1,4,41,2
1790032,0,1270,0,40,3,0,2,1,4,25,2
1790034,0,1270,0,40,3,0,2,1,4,65,2
1790036,0,1270,0,40,3,0,2,1,4,26,2
1790038,0,1270,0,40,2,0,2,1,4,58,2
1790040,0,1270,0,40,3,0,2,1,4,73,2
1790046,0,1270,0,40,3,0,2,1,4,69,2
1790050,0,1270,0,40,3,0,2,1,4,18,2
1790052,0,1270,0,40,2,0,2,1,4,53,2
1790054,0,1270,0,40,2,0,2,1,4,53,2
1790058,0,1270,0,40,3,0,2,1,4,75,2
1790060,0,1270,0,40,2,0,2,1,4,49,2
1790062,0,1270,0,40,3,0,2,1,4,29,2
1790064,0,1270,0,40,2,0,2,1,4,37,2
1790068,0,1270,0,40,3,0,2,1,4,68,2
1790070,0,1270,0,40,3,0,2,1,4,42,2
1790072,0,1270,0,40,3,0,2,1,4,55,2
1790076,0,1270,0,40,3,0,2,1,4,19,2
1790078,0,1270,0,40,3,0,2,1,4,56,2
1790082,0,1270,0,40,3,0,2,1,4,41,2
1790084,0,1270,0,40,3,0,2,1,4,45,2
1790088,0,1270,0,40,2,0,2,1,4,110,2
1790090,0,1270,0,40,3,0,2,1,4,27,2
1790094,0,1270,0,40,2,0,2,1,4,39,2
1790096,0,1270,0,40,3,0,2,1,4,59,2
1790098,0,1270,0,40,3,0,2,1,4,57,2
1790100,0,1270,0,40,2,0,2,1,4,49,2
1790104,0,1270,0,40,3,0,2,1,4,33,2
1790106,0,1270,0,40,2,0,2,1,4,37,2
1790110,0,1270,0,40,3,0,2,1,4,29,2
1790112,0,1270,0,40,3,0,2,1,4,79,2
1790114,0,1270,0,40,2,0,2,1,4,29,2
1790118,0,1270,0,40,2,0,2,1,4,14,2
1790122,0,1270,0,40,3,0,2,1,4,22,2
1790124,0,1270,0,40,3,0,2,1,4,59,2
1790126,0,1270,0,40,3,0,2,1,4,42,2
1790130,0,1270,0,40,2,0,2,1,4,33,2
1790134,0,1270,0,40,3,0,2,1,4,51,2
1790138,0,1270,0,40,3,0,2,1,4,59,2
1790140,0,1270,0,40,3,0,2,1,4,36,2
1790142,0,1270,0,40,3,0,2,1,4,40,2
1790146,0,1270,0,40,2,0,2,1,4,88,2
1790148,0,1270,0,40,3,0,2,1,4,29,2
1790150,0,1270,0,40,3,0,2,1,4,40,2
1790152,0,1270,0,40,3,0,2,1,4,67,2
1790160,0,1270,0,40,2,0,2,1,4,35,2
1790162,0,1270,0,40,3,0,2,1,4,43,2
1790166,0,1270,0,40,2,0,2,1,4,43,2
1790172,0,1270,0,40,3,0,2,1,4,14,2
1790174,0,1270,0,40,3,0,2,1,4,72,2
1790176,0,1270,0,40,3,0,2,1,4,15,2
1790180,0,1270,0,40,2,0,2,1,4,99,2
1790182,0,1270,0,40,2,0,2,1,4,18,2
1790184,0,1270,0,40,3,0,2,1,4,65,2
1790188,0,1270,0,40,2,0,2,1,4,50,2
1790192,0,1270,0,40,3,0,2,1,4,32,2
1790194,0,1270,0,40,2,0,2,1,4,38,2
1790198,0,1270,0,40,3,0,2,1,4,82,2
1790200,0,1270,0,40,2,0,2,1,4,51,2
1790204,0,1270,0,40,2,0,2,1,4,23,2
1790206,0,1270,0,40,3,0,2,1,4,39,2
1790208,0,1270,0,40,3,0,2,1,4,47,2
1790210,0,1270,0,40,3,0,2,1,4,61,2
1790212,0,1270,0,40,2,0,2,1,4,29,2
1790216,0,1270,0,40,2,0,2,1,4,36,2
1790218,0,1270,0,40,2,0,2,1,4,39,2
1790220,0,1270,0,40,2,0,2,1,4,75,2
1790226,0,1270,0,40,3,0,2,1,4,46,2
1790230,0,1270,0,40,2,0,2,1,4,19,2
1790232,0,1270,0,40,3,0,2,1,4,48,2
1790234,0,1270,0,40,3,0,2,1,4,72,2
1790236,0,1270,0,40,3,0,2,1,4,38,2
1790240,0,1270,0,40,2,0,2,1,4,26,2
1790242,0,1270,0,40,3,0,2,1,4,38,2
1790248,0,1270,0,40,2,0,2,1,4,53,2
1790250,0,1270,0,40,3,0,2,1,4,54,2
1790252,0,1270,0,40,2,0,2,1,4,57,2
1790254,0,1270,0,40,2,0,2,1,4,28,2
1790256,0,1270,0,40,2,0,2,1,4,36,2
1790258,0,1270,0,40,3,0,2,1,4,36,2
1790260,0,1270,0,40,3,0,2,1,4,16,2
1790264,0,1270,0,40,2,0,2,1,4,21,2
1790266,0,1270,0,40,2,0,2,1,4,59,2
1790268,0,1270,0,40,3,0,2,1,4,32,2
1790272,0,1270,0,40,2,0,2,1,4,55,2
1790276,0,1270,0,40,3,0,2,1,4,66,2
1790278,0,1270,0,40,3,0,2,1,4,77,2
1790280,0,1270,0,40,3,0,2,1,4,33,2
1790282,0,1270,0,40,2,0,2,1,4,21,2
1790284,0,1270,0,40,3,0,2,1,4,64,2
1790286,0,1270,0,40,3,0,2,1,4,31,2
1790290,0,1270,0,40,2,0,2,1,4,32,2
1790292,0,1270,0,40,3,0,2,1,4,28,2
1790294,0,1270,0,40,3,0,2,1,4,19,2
1790300,0,1270,0,40,3,0,2,1,4,34,2
1790304,0,1270,0,40,2,0,2,1,4,32,2
1790308,0,1270,0,40,2,0,2,1,4,54,2
1790310,0,1270,0,40,2,0,2,1,4,29,2
1790312,0,1270,0,40,2,0,2,1,4,33,2
1790314,0,1270,0,40,2,0,2,1,4,83,2
1790318,0,1270,0,40,3,0,2,1,4,20,2
1790320,0,1270,0,40,2,0,2,1,4,49,2
1790324,0,1270,0,40,2,0,2,1,4,22,2
1790326,0,1270,0,40,3,0,2,1,4,29,2
1790328,0,1270,0,40,3,0,2,1,4,51,2
1790330,0,1270,0,40,3,0,2,1,4,52,2
1790332,0,1270,0,40,2,0,2,1,4,76,2
1790334,0,1270,0,40,3,0,2,1,4,47,2
1790336,0,1270,0,40,3,0,2,1,4,89,2
1790338,0,1270,0,40,2,0,2,1,4,53,2
1790340,0,1270,0,40,2,0,2,1,4,43,2
1790342,0,1270,0,40,2,0,2,1,4,28,2
1790344,0,1270,0,40,3,0,2,1,4,39,2
1790346,0,1270,0,40,2,0,2,1,4,59,2
1790348,0,1270,0,40,3,0,2,1,4,59,2
1790352,0,1270,0,40,3,0,2,1,4,64,2
1790362,0,1270,0,40,3,0,2,1,4,44,2
1790366,0,1270,0,40,3,0,2,1,4,64,2
1790368,0,1270,0,40,2,0,2,1,4,27,2
1790372,0,1270,0,40,3,0,2,1,4,17,2
1790376,0,1270,0,40,3,0,2,1,4,51,2
1790378,0,1270,0,40,3,0,2,1,4,24,2
1790380,0,1270,0,40,2,0,2,1,4,52,2
1790384,0,1270,0,40,2,0,2,1,4,58,2
1790388,0,1270,0,40,2,0,2,1,4,47,2
1790390,0,1270,0,40,2,0,2,1,4,16,2
1790392,0,1270,0,40,2,0,2,1,4,31,2
1790394,0,1270,0,40,2,0,2,1,4,55,2
1790396,0,1270,0,40,2,0,2,1,4,49,2
1790398,0,1270,0,40,3,0,2,1,4,46,2
1790402,0,1270,0,40,2,0,2,1,4,59,2
1790406,0,1270,0,40,3,0,2,1,4,72,2
1790408,0,1270,0,40,3,0,2,1,4,15,2
1790410,0,1270,0,40,2,0,2,1,4,38,2
1790412,0,1270,0,40,3,0,2,1,4,68,2
1790414,0,1270,0,40,2,0,2,1,4,10,2
1790416,0,1270,0,40,2,0,2,1,4,70,2
1790420,0,1270,0,40,3,0,2,1,4,58,2
1790426,0,1270,0,40,3,0,2,1,4,24,2
1790430,0,1270,0,40,3,0,2,1,4,19,2
1790432,0,1270,0,40,2,0,2,1,4,67,2
1790434,0,1270,0,40,3,0,2,1,4,84,2
1790436,0,1270,0,40,2,0,2,1,4,47,2
1790438,0,1270,0,40,3,0,2,1,4,45,2
1752113,0,1270,0,40,2,8,2,1,39,25,2
1768274,0,1270,0,40,3,5,2,1,18,58,2
1756816,0,1270,0,40,2,7,2,1,31,58,2
1730262,0,1270,0,40,3,8,2,1,76,49,2
1755086,0,1270,0,40,2,6,2,1,46,53,2
1754504,0,1270,0,40,3,7,2,1,42,32,2
1779277,0,1270,0,40,2,2,2,1,7,60,2
1780514,0,1270,0,40,3,1,2,1,5,60,2
1782552,0,1270,0,40,2,1,2,1,4,26,2
1771835,0,1270,0,40,3,2,2,1,14,20,2
1760272,0,1270,0,40,3,4,2,1,25,48,2
1774967,0,1270,0,40,2,2,2,1,14,71,2
1769851,0,1270,0,40,2,3,2,1,19,83,2
1773256,0,1270,0,40,2,3,2,1,10,53,2
1746085,0,1270,0,40,3,5,2,1,28,77,2
1770488,0,1270,0,40,3,4,2,1,15,54,2
1762951,0,1270,0,40,2,2,2,1,39,65,2
1777218,0,1270,0,40,3,1,2,1,16,40,2
1763046,0,1270,0,40,3,6,2,1,33,39,2
1761538,0,1270,0,40,3,5,2,1,24,80,2
1731976,0,1270,0,40,3,10,2,1,45,37,2
1769807,0,1270,0,40,2,3,2,1,19,64,2
1778459,0,1270,0,40,2,2,2,1,10,49,2
1781385,0,1270,0,40,3,1,2,1,8,52,2
1766758,0,1270,0,40,2,4,2,1,21,28,2
1772245,0,1270,0,40,3,3,2,1,18,54,2
1768725,0,1270,0,40,3,4,2,1,18,22,2
1765046,0,1270,0,40,3,5,2,1,24,18,2
1770130,0,1270,0,40,3,5,2,1,15,31,2
1782453,0,1270,0,40,3,1,2,1,5,37,2
1744166,0,1270,0,40,3,5,2,1,14,56,2
1752916,0,1270,0,40,3,10,2,1,42,23,2
1743538,0,1270,0,40,2,8,2,1,65,37,2
1766263,0,1270,0,40,3,4,2,1,28,22,2
1761500,0,1270,0,40,2,7,2,1,32,65,2
1742189,0,1270,0,40,3,6,2,1,47,32,2
1778750,0,1270,0,40,2,1,2,1,14,29,2
1741477,0,1270,0,40,3,3,2,1,24,68,2
1748070,0,1270,0,40,3,9,2,1,62,68,2
1761152,0,1270,0,40,2,6,2,1,27,41,2
1769481,0,1270,0,40,2,3,2,1,24,27,2
1763806,0,1270,0,40,2,4,2,1,22,46,2
1759803,0,1270,0,40,3,5,2,1,35,54,2
1772522,0,1270,0,40,2,4,2,1,15,51,2
1758911,0,1270,0,40,3,7,2,1,36,22,2
1767207,0,1270,0,40,2,3,2,1,21,31,2
1777430,0,1270,0,40,3,2,2,1,11,69,2
1782594,0,1270,0,40,3,1,2,1,7,7,2
1766882,0,1270,0,40,3,6,2,1,18,79,2
1740533,0,1270,0,40,3,6,2,1,27,38,2
1783160,0,1270,0,40,2,1,2,1,6,47,2
1765906,0,1270,0,40,3,3,2,1,26,49,2
1774990,0,1270,0,40,3,2,2,1,17,61,2
1750428,0,1270,0,40,2,9,2,1,60,25,2
1783047,0,1270,0,40,3,1,2,1,5,52,2
1783987,0,1270,0,40,3,1,2,1,5,32,2
1770876,0,1270,0,40,2,4,2,1,21,55,2
1754736,0,1270,0,40,2,6,2,1,45,48,2
1782719,0,1270,0,40,3,1,2,1,4,52,2
1766739,0,1270,0,40,3,2,2,1,35,46,2
1761108,0,1270,0,40,3,3,2,1,40,35,2
1774356,0,1270,0,40,3,1,2,1,23,49,2
1760737,0,1270,0,40,3,3,2,1,34,43,2
1776728,0,1270,0,40,2,1,2,1,18,51,2
1777183,0,1270,0,40,2,1,2,1,17,31,2
1776083,0,1270,0,40,3,2,2,1,17,43,2
1760491,0,1270,0,40,2,6,2,1,35,53,2
1756102,0,1270,0,40,2,7,2,1,31,61,2
1779322,0,1270,0,40,3,1,2,1,13,51,2
1745118,0,1270,0,40,2,11,2,1,67,33,2
1742168,0,1270,0,40,3,8,2,1,50,43,2
1780443,0,1270,0,40,2,1,2,1,12,71,2
1776471,0,1270,0,40,2,2,2,1,14,27,2
1779966,0,1270,0,40,2,1,2,1,11,17,2
1768022,0,1270,0,40,3,4,2,1,21,23,2
1757229,0,1270,0,40,3,7,2,1,36,25,2
1781221,0,1270,0,40,3,1,2,1,10,34,2
1741018,0,1270,0,40,2,9,2,1,59,10,2
1778146,0,1270,0,40,2,2,2,1,11,49,2
1743868,0,1270,0,40,3,8,2,1,43,65,2
1780317,0,1270,0,40,3,2,2,1,11,27,2
1782060,0,1270,0,40,2,1,2,1,9,73,2
1685337,0,1270,0,40,2,22,2,1,100,23,2
1741249,0,1270,0,40,2,7,2,1,33,23,2
1774995,0,1270,0,40,2,3,2,1,11,54,2
1741865,0,1270,0,40,3,8,2,1,32,43,2
1781883,0,1270,0,40,3,1,2,1,8,35,2
1762307,0,1270,0,40,2,5,2,1,32,33,2
1756052,0,1270,0,40,3,6,2,1,37,30,2
1743866,0,1270,0,40,2,7,2,1,48,52,2
1751758,0,1270,0,40,3,11,2,1,33,49,2
1781610,0,1270,0,40,2,1,2,1,7,34,2
1783306,0,1270,0,40,3,1,2,1,7,71,2
1758146,0,1270,0,40,3,4,2,1,43,19,2
1763429,0,1270,0,40,3,8,2,1,21,29,2
1779910,0,1270,0,40,3,2,2,1,7,22,2
1780846,0,1270,0,40,3,2,2,1,7,60,2
1764236,0,1270,0,40,2,7,2,1,27,51,2
1783795,0,1270,0,40,3,1,2,1,6,33,2
1774580,0,1270,0,40,3,2,2,1,16,24,2
1766258,0,1270,0,40,3,4,2,1,25,84,2
1752597,0,1270,0,40,2,7,2,1,47,12,2
1741251,0,1270,0,40,3,9,2,1,33,25,2
1776517,0,1270,0,40,2,3,2,1,13,65,2
1782879,0,1270,0,40,2,1,2,1,5,44,2
1784103,0,1270,0,40,2,1,2,1,5,6,2
1759696,0,1270,0,40,2,4,2,1,36,18,2
1779848,0,1270,0,40,3,2,2,1,5,39,2
1768166,0,1270,0,40,2,6,2,1,18,36,2
1766825,0,1270,0,40,3,4,2,1,16,41,2
1747461,0,1270,0,40,2,9,2,1,56,32,2
1761766,0,1270,0,40,3,9,2,1,29,85,2
1778718,0,1270,0,40,2,3,2,1,8,65,2
1784617,0,1270,0,40,2,1,2,1,4,52,2
1784839,0,1270,0,40,2,1,2,1,4,40,2
1785039,0,1270,0,40,3,1,2,1,4,45,2
1756587,0,1270,0,40,3,3,2,1,54,55,2
1772239,0,1270,0,40,2,1,2,1,26,85,2
1772791,0,1270,0,40,3,2,2,1,24,37,2
1762901,0,1270,0,40,2,5,2,1,34,42,2
1741516,0,1270,0,40,2,6,2,1,31,62,2
1760493,0,1270,0,40,3,5,2,1,34,70,2
1778161,0,1270,0,40,2,1,2,1,16,56,2
1778912,0,1270,0,40,3,1,2,1,16,29,2
1767256,0,1270,0,40,2,3,2,1,24,31,2
1743220,0,1270,0,40,3,1,2,1,16,34,2
1752893,0,1270,0,40,2,6,2,1,49,21,2
1763698,0,1270,0,40,2,4,2,1,32,56,2
1748829,0,1270,0,40,2,8,2,1,57,39,2
1773616,0,1270,0,40,2,3,2,1,17,23,2
1777831,0,1270,0,40,3,1,2,1,13,78,2
1780091,0,1270,0,40,2,1,2,1,13,33,2
1768736,0,1270,0,40,2,5,2,1,17,20,2
1770320,0,1270,0,40,3,3,2,1,24,80,2
1757472,1,1270,1261,29.4963,3,5,2,1,47,106,2
1768962,0,1270,0,40,3,2,2,1,25,67,2
1753069,0,1270,0,40,2,5,2,1,52,48,2
1770511,0,1270,0,40,3,3,2,1,21,80,2
1780454,0,1270,0,40,2,1,2,1,11,28,2
1765415,0,1270,0,40,2,3,2,1,32,79,2
1769699,0,1270,0,40,3,4,2,1,23,36,2
1744883,0,1270,0,40,3,8,2,1,76,84,2
1775096,0,1270,0,40,3,3,2,1,13,25,2
1780808,0,1270,0,40,2,1,2,1,10,34,2
1781544,0,1270,0,40,2,1,2,1,10,67,2
1782214,0,1270,0,40,3,1,2,1,10,37,2
1768931,0,1270,0,40,2,4,2,1,16,22,2
1763314,0,1270,0,40,2,5,2,1,32,27,2
1761839,0,1270,0,40,2,4,2,1,45,32,2
1756835,0,1270,0,40,3,7,2,1,39,15,2
1773203,0,1270,0,40,3,4,2,1,20,71,2
1772792,0,1270,0,40,3,3,2,1,22,93,2
1781446,0,1270,0,40,2,1,2,1,9,42,2
1782574,0,1270,0,40,3,1,2,1,9,67,2
1765975,0,1270,0,40,2,4,2,1,27,69,2
1747836,0,1270,0,40,3,10,2,1,57,24,2
1760699,0,1270,0,40,2,4,2,1,35,47,2
1762470,0,1270,0,40,3,6,2,1,24,58,2
1776729,0,1270,0,40,3,2,2,1,17,42,2
1748551,0,1270,0,40,3,10,2,1,57,44,2
1774957,0,1270,0,40,2,3,2,1,19,47,2
1782537,0,1270,0,40,3,1,2,1,8,14,2
1783132,0,1270,0,40,3,1,2,1,8,57,2
1746243,0,1270,0,40,2,9,2,1,64,51,2
1766774,0,1270,0,40,2,2,2,1,33,58,2
1777365,0,1270,0,40,3,3,2,1,11,25,2
1743224,0,1270,0,40,3,6,2,1,61,28,2
1772419,0,1270,0,40,3,3,2,1,14,57,2
1771402,0,1270,0,40,2,3,2,1,22,45,2
1771977,0,1270,0,40,2,3,2,1,18,37,2
1783891,0,1270,0,40,3,1,2,1,7,23,2
1778740,0,1270,0,40,3,2,2,1,10,37,2
1763101,0,1270,0,40,3,5,2,1,21,40,2
1778402,0,1270,0,40,2,3,2,1,10,59,2
1769027,0,1270,0,40,2,3,2,1,22,35,2
1752704,0,1270,0,40,2,7,2,1,50,46,2
1750770,0,1270,0,40,3,10,2,1,50,33,2
1782815,0,1270,0,40,3,1,2,1,6,74,2
1783622,0,1270,0,40,2,1,2,1,6,88,2
1784155,0,1270,0,40,2,1,2,1,6,82,2
1784429,0,1270,0,40,3,1,2,1,6,27,2
1745595,0,1270,0,40,2,7,2,1,55,40,2
1742157,0,1270,0,40,2,6,2,1,51,18,2
1667328,0,1270,0,40,3,18,2,1,123,19,2
1772354,0,1270,0,40,2,4,2,1,16,28,2
1738450,0,1270,0,40,2,6,2,1,29,13,2
1748717,0,1270,0,40,3,8,2,1,57,48,2
1776499,0,1270,0,40,3,3,2,1,15,42,2
1757330,0,1270,0,40,3,7,2,1,29,40,2
1762356,0,1270,0,40,2,6,2,1,29,23,2
1751249,0,1270,0,40,2,7,2,1,57,11,2
1739240,0,1270,0,40,2,11,2,1,66,36,2
1784787,0,1270,0,40,2,1,2,1,5,35,2
1785017,0,1270,0,40,2,1,2,1,5,36,2
1750327,0,1270,0,40,2,5,2,1,63,37,2
1739168,0,1270,0,40,3,8,2,1,47,45,2
1741549,0,1270,0,40,2,4,2,1,20,17,2
1778771,0,1270,0,40,3,2,2,1,9,27,2
1765668,0,1270,0,40,2,5,2,1,19,47,2
1777351,0,1270,0,40,2,3,2,1,10,53,2
1749007,0,1270,0,40,2,8,2,1,48,27,2
1757214,0,1270,0,40,2,9,2,1,36,29,2
1758408,0,1270,0,40,2,8,2,1,25,40,2
1756428,0,1270,0,40,2,8,2,1,36,43,2
1772332,0,1270,0,40,3,3,2,1,20,97,2
1751646,0,1270,0,40,3,10,2,1,45,71,2
1761435,0,1270,0,40,3,4,2,1,38,41,2
1784454,0,1270,0,40,2,1,2,1,4,34,2
1785411,0,1270,0,40,2,1,2,1,4,32,2
1785599,0,1270,0,40,3,1,2,1,4,42,2
1772093,0,1270,0,40,3,1,2,1,29,57,2
1748359,0,1270,0,40,3,8,2,1,61,47,2
1769302,0,1270,0,40,3,2,2,1,28,37,2
1756173,0,1270,0,40,3,5,2,1,47,56,2
1776654,0,1270,0,40,2,1,2,1,19,36,2
1753910,0,1270,0,40,3,7,2,1,47,62,2
1751499,0,1270,0,40,3,6,2,1,60,31,2
1771686,0,1270,0,40,3,3,2,1,23,55,2
1761667,0,1270,0,40,3,4,2,1,31,31,2
1742643,0,1270,0,40,2,6,2,1,56,22,2
1774793,0,1270,0,40,2,2,2,1,17,33,2
1779206,0,1270,0,40,2,1,2,1,15,28,2
1761356,0,1270,0,40,2,7,2,1,39,66,2
1742591,0,1270,0,40,2,6,2,1,60,40,2
1769540,2,1270,0,40,2,4,2,1,21,24,2
1756537,0,1270,0,40,2,5,2,1,46,39,2
1755534,0,1270,0,40,3,6,2,1,46,28,2
1770687,0,1270,0,40,3,3,2,1,26,67,2
1781027,0,1270,0,40,3,1,2,1,13,28,2
1765661,0,1270,0,40,3,5,2,1,27,87,2
1762816,0,1270,0,40,3,4,2,1,38,78,2
1771955,0,1270,0,40,3,3,2,1,23,17,2
1779890,0,1270,0,40,3,1,2,1,12,50,2
1780938,0,1270,0,40,2,1,2,1,12,52,2
1743906,0,1270,0,40,2,7,2,1,43,16,2
1768333,0,1270,0,40,3,3,2,1,27,27,2
1778632,0,1270,0,40,3,2,2,1,13,46,2
1750205,0,1270,0,40,2,8,2,1,54,49,2
1766920,0,1270,0,40,2,4,2,1,27,23,2
1779979,0,1270,0,40,3,2,2,1,14,46,2
1780928,0,1270,0,40,2,1,2,1,11,33,2
1760118,0,1270,0,40,3,5,2,1,26,94,2
1760588,0,1270,0,40,3,5,2,1,36,39,2
1772532,0,1270,0,40,2,2,2,1,27,37,2
1781787,0,1270,0,40,2,1,2,1,10,29,2
1764375,0,1270,0,40,3,3,2,1,30,29,2
1748758,0,1270,0,40,2,7,2,1,59,42,2
1767706,0,1270,0,40,2,5,2,1,18,30,2
1755491,0,1270,0,40,2,6,2,1,42,63,2
1764777,0,1270,0,40,3,5,2,1,25,64,2
1773972,0,1270,0,40,3,3,2,1,20,49,2
1758575,0,1270,0,40,3,8,2,1,39,85,2
1779982,0,1270,0,40,2,2,2,1,12,30,2
1783122,0,1270,0,40,2,1,2,1,9,36,2
1783418,0,1270,0,40,2,1,2,1,9,12,2
1767495,0,1270,0,40,2,2,2,1,28,33,2
1770812,0,1270,0,40,2,4,2,1,15,55,2
1770621,0,1270,0,40,3,3,2,1,19,28,2
1736675,0,1270,0,40,2,8,2,1,58,19,2
1761999,0,1270,0,40,2,6,2,1,25,51,2
1747926,0,1270,0,40,3,10,2,1,58,56,2
1778631,0,1270,0,40,2,2,2,1,13,31,2
1747853,0,1270,0,40,3,12,2,1,57,70,2
1781873,0,1270,0,40,3,1,2,1,8,43,2
1782651,0,1270,0,40,2,1,2,1,8,28,2
1742678,0,1270,0,40,2,7,2,1,70,60,2
1770172,0,1270,0,40,3,4,2,1,21,26,2
1743547,0,1270,0,40,3,14,2,1,84,29,2
1770935,0,1270,0,40,3,3,2,1,22,45,2
1740654,0,1270,0,40,2,6,2,1,33,78,2
1780380,0,1270,0,40,2,2,2,1,9,34,2
1761498,0,1270,0,40,2,4,2,1,38,31,2
1759710,0,1270,0,40,2,6,2,1,45,20,2
1752401,0,1270,0,40,2,8,2,1,48,24,2
1767664,0,1270,0,40,3,4,2,1,28,56,2
1782635,0,1270,0,40,3,2,2,1,8,57,2
1783029,0,1270,0,40,2,1,2,1,7,70,2
1783834,0,1270,0,40,2,1,2,1,7,40,2
1784207,0,1270,0,40,3,1,2,1,7,96,2
1784613,0,1270,0,40,2,1,2,1,7,60,2
1770340,0,1270,0,40,3,4,2,1,13,56,2
1757084,1,1270,1251,13.2606,3,7,2,1,40,73,2
1763574,0,1270,0,40,3,4,2,1,31,78,2
1713532,0,1270,0,40,3,11,2,1,52,60,2
1769141,0,1270,0,40,3,4,2,1,14,17,2
1755013,0,1270,0,40,3,5,2,1,59,38,2
1743599,0,1270,0,40,2,4,2,1,23,48,2
1722705,0,1270,0,40,3,14,2,1,101,19,2
1777256,0,1270,0,40,3,3,2,1,10,39,2
1777829,0,1270,0,40,3,2,2,1,13,21,2
1766327,0,1270,0,40,2,7,2,1,19,56,2
1777645,0,1270,0,40,3,2,2,1,16,33,2
1646785,0,1270,0,40,2,27,2,1,169,25,2
1710253,0,1270,0,40,2,17,2,1,81,81,2
1776526,0,1270,0,40,3,2,2,1,17,28,2
1738179,0,1270,0,40,3,9,2,1,70,53,2
1765295,0,1270,0,40,2,7,2,1,30,60,2
1760568,0,1270,0,40,3,6,2,1,38,34,2
1783520,0,1270,0,40,2,1,2,1,6,40,2
1784725,0,1270,0,40,2,1,2,1,6,19,2
1785159,0,1270,0,40,3,1,2,1,6,77,2
1764136,0,1270,0,40,2,5,2,1,20,18,2
1754882,0,1270,0,40,2,9,2,1,30,59,2
1767475,0,1270,0,40,2,5,2,1,22,23,2
1773672,0,1270,0,40,2,2,2,1,21,69,2
1729056,0,1270,0,40,2,14,2,1,64,64,2
1781625,0,1270,0,40,2,2,2,1,7,60,2
1743253,0,1270,0,40,3,6,2,1,52,66,2
1746765,0,1270,0,40,2,9,2,1,55,51,2
1779391,0,1270,0,40,2,2,2,1,12,81,2
1744644,0,1270,0,40,2,10,2,1,75,57,2
1764122,0,1270,0,40,3,4,2,1,37,50,2
1781111,0,1270,0,40,3,2,2,1,10,39,2
1779551,1,1270,1254,38.3373,2,3,2,1,10,25,2
1751875,0,1270,0,40,2,7,2,1,56,49,2
1768667,0,1270,0,40,2,5,2,1,24,48,2
1768031,0,1270,0,40,3,5,2,1,21,27,2
1781616,0,1270,0,40,2,2,2,1,10,24,2
1781961,0,1270,0,40,2,1,2,1,5,53,2
1784478,0,1270,0,40,3,1,2,1,5,53,2
1785359,0,1270,0,40,3,1,2,1,5,62,2
1785497,0,1270,0,40,2,1,2,1,5,39,2
1775569,0,1270,0,40,3,2,2,1,6,51,2
1647984,0,1270,0,40,2,21,2,1,174,34,2
1754566,0,1270,0,40,3,7,2,1,42,55,2
1773876,0,1270,0,40,2,3,2,1,16,58,2
1747357,0,1270,0,40,3,11,2,1,53,46,2
1776678,0,1270,0,40,3,3,2,1,8,23,2
1756035,0,1270,0,40,3,7,2,1,31,39,2
1779726,0,1270,0,40,2,2,2,1,8,28,2
1781681,0,1270,0,40,2,2,2,1,7,7,2
1762775,0,1270,0,40,2,5,2,1,28,84,2
1776116,0,1270,0,40,3,3,2,1,15,47,2
1771636,0,1270,0,40,3,5,2,1,12,55,2
1759864,0,1270,0,40,3,3,2,1,46,36,2
1751957,0,1270,0,40,2,9,2,1,40,24,2
1776895,0,1270,0,40,2,4,2,1,11,43,2
1759001,0,1270,0,40,3,6,2,1,41,35,2
1772839,0,1270,0,40,2,3,2,1,18,51,2
1739671,0,1270,0,40,3,10,2,1,59,37,2
1742125,0,1270,0,40,2,8,2,1,47,33,2
1744170,0,1270,0,40,3,3,2,1,41,40,2
1767884,0,1270,0,40,2,5,2,1,23,79,2
1782929,0,1270,0,40,3,1,2,1,4,49,2
1784920,0,1270,0,40,3,1,2,1,4,34,2
1785376,0,1270,0,40,3,1,2,1,4,26,2
1786059,0,1270,0,40,2,1,2,1,4,35,2
1786175,0,1270,0,40,2,1,2,1,4,41,2
1731998,0,1270,0,40,2,12,2,1,109,50,2
1763506,0,1270,0,40,3,4,2,1,37,34,2
1742188,0,1270,0,40,3,3,2,1,28,40,2
1755012,0,1270,0,40,3,6,2,1,47,37,2
1769119,0,1270,0,40,3,2,2,1,31,47,2
1759250,0,1270,0,40,2,5,2,1,40,47,2
1762720,0,1270,0,40,3,3,2,1,40,42,2
1777287,0,1270,0,40,2,1,2,1,20,33,2
1739498,0,1270,0,40,2,6,2,1,44,59,2
1746491,0,1270,0,40,2,9,2,1,72,64,2
1771957,0,1270,0,40,2,3,2,1,24,34,2
1777552,0,1270,0,40,3,1,2,1,19,23,2
1754179,0,1270,0,40,3,8,2,1,39,46,2
1768964,0,1270,0,40,3,3,2,1,27,39,2
1774507,0,1270,0,40,3,2,2,1,21,79,2
1741224,0,1270,0,40,2,2,2,1,24,48,2
1779019,0,1270,0,40,2,1,2,1,17,65,2
1770366,0,1270,0,40,3,3,2,1,20,29,2
1747881,0,1270,0,40,3,8,2,1,68,84,2
1752351,0,1270,0,40,3,7,2,1,49,62,2
1760934,0,1270,0,40,2,3,2,1,41,47,2
1771801,0,1270,0,40,2,3,2,1,22,93,2
1742163,0,1270,0,40,2,5,2,1,35,31,2
1769081,0,1270,0,40,2,2,2,1,29,46,2
1760805,0,1270,0,40,3,6,2,1,35,10,2
1742397,0,1270,0,40,3,2,2,1,35,55,2
1776760,0,1270,0,40,2,2,2,1,18,54,2
1772505,0,1270,0,40,2,3,2,1,22,32,2
1780040,0,1270,0,40,2,1,2,1,15,57,2
1739642,0,1270,0,40,3,10,2,1,58,42,2
1766145,0,1270,0,40,3,3,2,1,32,16,2
1760362,0,1270,0,40,3,5,2,1,40,65,2
1766486,0,1270,0,40,2,5,2,1,27,60,2
1774423,0,1270,0,40,3,2,2,1,15,59,2
1767679,0,1270,0,40,3,3,2,1,27,14,2
1775087,0,1270,0,40,2,3,2,1,15,84,2
1777805,0,1270,0,40,3,2,2,1,15,56,2
1753714,0,1270,0,40,3,7,2,1,42,35,2
1780854,0,1270,0,40,3,1,2,1,13,73,2
1753859,0,1270,0,40,2,6,2,1,47,38,2
1772007,0,1270,0,40,3,3,2,1,18,50,2
1749822,0,1270,0,40,3,9,2,1,52,46,2
1782150,0,1270,0,40,2,1,2,1,12,33,2
1776160,0,1270,0,40,3,2,2,1,13,79,2
1776412,0,1270,0,40,3,2,2,1,13,26,2
1761525,0,1270,0,40,3,5,2,1,33,37,2
1742556,0,1270,0,40,2,3,2,1,54,17,2
1776092,0,1270,0,40,3,2,2,1,20,46,2
1763859,0,1270,0,40,3,4,2,1,41,49,2
1758047,0,1270,0,40,2,8,2,1,39,31,2
1779902,0,1270,0,40,3,2,2,1,13,95,2
1781815,0,1270,0,40,2,1,2,1,11,47,2
1782810,0,1270,0,40,3,1,2,1,11,25,2
1767558,0,1270,0,40,3,5,2,1,21,50,2
1778387,0,1270,0,40,2,2,2,1,11,40,2
1775590,0,1270,0,40,3,2,2,1,17,43,2
1756463,0,1270,0,40,3,6,2,1,37,84,2
1767723,0,1270,0,40,2,3,2,1,21,33,2
1726879,0,1270,0,40,3,13,2,1,92,50,2
1775352,0,1270,0,40,2,3,2,1,14,32,2
1780362,0,1270,0,40,3,1,2,1,10,47,2
1782922,0,1270,0,40,2,1,2,1,10,86,2
1783104,0,1270,0,40,3,1,2,1,10,51,2
1783354,0,1270,0,40,2,1,2,1,10,62,2
1772023,0,1270,0,40,2,3,2,1,14,35,2
1771913,1,1270,1263,15.2396,3,3,2,1,18,51,2
1774663,0,1270,0,40,3,2,2,1,12,32,2
1771627,0,1270,0,40,3,3,2,1,20,57,2
1776867,0,1270,0,40,2,2,2,1,16,117,2
1774365,0,1270,0,40,3,3,2,1,17,53,2
1769432,0,1270,0,40,3,5,2,1,19,23,2
1781194,0,1270,0,40,3,1,2,1,9,31,2
1783059,0,1270,0,40,2,1,2,1,9,65,2
1783435,0,1270,0,40,2,1,2,1,9,39,2
1742845,0,1270,0,40,3,1,2,1,13,30,2
1773594,0,1270,0,40,2,2,2,1,17,84,2
1662950,0,1270,0,40,3,24,2,1,140,58,2
1768183,0,1270,0,40,3,5,2,1,18,47,2
1741552,0,1270,0,40,3,11,2,1,71,58,2
1777234,1,1270,1254,18.0062,3,2,2,1,17,36,2
1767194,0,1270,0,40,3,4,2,1,27,40,2
1759107,0,1270,0,40,3,6,2,1,37,72,2
1773058,0,1270,0,40,3,4,2,1,15,13,2
1770631,0,1270,0,40,3,3,2,1,22,41,2
1756789,0,1270,0,40,3,6,2,1,39,31,2
1784213,0,1270,0,40,2,1,2,1,8,37,2
1784367,0,1270,0,40,3,1,2,1,8,38,2
1768261,0,1270,0,40,3,4,2,1,19,74,2
1747085,0,1270,0,40,2,9,2,1,65,31,2
1773963,0,1270,0,40,2,2,2,1,19,37,2
1778880,0,1270,0,40,2,2,2,1,11,16,2
1759797,0,1270,0,40,3,4,2,1,41,72,2
1752041,0,1270,0,40,3,6,2,1,57,67,2
1758845,0,1270,0,40,3,6,2,1,35,11,2
1768174,0,1270,0,40,2,5,2,1,20,39,2
1742379,0,1270,0,40,2,6,2,1,26,16,2
1760647,0,1270,0,40,3,6,2,1,30,42,2
1753551,0,1270,0,40,2,8,2,1,47,51,2
1761730,0,1270,0,40,2,5,2,1,33,51,2
1742382,0,1270,0,40,2,6,2,1,24,15,2
1772874,0,1270,0,40,3,3,2,1,23,28,2
1742842,0,1270,0,40,2,7,2,1,26,50,2
1764937,0,1270,0,40,2,5,2,1,25,88,2
1783472,0,1270,0,40,2,1,2,1,7,39,2
1784420,0,1270,0,40,3,1,2,1,7,37,2
1784929,0,1270,0,40,3,1,2,1,7,36,2
1785229,0,1270,0,40,3,1,2,1,7,41,2
1757515,0,1270,0,40,2,5,2,1,40,80,2
1768647,0,1270,0,40,2,6,2,1,17,61,2
1772940,0,1270,0,40,3,4,2,1,16,22,2
1743885,0,1270,0,40,3,12,2,1,70,37,2
1745021,0,1270,0,40,3,5,2,1,24,53,2
1775088,0,1270,0,40,2,3,2,1,15,32,2
1492887,0,1270,0,40,2,39,2,1,315,64,2
1748983,0,1270,0,40,3,11,2,1,38,28,2
1740171,0,1270,0,40,2,8,2,1,58,44,2
1779306,0,1270,0,40,2,2,2,1,12,28,2
1775690,0,1270,0,40,2,3,2,1,14,50,2
1744191,0,1270,0,40,2,13,2,1,63,20,2
1776628,0,1270,0,40,2,3,2,1,15,40,2
1773558,0,1270,0,40,3,4,2,1,18,64,2
1753535,0,1270,0,40,2,10,2,1,43,60,2
1781229,0,1270,0,40,3,3,2,1,8,22,2
1769193,0,1270,0,40,3,2,2,1,35,61,2
1769943,0,1270,0,40,2,4,2,1,25,49,2
1784634,0,1270,0,40,3,1,2,1,6,41,2
1784866,0,1270,0,40,2,1,2,1,6,28,2
1785082,0,1270,0,40,3,1,2,1,6,43,2
1785317,0,1270,0,40,2,1,2,1,6,24,2
1785505,0,1270,0,40,3,1,2,1,6,40,2
1785661,0,1270,0,40,2,1,2,1,6,27,2
1785717,0,1270,0,40,2,1,2,1,6,32,2
1763697,0,1270,0,40,3,5,2,1,26,28,2
1755948,0,1270,0,40,3,7,2,1,38,24,2
1753513,0,1270,0,40,2,8,2,1,48,36,2
1780491,0,1270,0,40,2,2,2,1,7,49,2
1751556,0,1270,0,40,2,6,2,1,50,45,2
1777988,0,1270,0,40,2,2,2,1,13,30,2
1760956,0,1270,0,40,2,5,2,1,40,65,2
1743894,0,1270,0,40,3,13,2,1,67,30,2
1757941,0,1270,0,40,2,4,2,1,47,41,2
1743020,0,1270,0,40,3,5,2,1,50,43,2
1776459,0,1270,0,40,2,3,2,1,11,26,2
1739281,0,1270,0,40,3,4,2,1,57,55,2
1741348,0,1270,0,40,3,8,2,1,43,30,2
1762008,0,1270,0,40,2,7,2,1,33,34,2
1737813,0,1270,0,40,3,10,2,1,61,46,2
1760150,0,1270,0,40,3,6,2,1,28,71,2
1781405,0,1270,0,40,3,2,2,1,10,32,2
1778808,1,1270,1258,40,2,3,2,1,10,92,2
1783805,0,1270,0,40,3,2,2,1,6,46,2
1745675,0,1270,0,40,2,9,2,1,82,31,2
1763810,0,1270,0,40,3,5,2,1,23,23,2
1743158,0,1270,0,40,3,6,2,1,58,52,2
1764265,0,1270,0,40,3,6,2,1,26,31,2
1779118,0,1270,0,40,3,3,2,1,8,16,2
1783582,0,1270,0,40,3,2,2,1,6,95,2
1781090,0,1270,0,40,2,2,2,1,12,35,2
1761887,0,1270,0,40,3,6,2,1,42,18,2
1784282,0,1270,0,40,2,1,2,1,5,53,2
1784984,0,1270,0,40,3,1,2,1,5,63,2
1785989,0,1270,0,40,2,1,2,1,5,86,2
1786203,0,1270,0,40,3,1,2,1,5,57,2
1775860,0,1270,0,40,2,2,2,1,13,20,2
1757867,0,1270,0,40,2,6,2,1,35,29,2
1775900,0,1270,0,40,2,3,2,1,9,31,2
1776321,0,1270,0,40,3,3,2,1,12,47,2
1778546,0,1270,0,40,3,3,2,1,10,44,2
1773356,0,1270,0,40,2,2,2,1,21,49,2
1753162,0,1270,0,40,3,8,2,1,49,34,2
1762384,0,1270,0,40,3,5,2,1,34,40,2
1751999,0,1270,0,40,3,7,2,1,52,35,2
1769057,0,1270,0,40,3,3,2,1,23,61,2
1762793,0,1270,0,40,3,3,2,1,34,7,2
1750037,0,1270,0,40,2,10,2,1,52,36,2
1736985,0,1270,0,40,2,14,2,1,68,31,2
1762048,0,1270,0,40,2,5,2,1,33,19,2
1759030,0,1270,0,40,3,7,2,1,33,18,2
1782242,0,1270,0,40,2,2,2,1,8,31,2
1766750,0,1270,0,40,2,5,2,1,16,35,2
1775368,0,1270,0,40,2,4,2,1,11,28,2
1774869,1,1270,1243,21.645,3,4,2,1,14,114,2
1742266,0,1270,0,40,3,4,2,1,17,50,2
1773232,0,1270,0,40,3,5,2,1,12,67,2
1782189,0,1270,0,40,3,2,2,1,7,36,2
1777335,0,1270,0,40,2,3,2,1,12,52,2
1756143,0,1270,0,40,2,6,2,1,43,20,2
1769621,0,1270,0,40,2,3,2,1,24,68,2
1759582,0,1270,0,40,3,6,2,1,26,58,2
1762971,0,1270,0,40,3,7,2,1,25,48,2
1765437,0,1270,0,40,3,5,2,1,36,42,2
1772787,0,1270,0,40,3,4,2,1,18,40,2
1783839,0,1270,0,40,2,2,2,1,8,70,2
1784738,0,1270,0,40,2,2,2,1,5,34,2
1784194,0,1270,0,40,3,1,2,1,4,15,2
1784996,0,1270,0,40,3,1,2,1,4,25,2
1785518,0,1270,0,40,3,1,2,1,4,37,2
1785878,0,1270,0,40,3,1,2,1,4,57,2
1786138,0,1270,0,40,3,1,2,1,4,48,2
1786166,0,1270,0,40,3,1,2,1,4,51,2
1786342,0,1270,0,40,3,1,2,1,4,31,2
1786575,0,1270,0,40,3,1,2,1,4,25,2
1786823,0,1270,0,40,3,1,2,1,4,26,2
1786857,0,1270,0,40,2,1,2,1,4,18,2
1759423,0,1270,0,40,2,4,2,1,52,55,2
1736788,0,1270,0,40,3,9,2,1,73,42,2
1742311,0,1270,0,40,2,3,2,1,46,48,2
1773460,0,1270,0,40,3,1,2,1,28,84,2
1750333,0,1270,0,40,3,7,2,1,59,37,2
1737694,0,1270,0,40,2,8,2,1,51,52,2
1761746,0,1270,0,40,2,3,2,1,36,53,2
1770303,0,1270,0,40,3,2,2,1,25,44,2
1756963,0,1270,0,40,3,6,2,1,54,47,2
1748718,0,1270,0,40,3,9,2,1,52,31,2
1757286,0,1270,0,40,3,5,2,1,47,21,2
1761648,0,1270,0,40,2,5,2,1,37,29,2
1728232,0,1270,0,40,3,13,2,1,82,42,2
1766266,0,1270,0,40,2,4,2,1,36,30,2
1777820,0,1270,0,40,2,1,2,1,20,50,2
1759768,0,1270,0,40,2,6,2,1,36,57,2
1775855,0,1270,0,40,2,1,2,1,19,37,2
1772948,0,1270,0,40,3,3,2,1,22,25,2
1757707,0,1270,0,40,3,5,2,1,50,49,2
1777851,0,1270,0,40,3,1,2,1,18,79,2
1758913,0,1270,0,40,3,6,2,1,41,49,2
1756202,0,1270,0,40,3,6,2,1,45,28,2
1756620,0,1270,0,40,3,6,2,1,53,42,2
1766747,0,1270,0,40,2,2,2,1,40,81,2
1779621,0,1270,0,40,3,1,2,1,17,32,2
1747752,0,1270,0,40,2,8,2,1,66,47,2
1741912,0,1270,0,40,3,6,2,1,46,28,2
1741487,0,1270,0,40,3,2,2,1,23,25,2
1747365,0,1270,0,40,2,11,2,1,53,62,2
1758783,0,1270,0,40,3,8,2,1,35,187,2
1750419,0,1270,0,40,3,9,2,1,59,26,2
1779188,0,1270,0,40,3,1,2,1,16,43,2
1754304,0,1270,0,40,3,6,2,1,47,36,2
1754739,0,1270,0,40,3,7,2,1,42,65,2
1755673,0,1270,0,40,3,5,2,1,53,40,2
1741074,0,1270,0,40,2,5,2,1,41,32,2
1767893,0,1270,0,40,3,4,2,1,29,63,2
1780829,0,1270,0,40,3,1,2,1,15,24,2
1755162,0,1270,0,40,3,5,2,1,51,46,2
1775526,0,1270,0,40,3,2,2,1,18,26,2
1753620,0,1270,0,40,3,7,2,1,45,47,2
1773530,0,1270,0,40,3,2,2,1,24,15,2
1780294,0,1270,0,40,2,1,2,1,14,46,2
1775559,0,1270,0,40,2,2,2,1,18,87,2
1730193,0,1270,0,40,3,7,2,1,54,49,2
1769087,0,1270,0,40,2,2,2,1,31,18,2
1776306,0,1270,0,40,2,2,2,1,17,28,2
1766087,0,1270,0,40,2,5,2,1,30,89,2
1780624,0,1270,0,40,3,1,2,1,13,49,2
1781276,0,1270,0,40,2,1,2,1,13,15,2
1747457,0,1270,0,40,2,7,2,1,61,20,2
1741148,0,1270,0,40,3,6,2,1,66,64,2
1778202,0,1270,0,40,3,2,2,1,15,40,2
1740987,0,1270,0,40,3,6,2,1,36,26,2
1761381,0,1270,0,40,2,5,2,1,36,60,2
1744858,0,1270,0,40,2,9,2,1,75,11,2
1779142,0,1270,0,40,2,2,2,1,14,65,2
1763992,0,1270,0,40,3,4,2,1,36,24,2
1763143,0,1270,0,40,3,4,2,1,34,29,2
1780932,0,1270,0,40,2,1,2,1,12,34,2
1782484,0,1270,0,40,3,1,2,1,12,26,2
1782726,0,1270,0,40,3,1,2,1,12,57,2
1750649,0,1270,0,40,3,7,2,1,43,43,2
1762693,0,1270,0,40,3,6,2,1,27,43,2
1753596,0,1270,0,40,2,6,2,1,49,32,2
1742106,0,1270,0,40,3,5,2,1,30,91,2
1774611,0,1270,0,40,2,3,2,1,17,35,2
1777362,0,1270,0,40,2,2,2,1,15,109,2
1766448,0,1270,0,40,3,4,2,1,33,74,2
1756648,0,1270,0,40,3,7,2,1,40,33,2
1766746,0,1270,0,40,2,5,2,1,22,51,2
1763313,0,1270,0,40,2,6,2,1,36,34,2
1723325,0,1270,0,40,3,10,2,1,87,28,2
1742625,0,1270,0,40,3,6,2,1,34,88,2
1756362,0,1270,0,40,3,9,2,1,40,46,2
1749514,0,1270,0,40,2,9,2,1,60,62,2
1781765,0,1270,0,40,3,1,2,1,11,64,2
1782521,0,1270,0,40,3,1,2,1,11,54,2
1741930,0,1270,0,40,3,3,2,1,21,57,2
1759744,0,1270,0,40,2,5,2,1,27,32,2
1754057,0,1270,0,40,3,7,2,1,50,34,2
1777356,0,1270,0,40,2,2,2,1,14,67,2
1773751,0,1270,0,40,2,3,2,1,19,69,2
1759244,0,1270,0,40,2,5,2,1,42,21,2
1777082,0,1270,0,40,2,3,2,1,14,62,2
1764085,0,1270,0,40,2,5,2,1,39,74,2
1770196,0,1270,0,40,3,3,2,1,28,42,2
1764581,0,1270,0,40,3,3,2,1,42,19,2
1760871,0,1270,0,40,2,5,2,1,36,50,2
1764624,0,1270,0,40,3,5,2,1,29,68,2
1778467,0,1270,0,40,2,2,2,1,17,46,2
1781261,0,1270,0,40,3,2,2,1,13,60,2
1783585,0,1270,0,40,2,1,2,1,10,37,2
1783833,0,1270,0,40,2,1,2,1,10,45,2
1776719,0,1270,0,40,2,2,2,1,11,39,2
1770323,0,1270,0,40,2,3,2,1,16,48,2
1777948,0,1270,0,40,2,2,2,1,12,19,2
1756400,0,1270,0,40,3,6,2,1,36,66,2
1738540,0,1270,0,40,3,6,2,1,46,32,2
1748116,0,1270,0,40,2,6,2,1,69,29,2
1758718,0,1270,0,40,3,5,2,1,44,59,2
1769202,0,1270,0,40,3,4,2,1,27,28,2
1777625,0,1270,0,40,3,2,2,1,16,113,2
1764792,0,1270,0,40,3,5,2,1,17,49,2
1753715,0,1270,0,40,2,11,2,1,39,24,2
1767973,0,1270,0,40,2,4,2,1,18,43,2
1764041,0,1270,0,40,2,5,2,1,34,42,2
1751970,0,1270,0,40,2,8,2,1,49,44,2
1760356,1,1270,1248,15.4026,3,6,2,1,34,49,2
1749040,0,1270,0,40,3,8,2,1,57,66,2
1756820,0,1270,0,40,2,8,2,1,43,41,2
1783357,0,1270,0,40,3,1,2,1,9,35,2
1783822,0,1270,0,40,2,1,2,1,9,24,2
1773266,0,1270,0,40,2,2,2,1,11,45,2
1773863,0,1270,0,40,2,2,2,1,17,42,2
1775116,0,1270,0,40,3,2,2,1,17,50,2
1775791,0,1270,0,40,3,2,2,1,12,32,2
1766311,0,1270,0,40,2,2,2,1,37,25,2
1768749,0,1270,0,40,2,5,2,1,18,49,2
1772708,0,1270,0,40,2,5,2,1,15,26,2
1743345,0,1270,0,40,3,9,2,1,49,43,2
1739463,0,1270,0,40,3,10,2,1,66,57,2
1780464,0,1270,0,40,2,2,2,1,10,25,2
1760427,0,1270,0,40,3,6,2,1,36,31,2
1740528,0,1270,0,40,3,9,2,1,60,43,2
1780869,0,1270,0,40,3,2,2,1,12,40,2
1732788,0,1270,0,40,3,13,2,1,68,58,2
1782290,0,1270,0,40,2,2,2,1,10,22,2
1740600,0,1270,0,40,2,5,2,1,39,17,2
1774788,0,1270,0,40,2,4,2,1,14,18,2
1760354,0,1270,0,40,3,6,2,1,39,49,2
1783129,0,1270,0,40,2,1,2,1,8,32,2
1784184,0,1270,0,40,2,1,2,1,8,26,2
1784340,0,1270,0,40,2,1,2,1,8,76,2
1784496,0,1270,0,40,2,1,2,1,8,56,2
1784681,0,1270,0,40,2,1,2,1,8,52,2
1784753,0,1270,0,40,3,1,2,1,8,41,2
1784935,0,1270,0,40,3,1,2,1,8,45,2
1775927,0,1270,0,40,2,2,2,1,9,31,2
1775046,0,1270,0,40,2,2,2,1,19,47,2
1766915,0,1270,0,40,2,3,2,1,30,12,2
1759169,0,1270,0,40,2,5,2,1,44,32,2
1778359,0,1270,0,40,3,2,2,1,12,24,2
1776790,0,1270,0,40,3,3,2,1,12,63,2
1758053,0,1270,0,40,2,7,2,1,36,95,2
1776939,0,1270,0,40,2,3,2,1,15,53,2
1775334,0,1270,0,40,2,3,2,1,13,53,2
1743305,0,1270,0,40,3,5,2,1,24,32,2
1777440,0,1270,0,40,2,3,2,1,11,38,2
1746277,0,1270,0,40,3,12,2,1,50,54,2
1769041,0,1270,0,40,3,4,2,1,22,69,2
1781746,0,1270,0,40,3,2,2,1,10,81,2
1773417,0,1270,0,40,3,5,2,1,14,30,2
1740838,0,1270,0,40,2,12,2,1,54,72,2
1777533,0,1270,0,40,2,3,2,1,16,28,2
1782443,0,1270,0,40,3,1,2,1,7,24,2
1784246,0,1270,0,40,2,1,2,1,7,45,2
1784622,0,1270,0,40,2,1,2,1,7,19,2
1785162,0,1270,0,40,2,1,2,1,7,66,2
1785583,0,1270,0,40,2,1,2,1,7,30,2
1776424,0,1270,0,40,3,2,2,1,8,41,2
1760298,0,1270,0,40,2,5,2,1,38,28,2
1771467,0,1270,0,40,3,3,2,1,18,65,2
1769276,0,1270,0,40,2,6,2,1,22,59,2
1745041,0,1270,0,40,2,3,2,1,40,67,2
1776798,0,1270,0,40,2,3,2,1,15,45,2
1749766,0,1270,0,40,3,7,2,1,52,61,2
1775975,0,1270,0,40,3,3,2,1,13,13,2
1769034,0,1270,0,40,3,4,2,1,22,67,2
1781550,0,1270,0,40,2,2,2,1,7,26,2
1782003,0,1270,0,40,2,2,2,1,7,31,2
1749783,0,1270,0,40,2,9,2,1,70,22,2
1766339,0,1270,0,40,3,4,2,1,33,44,2
1746911,0,1270,0,40,2,11,2,1,68,10,2
1766314,0,1270,0,40,3,6,2,1,25,19,2
1767661,0,1270,0,40,2,5,2,1,23,24,2
1776312,0,1270,0,40,2,3,2,1,16,35,2
1733519,0,1270,0,40,3,11,2,1,69,103,2
1765077,0,1270,0,40,3,6,2,1,35,24,2
1765082,0,1270,0,40,2,6,2,1,32,14,2
1781329,0,1270,0,40,3,2,2,1,11,35,2
1781290,0,1270,0,40,2,2,2,1,7,58,2
1771567,0,1270,0,40,3,4,2,1,19,32,2
1780824,0,1270,0,40,3,2,2,1,11,24,2
1773194,0,1270,0,40,2,4,2,1,18,58,2
1774068,0,1270,0,40,3,4,2,1,14,54,2
1752926,1,1270,1264,21.6122,3,8,2,1,57,67,2
1757842,0,1270,0,40,3,7,2,1,37,73,2
1784736,0,1270,0,40,2,1,2,1,6,48,2
1785128,0,1270,0,40,2,1,2,1,6,60,2
1785592,0,1270,0,40,2,1,2,1,6,47,2
1785801,0,1270,0,40,3,1,2,1,6,28,2
1785951,0,1270,0,40,2,1,2,1,6,73,2
1786043,0,1270,0,40,2,1,2,1,6,49,2
1786323,0,1270,0,40,3,1,2,1,6,18,2
1759825,0,1270,0,40,3,7,2,1,25,67,2
1752000,0,1270,0,40,2,7,2,1,51,60,2
1752061,0,1270,0,40,2,7,2,1,34,65,2
1770124,0,1270,0,40,2,4,2,1,9,40,2
1766654,0,1270,0,40,2,3,2,1,32,41,2
1778504,0,1270,0,40,2,3,2,1,7,43,2
1765651,0,1270,0,40,3,5,2,1,27,28,2
1781358,0,1270,0,40,2,2,2,1,6,31,2
1778633,0,1270,0,40,3,2,2,1,12,39,2
1768986,0,1270,0,40,3,5,2,1,21,47,2
1770623,0,1270,0,40,2,4,2,1,18,25,2
1744491,0,1270,0,40,3,13,2,1,56,58,2
1772934,0,1270,0,40,2,4,2,1,16,118,2
1755576,0,1270,0,40,2,6,2,1,48,64,2
1758806,0,1270,0,40,3,5,2,1,43,55,2
1759306,0,1270,0,40,2,5,2,1,32,48,2
1765790,0,1270,0,40,3,5,2,1,23,61,2
1780920,0,1270,0,40,2,2,2,1,9,14,2
1668719,0,1270,0,40,2,17,2,1,98,32,2
1741070,0,1270,0,40,2,11,2,1,54,32,2
1783235,0,1270,0,40,2,2,2,1,6,30,2
1752371,0,1270,0,40,3,6,2,1,58,46,2
1774892,0,1270,0,40,2,3,2,1,21,44,2
1780239,0,1270,0,40,2,2,2,1,13,30,2
1781641,0,1270,0,40,2,2,2,1,11,22,2
1781754,0,1270,0,40,3,2,2,1,10,30,2
1767288,0,1270,0,40,2,6,2,1,20,26,2
1737945,0,1270,0,40,3,8,2,1,43,18,2
1776130,0,1270,0,40,3,3,2,1,20,58,2
1769421,0,1270,0,40,3,4,2,1,26,69,2
1756246,0,1270,0,40,2,8,2,1,49,46,2
1784151,0,1270,0,40,2,2,2,1,7,48,2
1760720,0,1270,0,40,3,7,2,1,42,60,2
1782084,0,1270,0,40,3,2,2,1,12,58,2
1785383,0,1270,0,40,2,2,2,1,6,24,2
1784066,0,1270,0,40,2,1,2,1,5,46,2
1784900,0,1270,0,40,2,1,2,1,5,21,2
1785044,0,1270,0,40,3,1,2,1,5,30,2
1785622,0,1270,0,40,2,1,2,1,5,21,2
1785914,0,1270,0,40,3,1,2,1,5,13,2
1786098,0,1270,0,40,3,1,2,1,5,59,2
1786365,0,1270,0,40,2,1,2,1,5,44,2
1786587,0,1270,0,40,3,1,2,1,5,93,2
1786749,0,1270,0,40,2,1,2,1,5,69,2
1786905,0,1270,0,40,3,1,2,1,5,36,2
1753660,0,1270,0,40,3,7,2,1,32,78,2
1759397,0,1270,0,40,2,7,2,1,33,63,2
1774388,0,1270,0,40,2,3,2,1,14,23,2
1769069,0,1270,0,40,2,4,2,1,23,90,2
1769733,0,1270,0,40,2,4,2,1,21,33,2
1772593,0,1270,0,40,2,4,2,1,18,87,2
1746940,0,1270,0,40,2,11,2,1,57,68,2
1768574,0,1270,0,40,3,4,2,1,27,25,2
1753083,0,1270,0,40,3,7,2,1,40,48,2
1780254,0,1270,0,40,3,2,2,1,8,65,2
1781640,0,1270,0,40,2,2,2,1,7,29,2
1781931,0,1270,0,40,2,2,2,1,6,67,2
1754317,0,1270,0,40,2,6,2,1,48,34,2
1768837,0,1270,0,40,2,5,2,1,21,24,2
1756814,0,1270,0,40,2,7,2,1,31,24,2
1750372,0,1270,0,40,3,6,2,1,61,82,2
1779818,0,1270,0,40,2,2,2,1,9,43,2
1748246,0,1270,0,40,2,9,2,1,51,31,2
1752787,0,1270,0,40,3,10,2,1,42,37,2
1739637,0,1270,0,40,2,5,2,1,36,48,2
1779558,0,1270,0,40,2,2,2,1,11,23,2
1774922,0,1270,0,40,2,4,2,1,16,31,2
1781855,0,1270,0,40,3,2,2,1,8,31,2
1719472,0,1270,0,40,3,11,2,1,79,36,2
1772378,0,1270,0,40,3,4,2,1,15,37,2
1748577,0,1270,0,40,3,8,2,1,46,19,2
1765494,0,1270,0,40,3,4,2,1,32,8,2
1742522,0,1270,0,40,2,3,2,1,41,29,2
1750249,0,1270,0,40,3,10,2,1,57,45,2
1741950,0,1270,0,40,3,6,2,1,54,53,2
1770296,0,1270,0,40,3,5,2,1,25,35,2
1761916,0,1270,0,40,2,5,2,1,36,66,2
1765988,0,1270,0,40,2,3,2,1,38,112,2
1772147,0,1270,0,40,3,5,2,1,19,38,2
1742749,0,1270,0,40,3,9,2,1,47,77,2
1773367,0,1270,0,40,3,3,2,1,20,24,2
1745283,0,1270,0,40,2,9,2,1,83,55,2
1761620,0,1270,0,40,3,6,2,1,37,29,2
1779912,0,1270,0,40,2,3,2,1,11,64,2
1773920,0,1270,0,40,3,4,2,1,19,49,2
1761964,0,1270,0,40,2,6,2,1,31,50,2
1736662,0,1270,0,40,3,9,2,1,62,16,2
1769799,0,1270,0,40,3,5,2,1,17,31,2
1783724,0,1270,0,40,3,1,2,1,4,48,2
1784700,0,1270,0,40,3,1,2,1,4,88,2
1784828,0,1270,0,40,3,1,2,1,4,15,2
1786084,0,1270,0,40,3,1,2,1,4,33,2
1786564,0,1270,0,40,2,1,2,1,4,55,2
1787055,0,1270,0,40,2,1,2,1,4,55,2
1787157,0,1270,0,40,2,1,2,1,4,76,2
1787197,0,1270,0,40,3,1,2,1,4,31,2
1787223,0,1270,0,40,2,1,2,1,4,77,2
1787417,0,1270,0,40,3,1,2,1,4,11,2
1787489,0,1270,0,40,2,1,2,1,4,18,2
1750130,0,1270,0,40,3,5,2,1,67,37,2
1752771,0,1270,0,40,3,5,2,1,64,73,2
1769735,0,1270,0,40,2,2,2,1,34,15,2
1750560,0,1270,0,40,2,6,2,1,67,60,2
1774108,0,1270,0,40,2,1,2,1,29,25,2
1773122,0,1270,0,40,2,1,2,1,28,34,2
1774219,0,1270,0,40,2,1,2,1,26,52,2
1730436,0,1270,0,40,2,13,2,1,82,19,2
1761189,0,1270,0,40,2,6,2,1,40,66,2
1761145,0,1270,0,40,3,4,2,1,38,48,2
1777206,0,1270,0,40,2,1,2,1,23,37,2
1771171,0,1270,0,40,2,3,2,1,27,48,2
1743274,0,1270,0,40,3,6,2,1,69,20,2
1777880,0,1270,0,40,2,1,2,1,21,37,2
1754054,0,1270,0,40,3,6,2,1,54,71,2
1763915,0,1270,0,40,2,3,2,1,41,31,2
1741317,0,1270,0,40,2,5,2,1,39,40,2
1768313,0,1270,0,40,2,5,2,1,31,46,2
1779089,0,1270,0,40,2,1,2,1,19,23,2
1779327,0,1270,0,40,2,1,2,1,19,49,2
1762570,0,1270,0,40,2,6,2,1,28,38,2
1743821,0,1270,0,40,2,6,2,1,34,88,2
1770839,0,1270,0,40,3,3,2,1,25,28,2
1780031,0,1270,0,40,3,1,2,1,18,69,2
1761479,0,1270,0,40,2,4,2,1,33,44,2
1737917,0,1270,0,40,2,7,2,1,45,77,2
1779860,0,1270,0,40,3,1,2,1,17,39,2
1749567,0,1270,0,40,3,8,2,1,61,50,2
1757979,0,1270,0,40,2,5,2,1,49,32,2
1756563,0,1270,0,40,3,4,2,1,54,19,2
1747715,0,1270,0,40,2,8,2,1,72,36,2
1752763,0,1270,0,40,2,5,2,1,68,33,2
1752753,0,1270,0,40,3,9,2,1,44,48,2
1775349,0,1270,0,40,2,2,2,1,22,35,2
1756670,0,1270,0,40,2,5,2,1,43,37,2
1771896,0,1270,0,40,2,3,2,1,25,40,2
1746057,0,1270,0,40,3,4,2,1,44,33,2
1745235,0,1270,0,40,2,8,2,1,74,31,2
1749594,0,1270,0,40,2,6,2,1,64,39,2
1755273,0,1270,0,40,3,7,2,1,49,32,2
1763436,0,1270,0,40,3,6,2,1,31,34,2
1778610,0,1270,0,40,2,2,2,1,16,70,2
1778883,0,1270,0,40,2,2,2,1,15,17,2
1777572,0,1270,0,40,2,2,2,1,18,34,2
1772464,0,1270,0,40,3,4,2,1,21,54,2
1763064,0,1270,0,40,3,6,2,1,34,45,2
1771607,0,1270,0,40,3,3,2,1,29,74,2
1781800,0,1270,0,40,3,1,2,1,14,43,2
1699310,0,1270,0,40,3,17,2,1,107,33,2
1775242,0,1270,0,40,2,2,2,1,17,66,2
1754570,0,1270,0,40,3,8,2,1,43,18,2
1766618,0,1270,0,40,3,4,2,1,33,36,2
1768778,0,1270,0,40,3,4,2,1,31,89,2
1744304,0,1270,0,40,3,4,2,1,36,35,2
1768609,0,1270,0,40,3,4,2,1,28,48,2
1760637,0,1270,0,40,2,5,2,1,39,105,2
1779664,0,1270,0,40,2,2,2,1,16,26,2
1782416,0,1270,0,40,2,1,2,1,13,62,2
1782834,0,1270,0,40,2,1,2,1,13,44,2
1742819,0,1270,0,40,3,6,2,1,64,42,2
1754784,0,1270,0,40,2,6,2,1,49,20,2
1758754,0,1270,0,40,3,5,2,1,35,53,2
1761701,0,1270,0,40,3,5,2,1,38,41,2
1773809,0,1270,0,40,2,2,2,1,23,82,2
1764060,0,1270,0,40,3,7,2,1,30,46,2
1775797,0,1270,0,40,3,3,2,1,16,21,2
1766195,0,1270,0,40,3,5,2,1,32,57,2
1779282,0,1270,0,40,2,3,2,1,14,29,2
1781154,0,1270,0,40,3,1,2,1,12,36,2
1782157,0,1270,0,40,3,1,2,1,12,43,2
1783012,0,1270,0,40,3,1,2,1,12,116,2
1783450,0,1270,0,40,3,1,2,1,12,104,2
1742599,0,1270,0,40,3,4,2,1,31,42,2
1771818,0,1270,0,40,3,4,2,1,17,52,2
1767857,0,1270,0,40,3,3,2,1,30,60,2
1743955,0,1270,0,40,3,5,2,1,29,23,2
1732982,0,1270,0,40,3,5,2,1,29,135,2
1744704,0,1270,0,40,2,10,2,1,76,24,2
1745295,0,1270,0,40,3,4,2,1,37,38,2
1754428,0,1270,0,40,3,7,2,1,52,71,2
1735885,0,1270,0,40,3,9,2,1,73,32,2
1779049,0,1270,0,40,3,2,2,1,16,58,2
1768030,0,1270,0,40,3,4,2,1,30,92,2
1777496,0,1270,0,40,3,2,2,1,16,48,2
1773447,0,1270,0,40,2,3,2,1,26,51,2
1738600,0,1270,0,40,3,2,2,1,49,38,2
1781226,0,1270,0,40,3,1,2,1,11,45,2
1783953,0,1270,0,40,3,1,2,1,11,90,2
1746809,0,1270,0,40,3,8,2,1,75,107,2
1764784,0,1270,0,40,3,4,2,1,25,54,2
1738105,0,1270,0,40,3,13,2,1,82,50,2
1742799,0,1270,0,40,2,10,2,1,62,40,2
1762956,0,1270,0,40,2,5,2,1,36,23,2
1755276,0,1270,0,40,3,10,2,1,41,20,2
1758545,0,1270,0,40,2,6,2,1,37,9,2
1742448,0,1270,0,40,2,6,2,1,47,17,2
1764867,0,1270,0,40,3,4,2,1,29,29,2
1778012,0,1270,0,40,2,2,2,1,17,26,2
1763408,0,1270,0,40,2,7,2,1,36,8,2
1755459,0,1270,0,40,2,6,2,1,44,12,2
1769601,0,1270,0,40,3,4,2,1,27,21,2
1766804,0,1270,0,40,2,4,2,1,37,21,2
1774645,0,1270,0,40,2,4,2,1,18,36,2
1784050,0,1270,0,40,2,1,2,1,10,57,2
1784519,0,1270,0,40,2,1,2,1,10,46,2
1759428,0,1270,0,40,2,5,2,1,35,22,2
1778193,0,1270,0,40,2,2,2,1,11,104,2
1747666,0,1270,0,40,3,11,2,1,55,28,2
1756804,0,1270,0,40,2,6,2,1,46,23,2
1778275,0,1270,0,40,3,2,2,1,13,73,2
1780045,0,1270,0,40,3,2,2,1,12,44,2
1756738,0,1270,0,40,3,4,2,1,55,43,2
1739190,1,1270,1265,24.4042,3,10,2,1,46,40,2
1750254,0,1270,0,40,3,8,2,1,48,60,2
1780358,0,1270,0,40,3,2,2,1,10,44,2
1770679,0,1270,0,40,3,3,2,1,21,71,2
1775650,0,1270,0,40,2,3,2,1,16,36,2
1775372,0,1270,0,40,3,3,2,1,16,54,2
1721108,0,1270,0,40,2,14,2,1,103,68,2
1781702,0,1270,0,40,2,2,2,1,10,25,2
1749767,0,1270,0,40,3,8,2,1,50,56,2
1759807,0,1270,0,40,2,7,2,1,37,38,2
1763633,0,1270,0,40,2,5,2,1,38,24,2
1775894,0,1270,0,40,3,4,2,1,17,15,2
1745579,0,1270,0,40,2,10,2,1,73,34,2
1783226,0,1270,0,40,2,2,2,1,11,49,2
1783616,0,1270,0,40,2,1,2,1,9,27,2
1784056,0,1270,0,40,2,1,2,1,9,15,2
1784188,0,1270,0,40,2,1,2,1,9,31,2
1784841,0,1270,0,40,2,1,2,1,9,44,2
1785057,0,1270,0,40,2,1,2,1,9,36,2
1785131,0,1270,0,40,3,1,2,1,9,70,2
1773071,0,1270,0,40,3,3,2,1,15,61,2
1772664,0,1270,0,40,2,3,2,1,17,26,2
1742827,0,1270,0,40,3,4,2,1,21,25,2
1765774,0,1270,0,40,3,4,2,1,26,47,2
1762350,0,1270,0,40,3,6,2,1,28,11,2
1755551,0,1270,0,40,2,8,2,1,47,49,2
1767460,0,1270,0,40,3,7,2,1,19,34,2
1744336,0,1270,0,40,3,14,2,1,72,29,2
1762099,0,1270,0,40,2,4,2,1,40,9,2
1743773,0,1270,0,40,2,15,2,1,77,64,2
1741174,0,1270,0,40,3,6,2,1,34,31,2
1780132,0,1270,0,40,2,2,2,1,11,33,2
1773117,0,1270,0,40,2,5,2,1,15,72,2
1767831,0,1270,0,40,3,3,2,1,30,69,2
1755248,1,1270,1256,34.064,2,8,2,1,41,76,2
1764752,0,1270,0,40,3,4,2,1,35,36,2
1753276,0,1270,0,40,3,7,2,1,45,71,2
1766238,0,1270,0,40,2,5,2,1,29,62,2
1779182,0,1270,0,40,2,3,2,1,12,32,2
1772711,0,1270,0,40,3,4,2,1,25,23,2
1751058,0,1270,0,40,2,10,2,1,44,7,2
1782296,0,1270,0,40,2,2,2,1,11,95,2
1773988,0,1270,0,40,3,4,2,1,21,25,2
1767619,0,1270,0,40,3,5,2,1,22,70,2
1778856,0,1270,0,40,2,3,2,1,14,37,2
1782159,0,1270,0,40,2,2,2,1,12,43,2
1784030,0,1270,0,40,2,2,2,1,9,54,2
1785062,0,1270,0,40,2,1,2,1,8,24,2
1785182,0,1270,0,40,2,1,2,1,8,31,2
1785333,0,1270,0,40,2,1,2,1,8,30,2
1785639,0,1270,0,40,3,1,2,1,8,43,2
1785713,0,1270,0,40,2,1,2,1,8,59,2
1741270,0,1270,0,40,3,10,2,1,46,31,2
1761589,0,1270,0,40,3,5,2,1,31,42,2
1756436,0,1270,0,40,3,8,2,1,37,46,2
1775704,0,1270,0,40,3,2,2,1,18,35,2
1776121,0,1270,0,40,2,4,2,1,12,70,2
1778899,0,1270,0,40,3,2,2,1,13,40,2
1747503,0,1270,0,40,3,12,2,1,62,59,2
1741582,0,1270,0,40,2,9,2,1,55,17,2
1780594,0,1270,0,40,3,2,2,1,9,41,2
1773191,0,1270,0,40,2,3,2,1,23,31,2
1760234,0,1270,0,40,2,5,2,1,44,36,2
1744105,0,1270,0,40,3,7,2,1,32,29,2
1760605,0,1270,0,40,3,8,2,1,30,34,2
1776797,0,1270,0,40,2,2,2,1,17,14,2
1742766,0,1270,0,40,2,6,2,1,54,28,2
1662463,0,1270,0,40,2,25,2,1,148,33,2
1772078,0,1270,0,40,3,6,2,1,20,49,2
1774730,0,1270,0,40,3,3,2,1,13,32,2
1777790,0,1270,0,40,2,3,2,1,11,31,2
1736748,0,1270,0,40,2,6,2,1,36,36,2
1762310,0,1270,0,40,3,7,2,1,30,76,2
1783094,0,1270,0,40,2,2,2,1,8,39,2
1754647,0,1270,0,40,2,8,2,1,47,22,2
1773707,0,1270,0,40,2,3,2,1,18,33,2
1762884,0,1270,0,40,3,7,2,1,24,66,2
1783000,0,1270,0,40,2,2,2,1,9,64,2
1775728,0,1270,0,40,3,3,2,1,20,39,2
1771704,0,1270,0,40,3,4,2,1,26,47,2
1781482,0,1270,0,40,3,2,2,1,10,33,2
1782132,0,1270,0,40,3,2,2,1,13,43,2
1781402,0,1270,0,40,3,2,2,1,11,37,2
1761637,0,1270,0,40,2,4,2,1,34,79,2
1783804,0,1270,0,40,2,1,2,1,7,37,2
1784728,0,1270,0,40,3,1,2,1,7,62,2
1785576,0,1270,0,40,3,1,2,1,7,24,2
1785901,0,1270,0,40,2,1,2,1,7,83,2
1786197,0,1270,0,40,3,1,2,1,7,42,2
1758947,0,1270,0,40,3,5,2,1,42,16,2
1739478,0,1270,0,40,3,5,2,1,55,45,2
1769213,0,1270,0,40,3,5,2,1,18,57,2
1735634,0,1270,0,40,3,7,2,1,50,32,2
1750291,0,1270,0,40,2,10,2,1,46,63,2
1762952,0,1270,0,40,2,4,2,1,33,59,2
1777965,0,1270,0,40,2,3,2,1,13,37,2
1780773,0,1270,0,40,2,2,2,1,10,46,2
1772893,0,1270,0,40,2,5,2,1,15,49,2
1758967,0,1270,0,40,3,8,2,1,28,40,2
1773206,0,1270,0,40,3,2,2,1,23,69,2
1761482,0,1270,0,40,2,7,2,1,29,26,2
1772486,0,1270,0,40,3,4,2,1,21,32,2
1779168,0,1270,0,40,3,2,2,1,9,53,2
1782446,0,1270,0,40,2,2,2,1,8,47,2
1783200,0,1270,0,40,2,2,2,1,7,40,2
1758942,0,1270,0,40,3,5,2,1,36,29,2
1741338,0,1270,0,40,2,2,2,1,19,27,2
1750515,0,1270,0,40,3,8,2,1,57,74,2
1750661,0,1270,0,40,3,10,2,1,46,26,2
1762710,0,1270,0,40,3,5,2,1,34,75,2
1760162,0,1270,0,40,2,6,2,1,36,74,2
1765410,0,1270,0,40,3,5,2,1,31,26,2
1756054,0,1270,0,40,3,7,2,1,42,56,2
1751446,0,1270,0,40,3,8,2,1,54,62,2
1753678,0,1270,0,40,3,7,2,1,39,33,2
1754705,0,1270,0,40,2,7,2,1,45,42,2
1780107,0,1270,0,40,3,2,2,1,16,45,2
1778102,0,1270,0,40,3,3,2,1,14,45,2
1765084,0,1270,0,40,3,6,2,1,20,67,2
1768567,0,1270,0,40,3,5,2,1,26,103,2
1784226,0,1270,0,40,3,1,2,1,6,26,2
1785366,0,1270,0,40,3,1,2,1,6,36,2
1785806,0,1270,0,40,3,1,2,1,6,50,2
1786425,0,1270,0,40,2,1,2,1,6,50,2
1786571,0,1270,0,40,2,1,2,1,6,41,2
1786671,0,1270,0,40,3,1,2,1,6,39,2
1786865,0,1270,0,40,3,1,2,1,6,75,2
1750470,0,1270,0,40,2,7,2,1,52,42,2
1763842,0,1270,0,40,2,6,2,1,21,34,2
1765007,0,1270,0,40,3,7,2,1,22,54,2
1755732,0,1270,0,40,2,8,2,1,39,43,2
1748476,0,1270,0,40,2,11,2,1,52,43,2
1749322,0,1270,0,40,3,8,2,1,55,42,2
1767068,0,1270,0,40,3,4,2,1,31,31,2
1754538,0,1270,0,40,3,8,2,1,47,62,2
1778480,0,1270,0,40,2,3,2,1,13,11,2
1755411,0,1270,0,40,3,7,2,1,38,16,2
1760524,0,1270,0,40,3,7,2,1,26,93,2
1721476,0,1270,0,40,3,12,2,1,84,42,2
1753334,0,1270,0,40,3,6,2,1,40,54,2
1776370,0,1270,0,40,2,3,2,1,11,42,2
1753371,0,1270,0,40,2,9,2,1,46,61,2
1755583,0,1270,0,40,2,10,2,1,42,13,2
1781757,0,1270,0,40,2,2,2,1,7,43,2
1770585,0,1270,0,40,3,3,2,1,27,47,2
1768073,0,1270,0,40,3,6,2,1,25,59,2
1780705,0,1270,0,40,2,2,2,1,12,43,2
1740386,0,1270,0,40,2,7,2,1,30,38,2
1747639,0,1270,0,40,3,12,2,1,59,30,2
1767926,0,1270,0,40,2,5,2,1,28,23,2
1774880,0,1270,0,40,2,4,2,1,18,30,2
1747777,0,1270,0,40,3,11,2,1,58,36,2
1759266,0,1270,0,40,3,5,2,1,38,55,2
1755257,0,1270,0,40,3,7,2,1,48,62,2
1780747,0,1270,0,40,3,2,2,1,13,22,2
1784521,0,1270,0,40,3,2,2,1,7,23,2
1774807,0,1270,0,40,2,5,2,1,14,70,2
1784476,0,1270,0,40,3,2,2,1,6,55,2
1759587,0,1270,0,40,2,5,2,1,29,107,2
1752700,0,1270,0,40,3,7,2,1,52,63,2
1784711,0,1270,0,40,2,2,2,1,7,53,2
1777612,0,1270,0,40,3,3,2,1,16,62,2
1756105,0,1270,0,40,2,8,2,1,34,17,2
1783309,0,1270,0,40,3,2,2,1,10,15,2
1785578,0,1270,0,40,2,1,2,1,5,66,2
1786144,0,1270,0,40,3,1,2,1,5,51,2
1786376,0,1270,0,40,2,1,2,1,5,22,2
1786512,0,1270,0,40,3,1,2,1,5,60,2
1786644,0,1270,0,40,2,1,2,1,5,15,2
1786772,0,1270,0,40,2,1,2,1,5,56,2
1787001,0,1270,0,40,2,1,2,1,5,50,2
1787063,0,1270,0,40,3,1,2,1,5,36,2
1787139,0,1270,0,40,2,1,2,1,5,41,2
1787251,0,1270,0,40,2,1,2,1,5,24,2
1787275,0,1270,0,40,3,1,2,1,5,75,2
1787283,0,1270,0,40,2,1,2,1,5,23,2
1787423,0,1270,0,40,3,1,2,1,5,73,2
1776156,0,1270,0,40,2,3,2,1,11,29,2
1756950,0,1270,0,40,2,5,2,1,44,65,2
1763148,0,1270,0,40,3,4,2,1,27,17,2
1764552,0,1270,0,40,2,6,2,1,19,5,2
1757730,0,1270,0,40,3,7,2,1,33,33,2
1771092,0,1270,0,40,3,4,2,1,18,66,2
1747668,0,1270,0,40,3,7,2,1,74,27,2
1765346,0,1270,0,40,2,5,2,1,22,43,2
1780870,0,1270,0,40,3,2,2,1,8,22,2
1741429,0,1270,0,40,2,6,2,1,45,38,2
1769740,0,1270,0,40,3,3,2,1,26,41,2
1766078,0,1270,0,40,2,5,2,1,23,13,2
1774972,0,1270,0,40,2,4,2,1,14,109,2
1782952,0,1270,0,40,3,2,2,1,6,43,2
1755526,0,1270,0,40,2,6,2,1,44,32,2
1779817,0,1270,0,40,2,2,2,1,13,29,2
1763480,0,1270,0,40,3,5,2,1,29,24,2
1764673,0,1270,0,40,3,6,2,1,30,67,2
1757198,0,1270,0,40,3,6,2,1,33,102,2
1752803,0,1270,0,40,2,8,2,1,47,37,2
1766284,0,1270,0,40,2,6,2,1,23,39,2
1746542,0,1270,0,40,2,11,2,1,71,76,2
1772594,0,1270,0,40,2,3,2,1,25,29,2
1777055,0,1270,0,40,2,2,2,1,18,13,2
1781968,0,1270,0,40,2,2,2,1,10,10,2
1749844,0,1270,0,40,3,11,2,1,46,44,2
1742174,0,1270,0,40,2,7,2,1,52,64,2
1777447,0,1270,0,40,2,3,2,1,8,27,2
1765489,0,1270,0,40,3,5,2,1,31,25,2
1769208,0,1270,0,40,3,3,2,1,26,39,2
1742508,0,1270,0,40,2,8,2,1,34,23,2
1781304,0,1270,0,40,3,2,2,1,11,43,2
1765539,0,1270,0,40,3,7,2,1,25,31,2
1759835,0,1270,0,40,2,8,2,1,35,32,2
1768097,0,1270,0,40,3,5,2,1,16,6,2
1781210,0,1270,0,40,3,2,2,1,6,28,2
1785551,0,1270,0,40,3,2,2,1,5,67,2
1742066,0,1270,0,40,2,8,2,1,63,58,2
1769246,0,1270,0,40,2,4,2,1,26,39,2
1775558,0,1270,0,40,3,3,2,1,21,26,2
1738340,0,1270,0,40,3,9,2,1,55,22,2
1783261,0,1270,0,40,3,2,2,1,8,38,2
1742054,0,1270,0,40,2,7,2,1,39,55,2
1762715,0,1270,0,40,3,6,2,1,27,39,2
1757569,0,1270,0,40,2,7,2,1,47,49,2
1759155,0,1270,0,40,3,6,2,1,30,40,2
1771297,0,1270,0,40,2,5,2,1,16,44,2
1771514,0,1270,0,40,3,4,2,1,25,21,2
1780852,0,1270,0,40,3,3,2,1,12,22,2
1786598,0,1270,0,40,3,1,2,1,4,25,2
1786678,0,1270,0,40,2,1,2,1,4,76,2
1787048,0,1270,0,40,2,1,2,1,4,40,2
1787140,0,1270,0,40,3,1,2,1,4,50,2
1787376,0,1270,0,40,3,1,2,1,4,68,2
1787488,0,1270,0,40,3,1,2,1,4,45,2
1787603,0,1270,0,40,3,1,2,1,4,37,2
1787637,0,1270,0,40,2,1,2,1,4,61,2
1787701,0,1270,0,40,2,1,2,1,4,37,2
1787729,0,1270,0,40,2,1,2,1,4,86,2
1787855,0,1270,0,40,3,1,2,1,4,46,2
1744618,0,1270,0,40,2,8,2,1,79,47,2
1745605,0,1270,0,40,3,3,2,1,63,32,2
1737523,0,1270,0,40,3,6,2,1,59,14,2
1750933,0,1270,0,40,3,9,2,1,53,84,2
1750050,0,1270,0,40,3,8,2,1,63,58,2
1773746,0,1270,0,40,3,2,2,1,24,29,2
1763486,0,1270,0,40,2,3,2,1,45,44,2
1751444,0,1270,0,40,2,6,2,1,61,36,2
1770152,0,1270,0,40,3,2,2,1,34,49,2
1741114,0,1270,0,40,2,3,2,1,37,44,2
1746143,0,1270,0,40,2,9,2,1,76,22,2
1773875,0,1270,0,40,2,2,2,1,23,81,2
1779249,0,1270,0,40,2,1,2,1,20,26,2
1743240,0,1270,0,40,3,5,2,1,52,21,2
1771309,0,1270,0,40,3,2,2,1,29,34,2
1751905,0,1270,0,40,3,8,2,1,56,61,2
1778394,0,1270,0,40,3,2,2,1,20,81,2
1773482,0,1270,0,40,2,2,2,1,23,106,2
1741569,0,1270,0,40,3,5,2,1,30,44,2
1771717,0,1270,0,40,3,3,2,1,19,50,2
1775741,0,1270,0,40,3,3,2,1,20,35,2
1769773,0,1270,0,40,3,4,2,1,29,38,2
1778835,0,1270,0,40,2,2,2,1,18,23,2
1780803,0,1270,0,40,2,1,2,1,17,27,2
1780983,0,1270,0,40,2,1,2,1,17,41,2
1772068,0,1270,0,40,2,2,2,1,28,63,2
1754287,0,1270,0,40,2,6,2,1,53,80,2
1762110,0,1270,0,40,2,6,2,1,35,70,2
1763903,0,1270,0,40,3,3,2,1,39,38,2
1734182,0,1270,0,40,3,8,2,1,67,22,2
1774181,0,1270,0,40,2,3,2,1,22,65,2
1771295,0,1270,0,40,2,4,2,1,25,11,2
1744300,0,1270,0,40,3,5,2,1,58,56,2
1770450,0,1270,0,40,2,4,2,1,28,85,2
1781048,0,1270,0,40,3,1,2,1,15,62,2
1782232,0,1270,0,40,3,1,2,1,15,54,2
1773372,0,1270,0,40,2,2,2,1,26,63,2
1762542,0,1270,0,40,3,6,2,1,33,47,2
1775984,0,1270,0,40,3,2,2,1,23,19,2
1772720,0,1270,0,40,3,3,2,1,25,25,2
1763263,0,1270,0,40,3,5,2,1,36,58,2
1740735,0,1270,0,40,3,8,2,1,47,38,2
1781510,0,1270,0,40,2,1,2,1,14,37,2
1782368,0,1270,0,40,3,1,2,1,14,43,2
1782778,0,1270,0,40,3,1,2,1,14,39,2
1764734,0,1270,0,40,3,3,2,1,36,38,2
1759755,0,1270,0,40,3,4,2,1,35,30,2
1779387,0,1270,0,40,2,2,2,1,14,34,2
1752773,0,1270,0,40,2,6,2,1,48,54,2
1771131,0,1270,0,40,2,4,2,1,20,74,2
1765572,0,1270,0,40,2,5,2,1,27,75,2
1782421,0,1270,0,40,3,1,2,1,13,91,2
1783070,0,1270,0,40,2,1,2,1,13,32,2
1773667,0,1270,0,40,3,2,2,1,21,37,2
1774938,0,1270,0,40,3,3,2,1,18,54,2
1755319,0,1270,0,40,2,6,2,1,50,48,2
1762159,0,1270,0,40,2,5,2,1,39,15,2
1772614,0,1270,0,40,2,3,2,1,24,66,2
1743189,0,1270,0,40,3,8,2,1,39,25,2
1749553,0,1270,0,40,3,5,2,1,76,47,2
1771085,0,1270,0,40,2,4,2,1,31,57,2
1767891,0,1270,0,40,2,4,2,1,23,17,2
1780962,0,1270,0,40,2,2,2,1,13,55,2
1762827,0,1270,0,40,2,4,2,1,42,39,2
1777012,0,1270,0,40,2,3,2,1,19,6,2
1782715,0,1270,0,40,3,1,2,1,12,52,2
1769867,0,1270,0,40,3,4,2,1,19,47,2
1761727,0,1270,0,40,2,6,2,1,29,50,2
1748501,0,1270,0,40,2,8,2,1,58,40,2
1736994,0,1270,0,40,3,5,2,1,41,32,2
1765643,0,1270,0,40,3,3,2,1,33,53,2
1749695,0,1270,0,40,3,10,2,1,63,53,2
1744388,0,1270,0,40,3,3,2,1,47,42,2
1772849,0,1270,0,40,3,3,2,1,22,91,2
1686014,0,1270,0,40,3,16,2,1,118,71,2
1780351,0,1270,0,40,2,2,2,1,14,41,2
1774950,0,1270,0,40,2,2,2,1,25,52,2
1779253,0,1270,0,40,3,3,2,1,16,68,2
1753470,0,1270,0,40,3,7,2,1,62,41,2
1781753,0,1270,0,40,3,1,2,1,11,27,2
1783918,0,1270,0,40,3,1,2,1,11,38,2
1784077,0,1270,0,40,2,1,2,1,11,55,2
1784145,0,1270,0,40,3,1,2,1,11,15,2
1784481,0,1270,0,40,3,1,2,1,11,25,2
1746839,0,1270,0,40,2,10,2,1,48,28,2
1744482,0,1270,0,40,3,4,2,1,43,28,2
1760775,0,1270,0,40,3,6,2,1,39,56,2
1780851,0,1270,0,40,2,2,2,1,11,52,2
1757166,0,1270,0,40,3,4,2,1,52,36,2
1768266,0,1270,0,40,2,4,2,1,25,75,2
1759291,0,1270,0,40,2,8,2,1,29,49,2
1747447,0,1270,0,40,3,9,2,1,69,30,2
1726968,0,1270,0,40,2,10,2,1,53,29,2
1773597,0,1270,0,40,3,3,2,1,23,70,2
1781163,0,1270,0,40,3,2,2,1,13,28,2
1781870,0,1270,0,40,2,2,2,1,12,15,2
1782300,0,1270,0,40,2,2,2,1,11,40,2
1777227,0,1270,0,40,3,3,2,1,19,23,2
1780977,0,1270,0,40,2,3,2,1,12,64,2
1782388,0,1270,0,40,3,2,2,1,13,43,2
1784160,0,1270,0,40,2,1,2,1,10,52,2
1784999,0,1270,0,40,2,1,2,1,10,36,2
1764223,0,1270,0,40,3,4,2,1,29,45,2
1770649,0,1270,0,40,3,3,2,1,22,56,2
1750109,0,1270,0,40,3,9,2,1,53,80,2
1778348,0,1270,0,40,2,2,2,1,15,31,2
1779760,0,1270,0,40,3,2,2,1,12,72,2
1778301,0,1270,0,40,2,2,2,1,16,55,2
1744912,0,1270,0,40,2,6,2,1,55,47,2
1756878,0,1270,0,40,3,9,2,1,41,21,2
1780135,0,1270,0,40,2,2,2,1,14,33,2
1780112,0,1270,0,40,3,2,2,1,13,50,2
1768153,0,1270,0,40,3,5,2,1,28,33,2
1770592,0,1270,0,40,3,3,2,1,29,38,2
1739552,0,1270,0,40,2,9,2,1,59,74,2
1767833,0,1270,0,40,2,5,2,1,25,39,2
1783988,0,1270,0,40,2,1,2,1,9,64,2
1785365,0,1270,0,40,2,1,2,1,9,15,2
1785557,0,1270,0,40,2,1,2,1,9,29,2
1785729,1,1270,1266,24.8789,3,1,2,1,9,23,2
1771214,0,1270,0,40,2,2,2,1,26,94,2
1750786,0,1270,0,40,2,7,2,1,51,45,2
1764295,0,1270,0,40,3,5,2,1,33,35,2
1758866,0,1270,0,40,2,6,2,1,35,34,2
1751202,0,1270,0,40,3,9,2,1,45,49,2
1755361,0,1270,0,40,2,8,2,1,38,55,2
1767145,0,1270,0,40,2,3,2,1,27,78,2
1753215,0,1270,0,40,2,8,2,1,42,37,2
1754836,0,1270,0,40,3,7,2,1,50,25,2
1779972,0,1270,0,40,3,2,2,1,13,43,2
1708369,0,1270,0,40,3,11,2,1,95,39,2
1774163,0,1270,0,40,3,4,2,1,14,18,2
1766481,0,1270,0,40,2,7,2,1,16,52,2
1763234,0,1270,0,40,3,5,2,1,39,75,2
1744453,0,1270,0,40,2,11,2,1,79,70,2
1745194,0,1270,0,40,3,13,2,1,62,16,2
1780015,0,1270,0,40,2,3,2,1,13,55,2
1752485,0,1270,0,40,3,8,2,1,44,67,2
1782629,0,1270,0,40,3,2,2,1,9,23,2
1778700,0,1270,0,40,3,2,2,1,18,29,2
1765296,0,1270,0,40,3,5,2,1,24,43,2
1777909,0,1270,0,40,3,3,2,1,14,64,2
1779933,0,1270,0,40,3,3,2,1,13,27,2
1760106,0,1270,0,40,3,9,2,1,33,39,2
1765747,0,1270,0,40,3,4,2,1,31,48,2
1739430,0,1270,0,40,2,6,2,1,41,27,2
1767107,0,1270,0,40,2,4,2,1,26,55,2
1767649,0,1270,0,40,3,5,2,1,32,38,2
1755916,0,1270,0,40,2,9,2,1,39,31,2
1761581,0,1270,0,40,3,6,2,1,39,37,2
1784037,0,1270,0,40,3,2,2,1,11,68,2
1784266,0,1270,0,40,3,1,2,1,8,36,2
1784602,0,1270,0,40,2,1,2,1,8,64,2
1785056,0,1270,0,40,2,1,2,1,8,69,2
1785448,0,1270,0,40,2,1,2,1,8,51,2
1785716,0,1270,0,40,2,1,2,1,8,34,2
1785752,0,1270,0,40,3,1,2,1,8,41,2
1785837,0,1270,0,40,2,1,2,1,8,55,2
1785885,0,1270,0,40,2,1,2,1,8,40,2
1786021,0,1270,0,40,2,1,2,1,8,44,2
1786225,0,1270,0,40,2,1,2,1,8,51,2
1739698,0,1270,0,40,2,9,2,1,29,34,2
1779151,0,1270,0,40,2,2,2,1,8,90,2
1773080,0,1270,0,40,3,3,2,1,20,69,2
1744342,0,1270,0,40,3,3,2,1,30,18,2
1768610,0,1270,0,40,2,5,2,1,22,25,2
1770102,0,1270,0,40,3,4,2,1,13,30,2
1751926,0,1270,0,40,2,9,2,1,41,61,2
1753116,0,1270,0,40,2,9,2,1,48,65,2
1762794,0,1270,0,40,3,4,2,1,35,68,2
1749842,0,1270,0,40,2,7,2,1,66,49,2
1747379,0,1270,0,40,2,8,2,1,56,14,2
1782858,0,1270,0,40,2,2,2,1,9,25,2
1775896,0,1270,0,40,3,3,2,1,19,46,2
1763801,0,1270,0,40,3,5,2,1,33,35,2
1750429,0,1270,0,40,2,8,2,1,60,44,2
1731554,0,1270,0,40,2,12,2,1,72,54,2
1764444,0,1270,0,40,2,5,2,1,32,75,2
1766616,0,1270,0,40,2,4,2,1,25,59,2
1745982,1,1270,1266,23.6441,3,9,2,1,36,48,2
1784435,0,1270,0,40,3,2,2,1,8,41,2
1775632,0,1270,0,40,3,3,2,1,11,39,2
1777977,0,1270,0,40,2,3,2,1,12,92,2
1773625,0,1270,0,40,2,5,2,1,17,21,2
1755254,0,1270,0,40,3,7,2,1,52,58,2
1755559,0,1270,0,40,3,6,2,1,53,25,2
1772507,0,1270,0,40,3,3,2,1,25,35,2
1783259,0,1270,0,40,3,2,2,1,11,13,2
1782839,0,1270,0,40,2,1,2,1,7,30,2
1785774,0,1270,0,40,2,1,2,1,7,50,2
1786495,0,1270,0,40,3,1,2,1,7,26,2
1786549,0,1270,0,40,2,1,2,1,7,26,2
1786577,0,1270,0,40,2,1,2,1,7,18,2
1786777,0,1270,0,40,2,1,2,1,7,19,2
1759830,0,1270,0,40,3,4,2,1,36,22,2
1765732,0,1270,0,40,2,3,2,1,36,70,2
1777192,0,1270,0,40,3,2,2,1,17,26,2
1744213,0,1270,0,40,2,6,2,1,34,28,2
1764804,0,1270,0,40,2,4,2,1,30,37,2
1776381,0,1270,0,40,3,2,2,1,19,67,2
1771462,0,1270,0,40,3,4,2,1,18,25,2
1749186,0,1270,0,40,3,8,2,1,57,26,2
1754695,0,1270,0,40,3,10,2,1,33,17,2
1749919,0,1270,0,40,3,11,2,1,44,75,2
1778810,0,1270,0,40,2,3,2,1,10,58,2
1741755,0,1270,0,40,2,10,2,1,44,76,2
1755724,0,1270,0,40,3,6,2,1,55,7,2
1759492,0,1270,0,40,3,6,2,1,34,61,2
1743524,0,1270,0,40,3,8,2,1,46,45,2
1779746,0,1270,0,40,2,2,2,1,11,43,2
1763316,0,1270,0,40,3,7,2,1,25,39,2
1770050,0,1270,0,40,3,4,2,1,20,48,2
1752479,0,1270,0,40,3,8,2,1,55,87,2
1777874,0,1270,0,40,3,3,2,1,15,22,2
1781731,0,1270,0,40,2,2,2,1,11,49,2
1783898,0,1270,0,40,2,2,2,1,8,67,2
1760624,1,1270,1251,13.8966,3,6,2,1,31,20,2
1744970,0,1270,0,40,3,8,2,1,42,42,2
1774875,0,1270,0,40,3,3,2,1,20,60,2
1781535,0,1270,0,40,2,3,2,1,11,71,2
1773848,0,1270,0,40,2,5,2,1,20,45,2
1769824,0,1270,0,40,2,3,2,1,32,77,2
1759937,0,1270,0,40,2,7,2,1,29,76,2
1785482,0,1270,0,40,2,1,2,1,6,32,2
1786044,0,1270,0,40,2,1,2,1,6,55,2
1786360,0,1270,0,40,3,1,2,1,6,28,2
1787007,0,1270,0,40,3,1,2,1,6,33,2
1787027,0,1270,0,40,2,1,2,1,6,66,2
1787173,0,1270,0,40,2,1,2,1,6,17,2
1787383,0,1270,0,40,3,1,2,1,6,32,2
1787465,0,1270,0,40,3,1,2,1,6,26,2
1773917,0,1270,0,40,3,3,2,1,15,25,2
1776735,0,1270,0,40,2,2,2,1,16,40,2
1749650,0,1270,0,40,2,9,2,1,56,71,2
1768743,0,1270,0,40,2,4,2,1,22,22,2
1760733,0,1270,0,40,3,4,2,1,33,86,2
1781418,0,1270,0,40,3,2,2,1,6,82,2
1774722,0,1270,0,40,2,3,2,1,17,68,2
1783288,0,1270,0,40,3,2,2,1,7,32,2
1749935,0,1270,0,40,2,6,2,1,71,47,2
1773096,0,1270,0,40,2,3,2,1,22,39,2
1778234,0,1270,0,40,3,3,2,1,12,33,2
1745081,0,1270,0,40,3,8,2,1,83,61,2
1770481,0,1270,0,40,3,5,2,1,12,50,2
1767788,0,1270,0,40,3,4,2,1,32,52,2
1754406,0,1270,0,40,2,8,2,1,32,25,2
1741444,0,1270,0,40,3,6,2,1,42,32,2
1769548,0,1270,0,40,3,5,2,1,18,27,2
1766223,0,1270,0,40,2,7,2,1,27,78,2
1778019,0,1270,0,40,3,3,2,1,9,35,2
1780092,0,1270,0,40,3,3,2,1,7,27,2
1728864,0,1270,0,40,3,10,2,1,39,19,2
1765551,0,1270,0,40,3,4,2,1,34,11,2
1778888,0,1270,0,40,3,2,2,1,18,69,2
1780741,0,1270,0,40,2,3,2,1,12,26,2
1773998,0,1270,0,40,2,4,2,1,20,62,2
1745912,0,1270,0,40,2,13,2,1,71,59,2
1771304,0,1270,0,40,2,4,2,1,26,38,2
1775801,0,1270,0,40,3,4,2,1,15,41,2
1765097,0,1270,0,40,2,5,2,1,29,42,2
1760531,0,1270,0,40,2,10,2,1,29,23,2
1775269,0,1270,0,40,2,3,2,1,23,17,2
1764565,0,1270,0,40,3,7,2,1,26,36,2
1786566,0,1270,0,40,2,1,2,1,5,27,2
1786936,0,1270,0,40,2,1,2,1,5,74,2
1787072,0,1270,0,40,3,1,2,1,5,51,2
1787312,0,1270,0,40,3,1,2,1,5,15,2
1787404,0,1270,0,40,2,1,2,1,5,53,2
1787681,0,1270,0,40,3,1,2,1,5,39,2
1787769,0,1270,0,40,3,1,2,1,5,27,2
1787867,0,1270,0,40,3,1,2,1,5,60,2
1788095,0,1270,0,40,3,1,2,1,5,40,2
1781460,0,1270,0,40,2,2,2,1,5,54,2
1776333,0,1270,0,40,2,3,2,1,13,36,2
1767235,0,1270,0,40,3,3,2,1,27,21,2
1758673,0,1270,0,40,2,7,2,1,34,28,2
1760045,0,1270,0,40,3,7,2,1,35,22,2
1770747,0,1270,0,40,2,3,2,1,24,42,2
1745233,0,1270,0,40,3,9,2,1,74,47,2
1762871,0,1270,0,40,2,7,2,1,17,34,2
1738668,0,1270,0,40,3,4,2,1,23,52,2
1769315,0,1270,0,40,3,4,2,1,24,75,2
1759327,0,1270,0,40,3,8,2,1,25,15,2
1774485,0,1270,0,40,3,2,2,1,22,82,2
1749407,0,1270,0,40,2,8,2,1,67,28,2
1760081,0,1270,0,40,2,4,2,1,49,45,2
1767427,0,1270,0,40,2,4,2,1,23,15,2
1770746,0,1270,0,40,2,5,2,1,22,69,2
1742058,0,1270,0,40,3,6,2,1,41,42,2
1765379,0,1270,0,40,2,7,2,1,26,22,2
1747154,0,1270,0,40,3,11,2,1,66,63,2
1775142,0,1270,0,40,2,4,2,1,17,12,2
1772536,0,1270,0,40,2,5,2,1,14,45,2
1773027,0,1270,0,40,3,5,2,1,13,37,2
1770774,0,1270,0,40,2,7,2,1,18,33,2
1771017,0,1270,0,40,2,6,2,1,16,32,2
1763359,0,1270,0,40,3,6,2,1,27,55,2
1767790,0,1270,0,40,3,5,2,1,24,26,2
1745733,0,1270,0,40,2,5,2,1,18,32,2
1773255,0,1270,0,40,3,4,2,1,15,29,2
1742352,0,1270,0,40,3,9,2,1,55,63,2
1784211,0,1270,0,40,3,2,2,1,7,19,2
1764427,0,1270,0,40,3,4,2,1,32,30,2
1784919,0,1270,0,40,3,2,2,1,6,46,2
1742161,0,1270,0,40,3,7,2,1,52,52,2
1779437,0,1270,0,40,3,2,2,1,17,22,2
1776772,0,1270,0,40,3,3,2,1,13,66,2
1783643,0,1270,0,40,3,2,2,1,9,61,2
1771363,0,1270,0,40,3,4,2,1,22,53,2
1780313,0,1270,0,40,3,2,2,1,16,20,2
1781355,0,1270,0,40,2,2,2,1,14,25,2
1762774,0,1270,0,40,3,6,2,1,40,60,2
1753131,0,1270,0,40,3,7,2,1,48,20,2
1741142,0,1270,0,40,2,12,2,1,39,46,2
1756060,0,1270,0,40,2,6,2,1,49,38,2
1713916,0,1270,0,40,2,16,2,1,84,30,2
1781407,0,1270,0,40,2,3,2,1,9,13,2
1784063,0,1270,0,40,3,3,2,1,9,41,2
1771503,0,1270,0,40,3,6,2,1,24,74,2
1786394,0,1270,0,40,2,1,2,1,4,49,2
1786682,0,1270,0,40,2,1,2,1,4,26,2
1787038,0,1270,0,40,3,1,2,1,4,37,2
1787334,0,1270,0,40,2,1,2,1,4,47,2
1787422,0,1270,0,40,2,1,2,1,4,73,2
1787582,0,1270,0,40,2,1,2,1,4,48,2
1787730,0,1270,0,40,3,1,2,1,4,28,2
1787830,0,1270,0,40,3,1,2,1,4,74,2
1787934,0,1270,0,40,2,1,2,1,4,43,2
1788038,0,1270,0,40,2,1,2,1,4,33,2
1788200,0,1270,0,40,2,1,2,1,4,52,2
1788320,0,1270,0,40,2,1,2,1,4,33,2
1788464,0,1270,0,40,3,1,2,1,4,21,2
1788514,0,1270,0,40,3,1,2,1,4,78,2
1754048,0,1270,0,40,2,6,2,1,61,41,2
1774147,0,1270,0,40,2,1,2,1,30,49,2
1774805,0,1270,0,40,2,1,2,1,28,52,2
1775344,0,1270,0,40,2,1,2,1,27,47,2
1761354,0,1270,0,40,3,3,2,1,51,62,2
1747549,0,1270,0,40,2,9,2,1,69,40,2
1767920,0,1270,0,40,3,4,2,1,34,34,2
1767468,0,1270,0,40,3,5,2,1,31,41,2
1744791,0,1270,0,40,2,6,2,1,62,56,2
1759636,0,1270,0,40,2,5,2,1,46,38,2
1760547,0,1270,0,40,2,6,2,1,45,22,2
1743268,0,1270,0,40,3,5,2,1,57,46,2
1773270,0,1270,0,40,2,2,2,1,22,54,2
1743516,0,1270,0,40,3,7,2,1,43,85,2
1761684,0,1270,0,40,2,5,2,1,38,17,2
1780030,0,1270,0,40,3,1,2,1,18,65,2
1780731,0,1270,0,40,2,1,2,1,18,57,2
1781025,0,1270,0,40,3,1,2,1,18,16,2
1774939,0,1270,0,40,2,2,2,1,20,35,2
1770897,0,1270,0,40,3,3,2,1,28,48,2
1754687,1,1270,1267,30.7469,2,7,2,1,46,35,2
1771105,0,1270,0,40,3,2,2,1,30,34,2
1768149,0,1270,0,40,2,2,2,1,38,47,2
1756699,0,1270,0,40,2,5,2,1,51,24,2
1745929,0,1270,0,40,2,2,2,1,20,41,2
1768351,0,1270,0,40,3,4,2,1,28,30,2
1770343,0,1270,0,40,3,3,2,1,27,72,2
1776794,0,1270,0,40,3,2,2,1,22,50,2
1744273,0,1270,0,40,2,10,2,1,81,54,2
1773394,0,1270,0,40,2,2,2,1,27,17,2
1765583,0,1270,0,40,2,4,2,1,37,46,2
1782294,0,1270,0,40,3,1,2,1,15,40,2
1782798,0,1270,0,40,3,1,2,1,15,62,2
1776671,0,1270,0,40,2,3,2,1,19,56,2
1747116,0,1270,0,40,2,8,2,1,65,46,2
1743912,0,1270,0,40,2,6,2,1,43,18,2
1780126,0,1270,0,40,3,2,2,1,16,32,2
1778687,0,1270,0,40,3,2,2,1,14,31,2
1778395,0,1270,0,40,2,2,2,1,15,22,2
1771715,0,1270,0,40,2,3,2,1,21,33,2
1740465,0,1270,0,40,3,3,2,1,18,30,2
1763126,0,1270,0,40,3,7,2,1,33,96,2
1760041,0,1270,0,40,2,7,2,1,28,47,2
1783673,0,1270,0,40,2,1,2,1,13,31,2
1774024,0,1270,0,40,3,2,2,1,22,40,2
1770111,0,1270,0,40,3,4,2,1,28,31,2
1755283,0,1270,0,40,2,5,2,1,57,131,2
1773069,0,1270,0,40,3,2,2,1,28,71,2
1764930,0,1270,0,40,3,4,2,1,24,34,2
1780907,0,1270,0,40,3,2,2,1,13,27,2
1781122,0,1270,0,40,2,2,2,1,13,59,2
1758387,0,1270,0,40,2,6,2,1,30,54,2
1783926,0,1270,0,40,3,1,2,1,12,49,2
1752394,0,1270,0,40,3,7,2,1,56,42,2
1778981,0,1270,0,40,3,2,2,1,14,33,2
1750434,0,1270,0,40,2,9,2,1,51,16,2
1772003,0,1270,0,40,2,3,2,1,20,17,2
1759019,0,1270,0,40,2,8,2,1,39,92,2
1760604,0,1270,0,40,3,5,2,1,42,44,2
1761641,0,1270,0,40,2,4,2,1,32,35,2
1754526,0,1270,0,40,3,7,2,1,46,35,2
1777269,0,1270,0,40,3,2,2,1,18,42,2
1773064,0,1270,0,40,2,4,2,1,19,71,2
1756061,0,1270,0,40,3,7,2,1,37,20,2
1779850,0,1270,0,40,3,2,2,1,14,33,2
1769392,0,1270,0,40,3,4,2,1,29,19,2
1784204,0,1270,0,40,3,1,2,1,11,37,2
1784701,0,1270,0,40,2,1,2,1,11,19,2
1767720,0,1270,0,40,2,3,2,1,30,46,2
1737906,2,1270,0,40,3,5,2,1,40,44,2
1765294,0,1270,0,40,3,4,2,1,37,62,2
1782016,0,1270,1255,36.3677,2,2,2,1,11,52,2
1781730,0,1270,0,40,2,2,2,1,14,17,2
1739821,0,1270,0,40,2,5,2,1,54,49,2
1783379,0,1270,0,40,3,2,2,1,11,34,2
1782148,0,1270,0,40,3,2,2,1,15,40,2
1784078,0,1270,0,40,2,1,2,1,10,20,2
1784926,0,1270,0,40,2,1,2,1,10,32,2
1785391,0,1270,0,40,3,1,2,1,10,56,2
1785669,0,1270,0,40,3,1,2,1,10,40,2
1766015,0,1270,0,40,3,4,2,1,25,37,2
1756607,0,1270,0,40,3,8,2,1,38,52,2
1769018,0,1270,0,40,3,4,2,1,26,59,2
1758811,0,1270,0,40,3,6,2,1,42,40,2
1739793,0,1270,0,40,2,8,2,1,52,24,2
1752133,0,1270,0,40,2,9,2,1,44,19,2
1765959,0,1270,0,40,2,6,2,1,26,33,2
1776610,0,1270,0,40,3,3,2,1,13,59,2
1773240,0,1270,0,40,3,3,2,1,20,25,2
1763872,0,1270,0,40,3,6,2,1,31,27,2
1782898,0,1270,0,40,3,2,2,1,11,53,2
1743415,0,1270,0,40,3,14,2,1,79,35,2
1734571,0,1270,0,40,3,13,2,1,72,24,2
1766356,0,1270,0,40,3,4,2,1,33,12,2
1762991,0,1270,0,40,2,6,2,1,37,46,2
1742277,0,1270,0,40,3,5,2,1,50,25,2
1755696,0,1270,0,40,2,6,2,1,62,41,2
1783524,0,1270,0,40,2,1,2,1,9,65,2
1784624,0,1270,0,40,2,1,2,1,9,41,2
1784864,0,1270,0,40,2,1,2,1,9,57,2
1785412,0,1270,0,40,3,1,2,1,9,22,2
1786067,0,1270,0,40,3,1,2,1,9,46,2
1756391,0,1270,0,40,2,7,2,1,42,63,2
1779925,0,1270,0,40,2,2,2,1,10,36,2
1778414,0,1270,0,40,3,2,2,1,14,44,2
1776489,0,1270,0,40,2,2,2,1,19,43,2
1763302,0,1270,0,40,2,6,2,1,24,50,2
1754611,0,1270,0,40,3,6,2,1,52,42,2
1778214,0,1270,0,40,2,2,2,1,17,9,2
1758046,0,1270,0,40,3,7,2,1,40,9,2
1747832,0,1270,0,40,3,13,2,1,53,37,2
1774472,0,1270,0,40,2,3,2,1,21,28,2
1773015,0,1270,0,40,3,5,2,1,22,40,2
1744095,0,1270,0,40,2,7,2,1,30,33,2
1767718,0,1270,0,40,3,3,2,1,39,45,2
1750095,0,1270,0,40,3,9,2,1,62,119,2
1762069,0,1270,0,40,2,5,2,1,41,30,2
1779718,0,1270,0,40,3,2,2,1,16,33,2
1747533,0,1270,0,40,3,11,2,1,45,71,2
1763624,0,1270,0,40,2,6,2,1,20,36,2
1768288,0,1270,0,40,3,6,2,1,28,28,2
1785294,0,1270,0,40,3,1,2,1,8,31,2
1786509,0,1270,0,40,3,1,2,1,8,29,2
1786869,0,1270,0,40,2,1,2,1,8,23,2
1753961,0,1270,0,40,2,5,2,1,52,24,2
1743164,0,1270,0,40,3,9,2,1,55,47,2
1777919,0,1270,0,40,3,2,2,1,12,69,2
1760614,0,1270,0,40,3,8,2,1,30,83,2
1775178,0,1270,0,40,2,3,2,1,20,62,2
1761982,0,1270,0,40,3,7,2,1,29,44,2
1765944,0,1270,0,40,2,5,2,1,35,30,2
1763232,0,1270,0,40,2,6,2,1,32,16,2
1768417,0,1270,0,40,3,4,2,1,33,67,2
1769473,0,1270,0,40,2,6,2,1,26,40,2
1746102,0,1270,0,40,3,13,2,1,61,61,2
1740711,0,1270,0,40,3,9,2,1,64,44,2
1778371,0,1270,0,40,3,2,2,1,19,30,2
1784452,0,1270,0,40,3,2,2,1,9,48,2
1769106,0,1270,0,40,3,5,2,1,28,80,2
1779567,0,1270,0,40,3,3,2,1,14,60,2
1761368,0,1270,0,40,3,5,2,1,44,28,2
1786860,0,1270,0,40,3,1,2,1,7,74,2
1787127,0,1270,0,40,3,1,2,1,7,34,2
1735689,0,1270,0,40,3,3,2,1,24,41,2
1759554,0,1270,0,40,3,6,2,1,32,73,2
1762664,0,1270,0,40,3,5,2,1,33,38,2
1771888,0,1270,0,40,2,3,2,1,22,36,2
1754466,0,1270,0,40,3,8,2,1,35,53,2
1775059,0,1270,0,40,3,4,2,1,11,24,2
1777134,0,1270,0,40,2,2,2,1,20,67,2
1766312,0,1270,0,40,3,4,2,1,32,50,2
1770830,0,1270,0,40,2,5,2,1,17,56,2
1778713,0,1270,0,40,3,3,2,1,11,22,2
1761434,0,1270,0,40,2,7,2,1,43,28,2
1781791,0,1270,0,40,2,2,2,1,11,41,2
1741308,0,1270,0,40,2,7,2,1,56,48,2
1776891,0,1270,0,40,3,3,2,1,16,22,2
1784132,0,1270,0,40,3,2,2,1,7,37,2
1747454,0,1270,0,40,2,8,2,1,72,96,2
1767360,0,1270,0,40,2,5,2,1,24,46,2
1772049,0,1270,0,40,2,5,2,1,26,31,2
1775543,0,1270,0,40,2,3,2,1,22,50,2
1784368,0,1270,0,40,3,2,2,1,8,35,2
1775373,0,1270,0,40,3,4,2,1,19,31,2
1755385,0,1270,0,40,3,9,2,1,36,24,2
1748603,0,1270,0,40,2,9,2,1,77,8,2
1779805,0,1270,0,40,3,3,2,1,13,45,2
1766429,0,1270,0,40,2,7,2,1,27,24,2
1787148,0,1270,0,40,3,1,2,1,6,56,2
1787484,0,1270,0,40,3,1,2,1,6,29,2
1787835,0,1270,0,40,2,1,2,1,6,47,2
1787879,0,1270,0,40,2,1,2,1,6,38,2
1766867,0,1270,0,40,3,2,2,1,32,30,2
1754111,0,1270,0,40,2,9,2,1,28,47,2
1772101,0,1270,0,40,2,4,2,1,13,29,2
1740808,0,1270,0,40,2,4,2,1,55,39,2
1761791,0,1270,0,40,2,5,2,1,31,21,2
1744159,0,1270,0,40,3,7,2,1,35,81,2
1751628,0,1270,0,40,2,9,2,1,47,23,2
1745757,0,1270,0,40,2,14,2,1,66,77,2
1773020,0,1270,0,40,2,5,2,1,16,66,2
1744960,0,1270,0,40,2,6,2,1,37,75,2
1782599,0,1270,0,40,3,2,2,1,7,50,2
1779615,0,1270,0,40,3,3,2,1,14,31,2
1743114,1,1270,1267,24.1715,3,8,2,1,43,45,2
1742584,0,1270,0,40,2,14,2,1,94,36,2
1744412,0,1270,0,40,3,6,2,1,26,40,2
1778261,0,1270,0,40,3,3,2,1,13,44,2
1750281,0,1270,0,40,2,8,2,1,64,52,2
1747401,0,1270,0,40,2,6,2,1,75,74,2
1757554,0,1270,0,40,2,7,2,1,30,36,2
1740620,0,1270,0,40,3,7,2,1,52,16,2
1773144,0,1270,0,40,2,3,2,1,23,39,2
1780407,0,1270,0,40,3,3,2,1,12,99,2
1743774,0,1270,0,40,3,14,2,1,62,39,2
1770797,0,1270,0,40,3,4,2,1,24,19,2
1751404,0,1270,0,40,2,8,2,1,47,30,2
1773539,0,1270,0,40,3,3,2,1,21,62,2
1784017,0,1270,0,40,2,3,2,1,10,25,2
1741901,0,1270,0,40,3,8,2,1,61,67,2
1787758,0,1270,0,40,2,1,2,1,5,55,2
1787774,0,1270,0,40,2,1,2,1,5,38,2
1788074,0,1270,0,40,2,1,2,1,5,52,2
1788160,0,1270,0,40,3,1,2,1,5,71,2
1788270,0,1270,0,40,3,1,2,1,5,40,2
1788378,0,1270,0,40,3,1,2,1,5,44,2
1788672,0,1270,0,40,3,1,2,1,5,48,2
1777272,0,1270,0,40,3,2,2,1,18,46,2
1778385,0,1270,0,40,3,3,2,1,10,44,2
1768997,0,1270,0,40,3,3,2,1,19,51,2
1746034,0,1270,0,40,2,10,2,1,69,34,2
1769630,0,1270,0,40,2,4,2,1,26,45,2
1784141,0,1270,0,40,2,2,2,1,6,49,2
1767361,0,1270,0,40,3,4,2,1,24,65,2
1779076,0,1270,0,40,2,2,2,1,14,41,2
1776246,0,1270,0,40,3,3,2,1,16,31,2
1781667,0,1270,0,40,2,2,2,1,12,16,2
1762036,0,1270,0,40,2,3,2,1,43,78,2
1771288,0,1270,0,40,3,5,2,1,14,70,2
1762211,0,1270,0,40,3,7,2,1,31,53,2
1783736,0,1270,0,40,2,2,2,1,6,114,2
1778086,0,1270,0,40,2,2,2,1,19,6,2
1760875,0,1270,0,40,2,7,2,1,35,42,2
1737629,0,1270,0,40,3,8,2,1,69,56,2
1755174,0,1270,0,40,2,10,2,1,47,67,2
1762095,2,1270,0,40,2,6,2,1,35,60,2
1741765,0,1270,0,40,2,7,2,1,57,49,2
1782732,0,1270,0,40,2,3,2,1,10,50,2
1770490,0,1270,0,40,3,4,2,1,23,17,2
1783135,0,1270,0,40,2,3,2,1,8,25,2
1779310,0,1270,0,40,3,3,2,1,13,43,2
1742025,0,1270,0,40,2,10,2,1,26,68,2
1761725,1,1270,1258,20.0214,3,8,2,1,23,44,2
1787106,0,1270,0,40,2,1,2,1,4,36,2
1787724,0,1270,0,40,2,1,2,1,4,38,2
1787908,0,1270,0,40,2,1,2,1,4,34,2
1788211,0,1270,0,40,2,1,2,1,4,41,2
1788307,0,1270,0,40,2,1,2,1,4,50,2
1788443,0,1270,0,40,3,1,2,1,4,66,2
1788563,0,1270,0,40,3,1,2,1,4,25,2
1788731,0,1270,0,40,2,1,2,1,4,25,2
1788748,0,1270,0,40,2,1,2,1,4,40,2
1788804,0,1270,0,40,2,1,2,1,4,44,2
1788834,0,1270,0,40,2,1,2,1,4,71,2
1789018,0,1270,0,40,3,1,2,1,4,61,2
1789114,0,1270,0,40,2,1,2,1,4,72,2
1789318,0,1270,0,40,2,1,2,1,4,58,2
1769551,0,1270,0,40,3,2,2,1,34,64,2
1771136,0,1270,0,40,2,2,2,1,35,20,2
1768346,0,1270,0,40,3,3,2,1,33,31,2
1766245,0,1270,0,40,3,2,2,1,41,38,2
1767546,0,1270,0,40,3,4,2,1,39,12,2
1774695,0,1270,0,40,3,2,2,1,25,20,2
1770115,0,1270,0,40,3,3,2,1,30,49,2
1776914,0,1270,0,40,2,2,2,1,22,33,2
1777509,0,1270,0,40,3,2,2,1,23,22,2
1777133,0,1270,0,40,3,2,2,1,21,62,2
1775655,0,1270,0,40,3,3,2,1,21,20,2
1754605,0,1270,0,40,2,8,2,1,57,30,2
1742514,0,1270,0,40,2,8,2,1,85,67,2
1782534,0,1270,0,40,2,1,2,1,16,24,2
1776372,0,1270,0,40,3,2,2,1,21,35,2
1764428,0,1270,0,40,2,4,2,1,41,23,2
1755258,0,1270,0,40,3,8,2,1,44,77,2
1771512,0,1270,0,40,2,5,2,1,30,66,2
1760467,0,1270,0,40,2,5,2,1,35,47,2
1768551,0,1270,0,40,2,4,2,1,27,40,2
1783608,0,1270,0,40,3,1,2,1,12,42,2
1776120,0,1270,0,40,2,2,2,1,24,14,2
1758457,0,1270,0,40,2,7,2,1,39,64,2
1759922,0,1270,0,40,3,5,2,1,46,26,2
1756799,0,1270,0,40,2,6,2,1,49,20,2
1765056,0,1270,0,40,2,7,2,1,25,56,2
1760517,0,1270,0,40,2,7,2,1,33,47,2
1785605,0,1270,0,40,2,1,2,1,11,34,2
1779802,0,1270,0,40,3,2,2,1,11,34,2
1754244,0,1270,0,40,2,6,2,1,49,32,2
1760316,0,1270,0,40,3,5,2,1,36,50,2
1773995,0,1270,0,40,3,3,2,1,20,51,2
1778487,0,1270,0,40,3,2,2,1,19,46,2
1772916,0,1270,0,40,3,4,2,1,23,49,2
1784848,0,1270,0,40,3,1,2,1,10,52,2
1771489,0,1270,0,40,2,3,2,1,18,71,2
1752258,0,1270,0,40,3,9,2,1,57,33,2
1741802,0,1270,0,40,3,7,2,1,62,23,2
1746314,0,1270,0,40,3,10,2,1,65,33,2
1775970,0,1270,0,40,2,3,2,1,19,96,2
1780123,0,1270,0,40,3,3,2,1,14,30,2
1778323,0,1270,0,40,3,2,2,1,14,58,2
1767233,0,1270,0,40,3,4,2,1,30,43,2
1779967,0,1270,0,40,2,3,2,1,12,71,2
1756384,0,1270,0,40,3,6,2,1,48,54,2
1772673,0,1270,0,40,2,4,2,1,26,8,2
1760786,0,1270,0,40,3,7,2,1,40,41,2
1785290,0,1270,0,40,3,1,2,1,8,74,2
1765492,0,1270,0,40,2,4,2,1,29,27,2
1767963,0,1270,0,40,3,3,2,1,30,35,2
1764141,0,1270,0,40,2,6,2,1,30,62,2
1760787,0,1270,0,40,3,5,2,1,37,34,2
1772700,0,1270,0,40,3,4,2,1,19,13,2
1782664,0,1270,0,40,2,2,2,1,11,53,2
1764285,0,1270,0,40,2,5,2,1,29,79,2
1778716,0,1270,0,40,3,3,2,1,14,45,2
1741069,0,1270,0,40,2,7,2,1,52,45,2
1776200,0,1270,0,40,2,4,2,1,19,36,2
1765183,0,1270,0,40,2,5,2,1,32,19,2
1780513,0,1270,0,40,3,3,2,1,11,62,2
1787100,0,1270,0,40,3,1,2,1,7,63,2
1787288,0,1270,0,40,3,1,2,1,7,41,2
1787695,0,1270,0,40,2,1,2,1,7,52,2
1788069,0,1270,0,40,2,1,2,1,7,27,2
1741345,0,1270,0,40,3,6,2,1,32,32,2
1770149,0,1270,0,40,2,5,2,1,19,40,2
1774482,0,1270,0,40,2,2,2,1,25,15,2
1778671,0,1270,0,40,3,3,2,1,11,47,2
1747025,0,1270,0,40,3,10,2,1,64,98,2
1777495,0,1270,0,40,2,3,2,1,10,31,2
1757510,0,1270,0,40,3,9,2,1,40,23,2
1768310,0,1270,0,40,2,4,2,1,34,18,2
1756067,0,1270,0,40,3,7,2,1,50,15,2
1745871,0,1270,0,40,2,11,2,1,61,47,2
1759361,0,1270,0,40,3,5,2,1,42,44,2
1755063,0,1270,0,40,2,12,2,1,52,46,2
1769446,0,1270,0,40,3,4,2,1,35,39,2
1784798,0,1270,0,40,3,2,2,1,9,51,2
1762921,0,1270,0,40,2,6,2,1,27,36,2
1788202,0,1270,0,40,3,1,2,1,6,15,2
1788296,0,1270,0,40,2,1,2,1,6,51,2
1788338,0,1270,0,40,3,1,2,1,6,31,2
1788480,0,1270,0,40,2,1,2,1,6,98,2
1788596,0,1270,0,40,3,1,2,1,6,45,2
1748286,0,1270,0,40,2,11,2,1,55,48,2
1782636,0,1270,0,40,3,2,2,1,10,49,2
1769025,0,1270,0,40,2,7,2,1,20,15,2
1752619,0,1270,0,40,2,10,2,1,58,46,2
1766076,0,1270,0,40,3,5,2,1,32,88,2
1782619,0,1270,0,40,3,2,2,1,9,20,2
1784640,0,1270,0,40,3,2,2,1,7,19,2
1781678,0,1270,0,40,2,3,2,1,10,37,2
1771479,0,1270,0,40,2,5,2,1,26,44,2
1781406,0,1270,0,40,3,3,2,1,9,36,2
1782256,0,1270,0,40,2,3,2,1,9,36,2
1787596,0,1270,0,40,2,1,2,1,5,64,2
1788802,0,1270,0,40,2,1,2,1,5,32,2
1788872,0,1270,0,40,3,1,2,1,5,19,2
1788900,0,1270,0,40,2,1,2,1,5,36,2
1757893,0,1270,0,40,3,6,2,1,45,48,2
1761835,0,1270,0,40,3,6,2,1,39,34,2
1766123,0,1270,0,40,3,4,2,1,32,47,2
1779369,0,1270,0,40,2,3,2,1,10,52,2
1756803,0,1270,0,40,3,10,2,1,44,33,2
1742609,0,1270,0,40,3,5,2,1,34,48,2
1785591,0,1270,0,40,2,2,2,1,6,21,2
1768126,0,1270,0,40,3,6,2,1,31,33,2
1762518,0,1270,0,40,2,7,2,1,29,47,2
1778190,0,1270,0,40,3,3,2,1,18,28,2
1766317,0,1270,0,40,3,6,2,1,26,37,2
1783717,0,1270,0,40,2,2,2,1,10,46,2
1784163,0,1270,0,40,3,3,2,1,7,63,2
1786195,0,1270,0,40,2,2,2,1,6,50,2
1747688,0,1270,0,40,3,12,2,1,57,73,2
1762683,0,1270,0,40,2,7,2,1,28,18,2
1779264,0,1270,0,40,2,2,2,1,13,46,2
1754214,0,1270,0,40,2,10,2,1,34,38,2
1754900,0,1270,0,40,2,8,2,1,45,26,2
1783619,0,1270,0,40,3,2,2,1,12,55,2
1763414,0,1270,0,40,2,7,2,1,27,30,2
1774269,1,1270,1253,19.6765,3,5,2,1,13,24,2
1744797,0,1270,0,40,3,8,2,1,52,32,2
1772543,0,1270,0,40,2,6,2,1,22,18,2
1746148,0,1270,0,40,3,11,2,1,55,50,2
1782607,0,1270,0,40,3,3,2,1,8,26,2
1788153,0,1270,0,40,2,1,2,1,4,24,2
1788851,0,1270,0,40,3,1,2,1,4,64,2
1789091,0,1270,0,40,2,1,2,1,4,48,2
1789147,0,1270,0,40,2,1,2,1,4,32,2
1789650,0,1270,0,40,2,1,2,1,4,21,2
1768283,0,1270,0,40,2,2,2,1,37,49,2
1756737,0,1270,0,40,2,6,2,1,48,39,2
1773177,0,1270,0,40,3,3,2,1,26,61,2
1755074,0,1270,0,40,2,6,2,1,58,32,2
1784459,0,1270,0,40,3,1,2,1,14,70,2
1761892,0,1270,0,40,2,6,2,1,43,36,2
1783684,0,1270,0,40,2,1,2,1,12,64,2
1767099,0,1270,0,40,3,5,2,1,24,85,2
1773146,0,1270,0,40,3,2,2,1,26,28,2
1759188,0,1270,0,40,2,5,2,1,48,19,2
1785108,0,1270,0,40,2,1,2,1,10,55,2
1783216,0,1270,0,40,2,2,2,1,13,74,2
1786456,0,1270,0,40,3,1,2,1,9,16,2
1767067,0,1270,0,40,3,4,2,1,30,18,2
1759754,0,1270,0,40,3,5,2,1,48,26,2
1784110,0,1270,0,40,3,2,2,1,11,48,2
1765785,0,1270,0,40,2,5,2,1,37,58,2
1788606,0,1270,0,40,3,1,2,1,7,48,2
1769345,0,1270,0,40,2,5,2,1,27,74,2
1765300,0,1270,0,40,2,7,2,1,23,83,2
1784495,0,1270,0,40,3,2,2,1,12,67,2
1786967,0,1270,0,40,3,2,2,1,8,48,2
1740958,0,1270,0,40,2,9,2,1,43,41,2
1779375,0,1270,0,40,2,5,2,1,12,35,2
1782956,0,1270,0,40,2,3,2,1,9,24,2
1750866,0,1270,0,40,3,11,2,1,38,88,2
1753450,0,1270,0,40,3,7,2,1,57,50,2
1784414,0,1270,0,40,3,2,2,1,9,37,2
1785976,0,1270,0,40,3,0,2,1,3,42,2
1786642,0,1270,0,40,3,0,2,1,3,42,2
1786938,0,1270,0,40,3,0,2,1,3,46,2
1787098,0,1270,0,40,3,0,2,1,3,52,2
1787338,0,1270,0,40,3,0,2,1,3,49,2
1787512,0,1270,0,40,2,0,2,1,3,20,2
1787576,0,1270,0,40,2,0,2,1,3,59,2
1787704,0,1270,0,40,3,0,2,1,3,33,2
1787768,0,1270,0,40,2,0,2,1,3,50,2
1787896,0,1270,0,40,3,0,2,1,3,24,2
1787992,0,1270,0,40,2,0,2,1,3,34,2
1788133,0,1270,0,40,2,0,2,1,3,54,2
1788165,0,1270,0,40,2,0,2,1,3,52,2
1788229,0,1270,0,40,3,0,2,1,3,44,2
1788261,0,1270,0,40,2,0,2,1,3,50,2
1788325,0,1270,0,40,3,0,2,1,3,44,2
1788357,0,1270,0,40,2,0,2,1,3,57,2
1788389,0,1270,0,40,3,0,2,1,3,115,2
1788421,0,1270,0,40,2,0,2,1,3,27,2
1788485,0,1270,0,40,2,0,2,1,3,50,2
1788517,0,1270,0,40,2,0,2,1,3,27,2
1788557,0,1270,0,40,2,0,2,1,3,31,2
1788589,0,1270,0,40,3,0,2,1,3,28,2
1788709,0,1270,0,40,3,0,2,1,3,41,2
1788737,0,1270,0,40,3,0,2,1,3,33,2
1788753,0,1270,0,40,2,0,2,1,3,23,2
1788769,0,1270,0,40,2,0,2,1,3,44,2
1788785,0,1270,0,40,3,0,2,1,3,74,2
1788801,0,1270,0,40,2,0,2,1,3,53,2
1788817,0,1270,0,40,2,0,2,1,3,48,2
1788833,0,1270,0,40,3,0,2,1,3,46,2
1788849,0,1270,0,40,3,0,2,1,3,14,2
1788881,0,1270,0,40,3,0,2,1,3,54,2
1788897,0,1270,0,40,3,0,2,1,3,42,2
1788913,0,1270,0,40,2,0,2,1,3,52,2
1788929,0,1270,0,40,3,0,2,1,3,30,2
1788945,0,1270,0,40,3,0,2,1,3,36,2
1788961,0,1270,0,40,3,0,2,1,3,45,2
1788993,0,1270,0,40,2,0,2,1,3,51,2
1789009,0,1270,0,40,2,0,2,1,3,31,2
1789025,0,1270,0,40,2,0,2,1,3,28,2
1789041,0,1270,0,40,3,0,2,1,3,47,2
1789081,0,1270,0,40,2,0,2,1,3,45,2
1789097,0,1270,0,40,2,0,2,1,3,41,2
1789113,0,1270,0,40,3,0,2,1,3,32,2
1789145,0,1270,0,40,3,0,2,1,3,44,2
1789161,0,1270,0,40,3,0,2,1,3,47,2
1789177,0,1270,0,40,2,0,2,1,3,8,2
1789193,0,1270,0,40,2,0,2,1,3,10,2
1789209,0,1270,0,40,3,0,2,1,3,47,2
1789225,0,1270,0,40,2,0,2,1,3,108,2
1789241,0,1270,0,40,3,0,2,1,3,54,2
1789257,0,1270,0,40,2,0,2,1,3,45,2
1789273,0,1270,0,40,2,0,2,1,3,32,2
1789289,0,1270,0,40,2,0,2,1,3,49,2
1789305,0,1270,0,40,3,0,2,1,3,59,2
1789321,0,1270,0,40,3,0,2,1,3,27,2
1789339,0,1270,0,40,2,0,2,1,3,58,2
1789347,0,1270,0,40,3,0,2,1,3,40,2
1789363,0,1270,0,40,3,0,2,1,3,71,2
1789371,0,1270,0,40,3,0,2,1,3,23,2
1789379,0,1270,0,40,3,0,2,1,3,27,2
1789387,0,1270,0,40,2,0,2,1,3,33,2
1789395,0,1270,0,40,2,0,2,1,3,17,2
1789403,0,1270,0,40,2,0,2,1,3,69,2
1789419,0,1270,0,40,3,0,2,1,3,50,2
1789443,0,1270,0,40,2,0,2,1,3,55,2
1789451,0,1270,0,40,2,0,2,1,3,41,2
1789467,0,1270,0,40,3,0,2,1,3,49,2
1789475,0,1270,0,40,2,0,2,1,3,27,2
1789483,0,1270,0,40,2,0,2,1,3,40,2
1789491,0,1270,0,40,3,0,2,1,3,49,2
1789499,0,1270,0,40,3,0,2,1,3,49,2
1789507,0,1270,0,40,2,0,2,1,3,45,2
1789515,0,1270,0,40,2,0,2,1,3,52,2
1789531,0,1270,0,40,3,0,2,1,3,16,2
1789539,0,1270,0,40,3,0,2,1,3,21,2
1789547,0,1270,0,40,2,0,2,1,3,51,2
1789555,0,1270,0,40,2,0,2,1,3,26,2
1789563,0,1270,0,40,3,0,2,1,3,23,2
1789571,0,1270,0,40,3,0,2,1,3,36,2
1789579,0,1270,0,40,3,0,2,1,3,12,2
1789595,0,1270,0,40,3,0,2,1,3,18,2
1789603,0,1270,0,40,2,0,2,1,3,69,2
1789611,0,1270,0,40,3,0,2,1,3,50,2
1789619,0,1270,0,40,3,0,2,1,3,34,2
1789627,0,1270,0,40,3,0,2,1,3,35,2
1789635,0,1270,0,40,3,0,2,1,3,35,2
1789643,0,1270,0,40,3,0,2,1,3,56,2
1789651,0,1270,0,40,3,0,2,1,3,78,2
1789659,0,1270,0,40,3,0,2,1,3,36,2
1789667,0,1270,0,40,3,0,2,1,3,33,2
1789675,0,1270,0,40,2,0,2,1,3,23,2
1789683,0,1270,0,40,3,0,2,1,3,52,2
1789699,2,1270,0,40,3,0,2,1,3,37,2
1789707,0,1270,0,40,2,0,2,1,3,23,2
1789715,0,1270,0,40,3,0,2,1,3,48,2
1789723,0,1270,0,40,2,0,2,1,3,91,2
1789731,0,1270,0,40,3,0,2,1,3,80,2
1789739,0,1270,0,40,2,0,2,1,3,48,2
1789747,0,1270,0,40,3,0,2,1,3,33,2
1789755,0,1270,0,40,3,0,2,1,3,36,2
1789763,0,1270,0,40,3,0,2,1,3,34,2
1789771,0,1270,0,40,3,0,2,1,3,10,2
1789779,0,1270,0,40,3,0,2,1,3,63,2
1789795,0,1270,0,40,3,0,2,1,3,113,2
1789803,0,1270,0,40,2,0,2,1,3,48,2
1789811,0,1270,0,40,3,0,2,1,3,51,2
1789819,0,1270,0,40,2,0,2,1,3,35,2
1789827,0,1270,0,40,2,0,2,1,3,52,2
1789835,0,1270,0,40,3,0,2,1,3,39,2
1789843,0,1270,0,40,2,0,2,1,3,47,2
1789851,0,1270,0,40,3,0,2,1,3,75,2
1789859,0,1270,0,40,3,0,2,1,3,44,2
1789867,0,1270,0,40,3,0,2,1,3,70,2
1789875,0,1270,0,40,3,0,2,1,3,45,2
1789879,0,1270,0,40,3,0,2,1,3,61,2
1789883,0,1270,0,40,2,0,2,1,3,59,2
1789891,0,1270,0,40,2,0,2,1,3,51,2
1789895,0,1270,0,40,2,0,2,1,3,21,2
1789899,0,1270,0,40,2,0,2,1,3,93,2
1789903,0,1270,0,40,3,0,2,1,3,79,2
1789907,0,1270,0,40,3,0,2,1,3,36,2
1789915,0,1270,0,40,3,0,2,1,3,30,2
1789923,0,1270,0,40,3,0,2,1,3,21,2
1789931,0,1270,0,40,2,0,2,1,3,9,2
1789939,0,1270,0,40,2,0,2,1,3,51,2
1789943,0,1270,0,40,3,0,2,1,3,84,2
1789947,0,1270,0,40,3,0,2,1,3,41,2
1789951,0,1270,0,40,3,0,2,1,3,41,2
1789955,0,1270,0,40,2,0,2,1,3,34,2
1789959,0,1270,0,40,2,0,2,1,3,34,2
1789963,0,1270,0,40,3,0,2,1,3,44,2
1789967,0,1270,0,40,3,0,2,1,3,38,2
1789971,0,1270,0,40,3,0,2,1,3,47,2
1789979,0,1270,0,40,2,0,2,1,3,52,2
1789983,0,1270,0,40,2,0,2,1,3,20,2
1789991,0,1270,0,40,2,0,2,1,3,44,2
1789995,0,1270,0,40,3,0,2,1,3,20,2
1789999,0,1270,0,40,3,0,2,1,3,67,2
1790003,0,1270,0,40,3,0,2,1,3,23,2
1790011,0,1270,0,40,2,0,2,1,3,97,2
1790019,0,1270,0,40,3,0,2,1,3,45,2
1790027,0,1270,0,40,3,0,2,1,3,115,2
1790031,0,1270,0,40,2,0,2,1,3,35,2
1790035,0,1270,0,40,2,0,2,1,3,72,2
1790039,0,1270,0,40,2,0,2,1,3,50,2
1790047,0,1270,0,40,2,0,2,1,3,50,2
1790051,0,1270,0,40,2,0,2,1,3,68,2
1790055,0,1270,0,40,2,0,2,1,3,24,2
1790059,0,1270,0,40,2,0,2,1,3,45,2
1790063,0,1270,0,40,3,0,2,1,3,47,2
1790067,0,1270,0,40,2,0,2,1,3,27,2
1790075,0,1270,0,40,2,0,2,1,3,48,2
1790079,0,1270,0,40,2,0,2,1,3,59,2
1790083,0,1270,0,40,2,0,2,1,3,39,2
1790091,0,1270,0,40,2,0,2,1,3,42,2
1790095,0,1270,0,40,3,0,2,1,3,71,2
1790099,0,1270,0,40,3,0,2,1,3,44,2
1790103,0,1270,0,40,2,0,2,1,3,29,2
1790107,0,1270,0,40,3,0,2,1,3,47,2
1790111,0,1270,0,40,3,0,2,1,3,17,2
1790115,0,1270,0,40,3,0,2,1,3,23,2
1790119,0,1270,0,40,3,0,2,1,3,38,2
1790123,0,1270,0,40,3,0,2,1,3,18,2
1790127,0,1270,0,40,3,0,2,1,3,27,2
1790131,0,1270,0,40,2,0,2,1,3,27,2
1790139,0,1270,0,40,2,0,2,1,3,63,2
1790147,0,1270,0,40,2,0,2,1,3,43,2
1790151,0,1270,0,40,3,0,2,1,3,72,2
1790155,0,1270,0,40,2,0,2,1,3,63,2
1790159,0,1270,0,40,2,0,2,1,3,48,2
1790163,0,1270,0,40,2,0,2,1,3,36,2
1790167,0,1270,0,40,2,0,2,1,3,30,2
1790175,0,1270,0,40,3,0,2,1,3,62,2
1790179,0,1270,0,40,2,0,2,1,3,52,2
1790183,0,1270,0,40,3,0,2,1,3,32,2
1790187,0,1270,0,40,3,0,2,1,3,54,2
1790191,0,1270,0,40,3,0,2,1,3,48,2
1790195,0,1270,0,40,2,0,2,1,3,25,2
1790199,0,1270,0,40,3,0,2,1,3,36,2
1790203,0,1270,0,40,3,0,2,1,3,79,2
1790215,0,1270,0,40,3,0,2,1,3,38,2
1790219,0,1270,0,40,3,0,2,1,3,41,2
1790231,0,1270,0,40,3,0,2,1,3,74,2
1790235,0,1270,0,40,3,0,2,1,3,61,2
1790239,0,1270,0,40,2,0,2,1,3,39,2
1790243,0,1270,0,40,2,0,2,1,3,46,2
1790251,0,1270,0,40,3,0,2,1,3,30,2
1790255,0,1270,0,40,3,0,2,1,3,30,2
1790259,0,1270,0,40,3,0,2,1,3,35,2
1790267,0,1270,0,40,3,0,2,1,3,48,2
1790271,0,1270,0,40,3,0,2,1,3,18,2
1790275,0,1270,0,40,2,0,2,1,3,13,2
1790279,0,1270,0,40,2,0,2,1,3,25,2
1790283,0,1270,0,40,3,0,2,1,3,25,2
1790287,0,1270,0,40,2,0,2,1,3,81,2
1790291,0,1270,0,40,2,0,2,1,3,44,2
1790295,0,1270,0,40,3,0,2,1,3,23,2
1790299,0,1270,0,40,3,0,2,1,3,50,2
1790303,0,1270,0,40,3,0,2,1,3,23,2
1790307,0,1270,0,40,2,0,2,1,3,31,2
1790311,0,1270,0,40,2,0,2,1,3,94,2
1790315,0,1270,0,40,3,0,2,1,3,44,2
1790319,0,1270,0,40,3,0,2,1,3,41,2
1790323,0,1270,0,40,2,0,2,1,3,21,2
1790327,0,1270,0,40,2,0,2,1,3,36,2
1790331,0,1270,0,40,3,0,2,1,3,51,2
1790339,0,1270,0,40,3,0,2,1,3,62,2
1790343,0,1270,0,40,2,0,2,1,3,35,2
1790347,0,1270,0,40,2,0,2,1,3,39,2
1790355,0,1270,0,40,3,0,2,1,3,36,2
1790359,0,1270,0,40,3,0,2,1,3,34,2
1790367,0,1270,0,40,3,0,2,1,3,37,2
1790371,0,1270,0,40,3,0,2,1,3,31,2
1790379,0,1270,0,40,2,0,2,1,3,28,2
1790387,0,1270,0,40,2,0,2,1,3,21,2
1790391,0,1270,0,40,2,0,2,1,3,39,2
1790395,0,1270,0,40,2,0,2,1,3,31,2
1790399,0,1270,0,40,2,0,2,1,3,79,2
1790407,0,1270,0,40,2,0,2,1,3,64,2
1790411,0,1270,0,40,3,0,2,1,3,47,2
1790419,0,1270,0,40,3,0,2,1,3,23,2
1790427,0,1270,0,40,3,0,2,1,3,39,2
1790431,0,1270,0,40,2,0,2,1,3,35,2
1790435,0,1270,0,40,2,0,2,1,3,71,2
1790439,0,1270,0,40,2,0,2,1,3,55,2
1790442,0,1270,0,40,3,0,2,1,3,94,2
1790444,0,1270,0,40,3,0,2,1,3,36,2
1790446,0,1270,0,40,2,0,2,1,3,21,2
1790450,0,1270,0,40,3,0,2,1,3,22,2
1790452,0,1270,0,40,3,0,2,1,3,65,2
1790454,0,1270,0,40,2,0,2,1,3,55,2
1790456,0,1270,0,40,3,0,2,1,3,100,2
1790458,0,1270,0,40,2,0,2,1,3,33,2
1790460,0,1270,0,40,2,0,2,1,3,48,2
1790462,0,1270,0,40,3,0,2,1,3,18,2
1790464,0,1270,0,40,2,0,2,1,3,71,2
1790466,0,1270,0,40,2,0,2,1,3,42,2
1790468,0,1270,0,40,2,0,2,1,3,59,2
1790470,0,1270,0,40,2,0,2,1,3,42,2
1790474,0,1270,0,40,2,0,2,1,3,36,2
1790476,0,1270,0,40,3,0,2,1,3,44,2
1790480,0,1270,0,40,2,0,2,1,3,32,2
1790482,0,1270,0,40,2,0,2,1,3,13,2
1790484,0,1270,0,40,2,0,2,1,3,50,2
1790486,0,1270,0,40,3,0,2,1,3,12,2
1790488,0,1270,0,40,2,0,2,1,3,35,2
1790490,0,1270,0,40,3,0,2,1,3,29,2
1790494,0,1270,0,40,2,0,2,1,3,21,2
1790496,0,1270,0,40,2,0,2,1,3,58,2
1790498,0,1270,0,40,3,0,2,1,3,20,2
1790500,0,1270,0,40,2,0,2,1,3,28,2
1790502,0,1270,0,40,3,0,2,1,3,93,2
1790504,0,1270,0,40,2,0,2,1,3,24,2
1790508,0,1270,0,40,3,0,2,1,3,43,2
1790512,0,1270,0,40,2,0,2,1,3,55,2
1790516,0,1270,0,40,3,0,2,1,3,27,2
1790518,0,1270,0,40,3,0,2,1,3,83,2
1790520,0,1270,0,40,3,0,2,1,3,88,2
1790524,0,1270,0,40,2,0,2,1,3,28,2
1790526,0,1270,0,40,2,0,2,1,3,36,2
1790528,0,1270,0,40,2,0,2,1,3,24,2
1790532,0,1270,0,40,2,0,2,1,3,62,2
1790534,0,1270,0,40,2,0,2,1,3,36,2
1790536,0,1270,0,40,2,0,2,1,3,46,2
1790538,0,1270,0,40,3,0,2,1,3,35,2
1790542,0,1270,0,40,2,0,2,1,3,52,2
1790544,0,1270,0,40,2,0,2,1,3,51,2
1790546,0,1270,0,40,3,0,2,1,3,70,2
1790548,0,1270,0,40,2,0,2,1,3,51,2
1790550,0,1270,0,40,3,0,2,1,3,27,2
1790552,0,1270,0,40,3,0,2,1,3,48,2
1790554,0,1270,0,40,3,0,2,1,3,15,2
1790556,0,1270,0,40,2,0,2,1,3,22,2
1790558,0,1270,0,40,2,0,2,1,3,45,2
1790562,0,1270,0,40,3,0,2,1,3,49,2
1790564,0,1270,0,40,3,0,2,1,3,42,2
1790566,0,1270,0,40,3,0,2,1,3,49,2
1790568,0,1270,0,40,3,0,2,1,3,41,2
1790570,0,1270,0,40,2,0,2,1,3,45,2
1790572,0,1270,0,40,3,0,2,1,3,42,2
1790576,0,1270,0,40,3,0,2,1,3,74,2
1790578,0,1270,0,40,2,0,2,1,3,49,2
1790580,0,1270,0,40,3,0,2,1,3,81,2
1790582,0,1270,0,40,3,0,2,1,3,60,2
1790586,0,1270,0,40,3,0,2,1,3,33,2
1790588,0,1270,0,40,2,0,2,1,3,72,2
1790590,0,1270,0,40,2,0,2,1,3,45,2
1790592,0,1270,0,40,3,0,2,1,3,52,2
1790594,0,1270,0,40,3,0,2,1,3,51,2
1790596,0,1270,0,40,2,0,2,1,3,61,2
1790598,0,1270,0,40,3,0,2,1,3,30,2
1790600,0,1270,0,40,3,0,2,1,3,51,2
1790604,0,1270,0,40,3,0,2,1,3,58,2
1790606,0,1270,0,40,3,0,2,1,3,35,2
1790608,0,1270,0,40,2,0,2,1,3,37,2
1790610,0,1270,0,40,3,0,2,1,3,47,2
1790612,0,1270,0,40,2,0,2,1,3,74,2
1790614,0,1270,0,40,3,0,2,1,3,69,2
1790616,0,1270,0,40,3,0,2,1,3,49,2
1790618,0,1270,0,40,2,0,2,1,3,57,2
1790620,0,1270,0,40,3,0,2,1,3,64,2
1790622,0,1270,0,40,2,0,2,1,3,86,2
1790626,0,1270,0,40,2,0,2,1,3,45,2
1790628,0,1270,0,40,2,0,2,1,3,57,2
1790630,0,1270,0,40,2,0,2,1,3,49,2
1790634,0,1270,0,40,3,0,2,1,3,40,2
1790636,0,1270,0,40,3,0,2,1,3,47,2
1790640,0,1270,0,40,3,0,2,1,3,28,2
1790642,0,1270,0,40,3,0,2,1,3,21,2
1790644,0,1270,0,40,3,0,2,1,3,18,2
1790646,0,1270,0,40,2,0,2,1,3,49,2
1790648,0,1270,0,40,2,0,2,1,3,23,2
1790652,0,1270,0,40,2,0,2,1,3,18,2
1790654,0,1270,0,40,3,0,2,1,3,90,2
1790656,0,1270,0,40,2,0,2,1,3,62,2
1790658,0,1270,0,40,2,0,2,1,3,103,2
1790660,0,1270,0,40,3,0,2,1,3,39,2
1790662,0,1270,0,40,2,0,2,1,3,108,2
1790664,0,1270,0,40,2,0,2,1,3,42,2
1790666,0,1270,0,40,2,0,2,1,3,53,2
1790668,0,1270,0,40,2,0,2,1,3,43,2
1790670,0,1270,0,40,2,0,2,1,3,31,2
1790672,0,1270,0,40,2,0,2,1,3,27,2
1790674,0,1270,0,40,3,0,2,1,3,40,2
1790676,0,1270,0,40,3,0,2,1,3,32,2
1790678,0,1270,0,40,2,0,2,1,3,52,2
1790680,0,1270,0,40,3,0,2,1,3,51,2
1790684,0,1270,0,40,3,0,2,1,3,46,2
1790686,0,1270,0,40,3,0,2,1,3,19,2
1790688,0,1270,0,40,2,0,2,1,3,26,2
1790690,0,1270,0,40,2,0,2,1,3,24,2
1790694,0,1270,0,40,3,0,2,1,3,63,2
1790696,0,1270,0,40,2,0,2,1,3,49,2
1790698,0,1270,0,40,2,0,2,1,3,91,2
1790700,0,1270,0,40,3,0,2,1,3,52,2
1790702,0,1270,0,40,3,0,2,1,3,36,2
1790704,0,1270,0,40,3,0,2,1,3,19,2
1790712,0,1270,0,40,2,0,2,1,3,111,2
1790714,0,1270,0,40,3,0,2,1,3,54,2
1790716,0,1270,0,40,2,0,2,1,3,36,2
1790718,0,1270,0,40,2,0,2,1,3,40,2
1790720,0,1270,0,40,3,0,2,1,3,29,2
1790722,0,1270,0,40,2,0,2,1,3,49,2
1790724,0,1270,0,40,2,0,2,1,3,24,2
1790726,0,1270,0,40,2,0,2,1,3,29,2
1790728,0,1270,0,40,3,0,2,1,3,28,2
1790732,0,1270,0,40,3,0,2,1,3,60,2
1790734,0,1270,0,40,3,0,2,1,3,73,2
1790736,0,1270,0,40,3,0,2,1,3,70,2
1790738,0,1270,0,40,2,0,2,1,3,32,2
1790740,0,1270,0,40,2,0,2,1,3,30,2
1790742,0,1270,0,40,2,0,2,1,3,45,2
1790746,0,1270,0,40,2,0,2,1,3,70,2
1790748,0,1270,0,40,3,0,2,1,3,62,2
1790750,0,1270,0,40,2,0,2,1,3,25,2
1790752,0,1270,0,40,3,0,2,1,3,82,2
1790754,0,1270,0,40,2,0,2,1,3,48,2
1790756,0,1270,0,40,3,0,2,1,3,36,2
1790758,0,1270,0,40,3,0,2,1,3,45,2
1790760,0,1270,0,40,2,0,2,1,3,37,2
1790762,0,1270,0,40,3,0,2,1,3,46,2
1790764,0,1270,0,40,2,0,2,1,3,51,2
1790768,0,1270,0,40,2,0,2,1,3,25,2
1790770,0,1270,0,40,2,0,2,1,3,60,2
1790772,0,1270,0,40,3,0,2,1,3,22,2
1790774,0,1270,0,40,2,0,2,1,3,28,2
1790776,0,1270,0,40,2,0,2,1,3,53,2
1790778,0,1270,0,40,3,0,2,1,3,29,2
1790780,0,1270,0,40,3,0,2,1,3,57,2
1790784,0,1270,0,40,3,0,2,1,3,31,2
1790786,0,1270,0,40,2,0,2,1,3,42,2
1790788,0,1270,0,40,3,0,2,1,3,54,2
1790790,0,1270,0,40,3,0,2,1,3,50,2
1790796,0,1270,0,40,3,0,2,1,3,32,2
1790798,0,1270,0,40,2,0,2,1,3,37,2
1790800,0,1270,0,40,3,0,2,1,3,40,2
1790802,0,1270,0,40,2,0,2,1,3,40,2
1790808,0,1270,0,40,2,0,2,1,3,55,2
1790812,0,1270,0,40,2,0,2,1,3,47,2
1790814,0,1270,0,40,2,0,2,1,3,41,2
1790816,0,1270,0,40,3,0,2,1,3,73,2
1790818,0,1270,0,40,3,0,2,1,3,60,2
1790822,0,1270,0,40,2,0,2,1,3,45,2
1790824,0,1270,0,40,2,0,2,1,3,34,2
1790826,0,1270,0,40,3,0,2,1,3,39,2
1790828,0,1270,0,40,2,0,2,1,3,52,2
1790832,0,1270,0,40,3,0,2,1,3,78,2
1790834,0,1270,0,40,2,0,2,1,3,66,2
1790836,0,1270,0,40,3,0,2,1,3,36,2
1790838,0,1270,0,40,2,0,2,1,3,59,2
1790840,0,1270,0,40,3,0,2,1,3,79,2
1790842,0,1270,0,40,2,0,2,1,3,78,2
1790844,0,1270,0,40,3,0,2,1,3,51,2
1790846,0,1270,0,40,2,0,2,1,3,27,2
1790848,0,1270,0,40,2,0,2,1,3,28,2
1790852,0,1270,0,40,2,0,2,1,3,60,2
1790856,0,1270,0,40,3,0,2,1,3,24,2
1790860,0,1270,0,40,2,0,2,1,3,26,2
1790862,0,1270,0,40,3,0,2,1,3,38,2
1790864,0,1270,0,40,3,0,2,1,3,81,2
1790866,0,1270,0,40,3,0,2,1,3,14,2
1790868,0,1270,0,40,2,0,2,1,3,56,2
1790872,0,1270,0,40,3,0,2,1,3,16,2
1790874,0,1270,0,40,3,0,2,1,3,24,2
1790876,0,1270,0,40,3,0,2,1,3,56,2
1790880,0,1270,0,40,3,0,2,1,3,36,2
1790882,0,1270,0,40,2,0,2,1,3,35,2
1790886,0,1270,0,40,3,0,2,1,3,39,2
1790890,0,1270,0,40,2,0,2,1,3,29,2
1790892,0,1270,0,40,2,0,2,1,3,15,2
1790894,0,1270,0,40,2,0,2,1,3,82,2
1790896,0,1270,0,40,2,0,2,1,3,39,2
1790898,0,1270,0,40,3,0,2,1,3,86,2
1790900,0,1270,0,40,3,0,2,1,3,41,2
1790902,0,1270,0,40,3,0,2,1,3,78,2
1790904,0,1270,0,40,2,0,2,1,3,27,2
1790906,0,1270,0,40,3,0,2,1,3,62,2
1790910,0,1270,0,40,2,0,2,1,3,36,2
1790912,0,1270,0,40,2,0,2,1,3,31,2
1790916,0,1270,0,40,2,0,2,1,3,68,2
1790920,0,1270,0,40,2,0,2,1,3,70,2
1790922,0,1270,0,40,3,0,2,1,3,50,2
1790924,0,1270,0,40,3,0,2,1,3,50,2
1790926,0,1270,0,40,3,0,2,1,3,17,2
1790928,0,1270,0,40,2,0,2,1,3,63,2
1790930,0,1270,0,40,2,0,2,1,3,44,2
1790932,0,1270,0,40,3,0,2,1,3,52,2
1790934,0,1270,0,40,3,0,2,1,3,41,2
1790936,0,1270,0,40,3,0,2,1,3,45,2
1790938,0,1270,0,40,3,0,2,1,3,42,2
1790940,0,1270,0,40,2,0,2,1,3,34,2
1790942,0,1270,0,40,2,0,2,1,3,27,2
1790944,0,1270,0,40,2,0,2,1,3,25,2
1790946,0,1270,0,40,3,0,2,1,3,79,2
1790948,0,1270,0,40,2,0,2,1,3,32,2
1790952,0,1270,0,40,3,0,2,1,3,43,2
1790954,0,1270,0,40,3,0,2,1,3,31,2
1790956,0,1270,0,40,2,0,2,1,3,34,2
1790958,0,1270,0,40,2,0,2,1,3,27,2
1790960,0,1270,0,40,2,0,2,1,3,35,2
1790962,0,1270,0,40,3,0,2,1,3,24,2
1790964,0,1270,0,40,2,0,2,1,3,41,2
1790966,0,1270,0,40,2,0,2,1,3,51,2
1790968,0,1270,0,40,2,0,2,1,3,83,2
1790972,0,1270,0,40,2,0,2,1,3,51,2
1790976,0,1270,0,40,3,0,2,1,3,44,2
1790978,0,1270,0,40,2,0,2,1,3,19,2
1790980,0,1270,0,40,2,0,2,1,3,16,2
1790984,0,1270,0,40,2,0,2,1,3,15,2
1790988,0,1270,0,40,3,0,2,1,3,31,2
1790990,0,1270,0,40,2,0,2,1,3,64,2
1790994,0,1270,0,40,3,0,2,1,3,32,2
1790996,0,1270,0,40,2,0,2,1,3,67,2
1790998,0,1270,0,40,3,0,2,1,3,27,2
1791000,0,1270,0,40,3,0,2,1,3,47,2
1791004,0,1270,0,40,3,0,2,1,3,65,2
1791006,0,1270,0,40,3,0,2,1,3,33,2
1791008,0,1270,0,40,2,0,2,1,3,31,2
1791010,0,1270,0,40,3,0,2,1,3,26,2
1791012,0,1270,0,40,2,0,2,1,3,53,2
1791014,0,1270,0,40,2,0,2,1,3,44,2
1791018,0,1270,0,40,2,0,2,1,3,38,2
1791022,0,1270,0,40,2,0,2,1,3,16,2
1741956,0,1270,0,40,3,0,2,1,4,25,2
1768639,0,1270,0,40,2,5,2,1,13,27,2
1776502,0,1270,0,40,3,1,2,1,11,27,2
1778824,0,1270,0,40,3,2,2,1,6,23,2
1742890,0,1270,0,40,2,6,2,1,31,74,2
1774260,0,1270,0,40,3,2,2,1,14,50,2
1754442,0,1270,0,40,3,5,2,1,34,24,2
1757377,0,1270,0,40,3,5,2,1,40,50,2
1757035,0,1270,0,40,3,5,2,1,35,47,2
1741638,0,1270,0,40,3,6,2,1,20,26,2
1775198,0,1270,0,40,2,4,2,1,10,48,2
1775304,0,1270,0,40,3,1,2,1,17,17,2
1773079,0,1270,0,40,3,3,2,1,14,75,2
1756503,0,1270,0,40,2,5,2,1,44,33,2
1745426,0,1270,0,40,2,10,2,1,65,22,2
1739247,0,1270,0,40,3,5,2,1,45,39,2
1782120,0,1270,0,40,2,1,2,1,6,28,2
1782326,0,1270,0,40,3,1,2,1,5,69,2
1727474,0,1270,0,40,3,14,2,1,76,53,2
1713925,0,1270,0,40,2,10,2,1,56,18,2
1773147,0,1270,0,40,2,3,2,1,17,32,2
1752686,0,1270,0,40,2,7,2,1,41,48,2
1777691,0,1270,0,40,3,1,2,1,15,58,2
1776585,0,1270,0,40,2,2,2,1,14,42,2
1770407,0,1270,0,40,3,2,2,1,19,37,2
1754206,0,1270,0,40,2,9,2,1,43,38,2
1770528,0,1270,0,40,2,2,2,1,26,42,2
1778077,0,1270,0,40,3,2,2,1,12,22,2
1778383,0,1270,0,40,3,2,2,1,9,38,2
1778108,0,1270,0,40,3,2,2,1,8,44,2
1781390,0,1270,0,40,3,1,2,1,6,60,2
1767473,0,1270,0,40,3,4,2,1,17,37,2
1772830,0,1270,0,40,3,2,2,1,22,68,2
1773125,0,1270,0,40,3,3,2,1,13,44,2
1776578,0,1270,0,40,3,2,2,1,10,31,2
1783701,0,1270,0,40,3,1,2,1,4,41,2
1778793,0,1270,0,40,2,2,2,1,4,67,2
1674582,0,1270,0,40,3,27,2,1,108,66,2
1782628,0,1270,0,40,3,2,2,1,4,71,2
1784505,0,1270,0,40,2,1,2,1,3,51,2
1768842,0,1270,0,40,2,2,2,1,27,61,2
1769496,0,1270,0,40,3,2,2,1,27,27,2
1756937,0,1270,0,40,2,4,2,1,41,43,2
1778820,0,1270,0,40,3,1,2,1,14,47,2
1763253,0,1270,0,40,3,3,2,1,33,23,2
1732285,0,1270,0,40,2,4,2,1,48,45,2
1776004,0,1270,0,40,2,2,2,1,14,46,2
1749070,0,1270,0,40,3,8,2,1,54,54,2
1763668,0,1270,0,40,2,6,2,1,29,34,2
1780855,0,1270,0,40,2,1,2,1,10,38,2
1745998,0,1270,0,40,3,11,2,1,59,54,2
1769588,0,1270,0,40,2,3,2,1,22,127,2
1777475,0,1270,0,40,2,2,2,1,13,17,2
1772345,0,1270,0,40,3,3,2,1,12,42,2
1735824,0,1270,0,40,3,7,2,1,75,13,2
1779705,0,1270,0,40,3,2,2,1,10,19,2
1756995,0,1270,0,40,2,6,2,1,25,50,2
1773292,0,1270,0,40,3,3,2,1,15,102,2
1783158,0,1270,0,40,2,1,2,1,6,60,2
1772169,0,1270,0,40,3,3,2,1,15,21,2
1776022,0,1270,0,40,2,3,2,1,14,84,2
1761770,0,1270,0,40,2,8,2,1,31,26,2
1783083,0,1270,0,40,3,1,2,1,5,67,2
1720142,0,1270,0,40,3,15,2,1,80,15,2
1779965,0,1270,0,40,2,2,2,1,6,17,2
1741578,0,1270,0,40,2,8,2,1,32,35,2
1757190,0,1270,0,40,3,6,2,1,46,84,2
1782986,0,1270,0,40,3,2,2,1,5,67,2
1784339,0,1270,0,40,3,1,2,1,4,77,2
1747559,0,1270,0,40,3,9,2,1,63,54,2
1771664,0,1270,0,40,3,3,2,1,15,22,2
1781073,0,1270,0,40,2,2,2,1,5,25,2
1750508,0,1270,0,40,2,5,2,1,67,23,2
1784775,0,1270,0,40,2,1,2,1,3,50,2
1759773,0,1270,0,40,3,3,2,1,46,26,2
1738786,0,1270,0,40,3,4,2,1,46,84,2
1775576,0,1270,0,40,3,1,2,1,20,62,2
1730742,0,1270,0,40,3,8,2,1,69,30,2
1772021,0,1270,0,40,3,2,2,1,22,45,2
1743484,0,1270,0,40,2,7,2,1,44,18,2
1770120,0,1270,0,40,3,3,2,1,22,24,2
1778636,0,1270,0,40,3,1,2,1,15,50,2
1753648,0,1270,0,40,3,6,2,1,49,29,2
1689103,0,1270,0,40,3,11,2,1,101,42,2
1775134,0,1270,0,40,2,3,2,1,15,43,2
1761266,0,1270,0,40,2,5,2,1,42,53,2
1761481,0,1270,0,40,3,4,2,1,37,44,2
1780677,0,1270,0,40,2,1,2,1,11,31,2
1758506,0,1270,0,40,3,6,2,1,36,62,2
1740332,0,1270,0,40,3,7,2,1,55,70,2
1743634,0,1270,0,40,3,7,2,1,36,26,2
1772684,0,1270,0,40,3,3,2,1,18,21,2
1760212,0,1270,0,40,3,6,2,1,35,59,2
1781072,0,1270,0,40,3,1,2,1,9,12,2
1764717,0,1270,0,40,2,5,2,1,18,61,2
1777207,0,1270,0,40,2,2,2,1,12,99,2
1772348,0,1270,0,40,2,4,2,1,15,44,2
1776113,0,1270,0,40,3,3,2,1,16,31,2
1782015,0,1270,0,40,2,1,2,1,8,41,2
1774856,0,1270,0,40,2,2,2,1,17,72,2
1779863,0,1270,0,40,2,2,2,1,9,12,2
1749857,0,1270,0,40,3,8,2,1,44,72,2
1765535,0,1270,0,40,3,5,2,1,25,52,2
1783098,0,1270,0,40,2,1,2,1,7,38,2
1777442,0,1270,0,40,2,2,2,1,8,34,2
1778619,0,1270,0,40,3,2,2,1,8,24,2
1754217,0,1270,0,40,2,8,2,1,33,56,2
1760634,0,1270,0,40,3,5,2,1,41,37,2
1744896,0,1270,0,40,3,12,2,1,76,58,2
1782835,0,1270,0,40,3,1,2,1,6,24,2
1783203,0,1270,0,40,3,1,2,1,6,54,2
1773814,0,1270,0,40,3,3,2,1,12,71,2
1762976,0,1270,0,40,3,4,2,1,35,48,2
1746239,0,1270,0,40,3,9,2,1,60,46,2
1742760,0,1270,0,40,2,6,2,1,48,31,2
1777377,0,1270,0,40,3,3,2,1,9,68,2
1782997,0,1270,0,40,3,1,2,1,5,59,2
1784363,0,1270,0,40,2,1,2,1,5,42,2
1771141,0,1270,0,40,2,3,2,1,12,64,2
1756633,0,1270,0,40,3,8,2,1,36,69,2
1774172,0,1270,0,40,3,3,2,1,12,17,2
1779257,0,1270,0,40,3,3,2,1,10,38,2
1749582,0,1270,0,40,3,9,2,1,54,18,2
1740909,0,1270,0,40,3,8,2,1,30,47,2
1775962,0,1270,0,40,2,2,2,1,18,30,2
1750592,0,1270,0,40,3,9,2,1,49,60,2
1784460,0,1270,0,40,3,1,2,1,4,34,2
1784899,0,1270,0,40,2,1,2,1,4,42,2
1785235,0,1270,0,40,3,1,2,1,4,30,2
1776663,0,1270,0,40,2,2,2,1,12,40,2
1774852,0,1270,0,40,2,3,2,1,10,33,2
1776289,0,1270,0,40,2,3,2,1,12,49,2
1753641,0,1270,0,40,3,10,2,1,33,44,2
1779519,1,1270,1261,40,2,2,2,1,10,91,2
1756743,0,1270,0,40,3,6,2,1,33,41,2
1755481,0,1270,0,40,3,7,2,1,44,33,2
1785210,0,1270,0,40,3,1,2,1,3,47,2
1738114,0,1270,0,40,3,6,2,1,61,38,2
1772521,0,1270,0,40,3,1,2,1,27,78,2
1752536,0,1270,0,40,2,6,2,1,59,57,2
1766275,0,1270,0,40,2,2,2,1,40,71,2
1776029,0,1270,0,40,3,1,2,1,20,33,2
1762306,0,1270,0,40,3,5,2,1,32,30,2
1777591,0,1270,0,40,3,1,2,1,18,48,2
1765802,0,1270,0,40,3,3,2,1,31,31,2
1770431,0,1270,0,40,2,3,2,1,27,61,2
1774565,0,1270,0,40,3,2,2,1,20,42,2
1764560,0,1270,0,40,2,4,2,1,38,54,2
1744637,0,1270,0,40,2,10,2,1,73,32,2
1745419,0,1270,0,40,3,5,2,1,48,48,2
1763229,0,1270,0,40,3,3,2,1,37,26,2
1779611,0,1270,0,40,2,1,2,1,14,18,2
1746873,0,1270,0,40,2,9,2,1,60,36,2
1780357,0,1270,0,40,2,1,2,1,13,75,2
1758960,0,1270,0,40,3,4,2,1,44,32,2
1742680,0,1270,0,40,3,3,2,1,19,30,2
1780264,0,1270,0,40,3,1,2,1,12,32,2
1745292,0,1270,0,40,2,10,2,1,71,62,2
1758594,0,1270,0,40,2,6,2,1,36,98,2
1749190,0,1270,0,40,3,9,2,1,54,68,2
1777908,0,1270,0,40,2,2,2,1,15,29,2
1780814,0,1270,0,40,2,1,2,1,11,51,2
1752546,0,1270,0,40,3,7,2,1,43,17,2
1755998,0,1270,0,40,3,7,2,1,34,33,2
1772855,0,1270,0,40,2,2,2,1,24,53,2
1781588,0,1270,0,40,2,1,2,1,10,64,2
1746043,0,1270,0,40,3,10,2,1,57,37,2
1765118,0,1270,0,40,3,3,2,1,30,60,2
1778587,0,1270,0,40,3,2,2,1,11,35,2
1756058,0,1270,0,40,3,6,2,1,44,14,2
1781566,0,1270,0,40,3,1,2,1,9,53,2
1762408,0,1270,0,40,3,5,2,1,34,12,2
1768908,0,1270,0,40,3,3,2,1,25,57,2
1770454,0,1270,0,40,3,4,2,1,21,37,2
1775818,0,1270,0,40,3,3,2,1,16,28,2
1753025,0,1270,0,40,3,8,2,1,41,60,2
1783366,0,1270,0,40,3,1,2,1,8,31,2
1765964,0,1270,0,40,2,5,2,1,25,99,2
1744387,0,1270,0,40,3,11,2,1,77,35,2
1772008,0,1270,0,40,3,4,2,1,20,55,2
1745113,0,1270,0,40,2,6,2,1,35,69,2
1780591,0,1270,0,40,3,2,2,1,8,36,2
1780700,0,1270,0,40,3,1,2,1,7,70,2
1776992,0,1270,0,40,2,2,2,1,10,22,2
1757478,0,1270,0,40,2,8,2,1,22,16,2
1763881,0,1270,0,40,3,4,2,1,31,56,2
1778930,0,1270,0,40,2,2,2,1,10,79,2
1772491,0,1270,0,40,3,4,2,1,13,63,2
1777345,0,1270,0,40,3,3,2,1,10,39,2
1779290,0,1270,0,40,3,2,2,1,11,37,2
1773056,0,1270,0,40,2,3,2,1,17,55,2
1751621,0,1270,0,40,3,6,2,1,65,44,2
1758415,0,1270,0,40,2,7,2,1,31,52,2
1769823,0,1270,0,40,2,4,2,1,16,38,2
1742389,0,1270,0,40,3,3,2,1,24,43,2
1783790,0,1270,0,40,3,1,2,1,6,60,2
1783942,0,1270,0,40,3,1,2,1,6,47,2
1744474,0,1270,0,40,3,6,2,1,24,63,2
1753201,0,1270,0,40,3,9,2,1,38,32,2
1769727,0,1270,0,40,3,3,2,1,21,52,2
1780065,0,1270,0,40,2,2,2,1,7,75,2
1776836,0,1270,0,40,3,2,2,1,14,70,2
1765566,0,1270,0,40,3,6,2,1,21,35,2
1744366,0,1270,0,40,3,5,2,1,35,53,2
1779770,0,1270,0,40,2,2,2,1,8,36,2
1744820,0,1270,0,40,2,10,2,1,71,33,2
1759944,0,1270,0,40,3,4,2,1,45,66,2
1778970,0,1270,0,40,3,2,2,1,13,52,2
1784376,0,1270,0,40,2,1,2,1,5,31,2
1785099,0,1270,0,40,2,1,2,1,5,21,2
1757074,0,1270,0,40,3,5,2,1,36,20,2
1761979,0,1270,0,40,3,5,2,1,29,30,2
1753867,0,1270,0,40,3,9,2,1,40,28,2
1758057,0,1270,0,40,2,7,2,1,33,27,2
1744785,0,1270,0,40,2,5,2,1,29,65,2
1776925,0,1270,0,40,2,3,2,1,7,29,2
1776485,0,1270,0,40,2,2,2,1,16,77,2
1778326,0,1270,0,40,3,3,2,1,10,38,2
1782442,0,1270,0,40,2,2,2,1,5,57,2
1755743,0,1270,0,40,3,7,2,1,40,22,2
1739819,0,1270,0,40,2,5,2,1,14,28,2
1751423,0,1270,0,40,3,8,2,1,58,26,2
1783466,0,1270,0,40,2,2,2,1,5,34,2
1784406,0,1270,0,40,2,1,2,1,4,24,2
1785245,0,1270,0,40,2,1,2,1,4,54,2
1785683,0,1270,0,40,2,1,2,1,4,55,2
1754860,0,1270,0,40,2,7,2,1,38,38,2
1741965,0,1270,0,40,3,6,2,1,52,36,2
1751890,0,1270,0,40,2,9,2,1,41,82,2
1742893,0,1270,0,40,3,2,2,1,7,66,2
1734854,0,1270,0,40,3,6,2,1,35,35,2
1728731,0,1270,0,40,3,6,2,1,40,34,2
1759670,0,1270,0,40,2,5,2,1,41,48,2
1775315,0,1270,0,40,2,2,2,1,19,28,2
1780680,0,1270,0,40,2,2,2,1,7,47,2
1781282,0,1270,0,40,2,2,2,1,5,33,2
1768909,0,1270,0,40,3,4,2,1,25,24,2
1769462,0,1270,0,40,2,4,2,1,19,26,2
1746648,0,1270,0,40,3,14,2,1,50,68,2
1775264,0,1270,0,40,2,5,2,1,10,70,2
1784664,0,1270,0,40,3,1,2,1,3,39,2
1785276,0,1270,0,40,3,1,2,1,3,28,2
1785488,0,1270,0,40,3,1,2,1,3,34,2
1786141,0,1270,0,40,2,1,2,1,3,45,2
1739960,0,1270,0,40,2,1,2,1,4,65,2
1741524,0,1270,0,40,3,2,2,1,38,39,2
1773760,0,1270,0,40,3,1,2,1,26,68,2
1765087,0,1270,0,40,2,5,2,1,30,40,2
1768189,0,1270,0,40,3,2,2,1,31,10,2
1761383,0,1270,0,40,3,3,2,1,45,23,2
1776299,0,1270,0,40,3,1,2,1,21,57,2
1763818,0,1270,0,40,2,5,2,1,26,36,2
1762163,0,1270,0,40,3,4,2,1,37,55,2
1750388,0,1270,0,40,3,7,2,1,61,56,2
1762421,0,1270,0,40,3,5,2,1,29,55,2
1778250,0,1270,0,40,2,1,2,1,18,20,2
1773749,0,1270,0,40,3,2,2,1,19,44,2
1757745,0,1270,0,40,3,6,2,1,40,31,2
1742098,0,1270,0,40,2,8,2,1,50,66,2
1778844,0,1270,0,40,3,1,2,1,17,37,2
1766582,0,1270,0,40,3,6,2,1,23,55,2
1751672,0,1270,0,40,3,6,2,1,60,56,2
1775802,0,1270,0,40,3,2,2,1,22,46,2
1755246,0,1270,0,40,2,5,2,1,46,53,2
1764800,0,1270,0,40,3,5,2,1,27,57,2
1779919,0,1270,0,40,2,1,2,1,15,61,2
1768595,0,1270,0,40,2,3,2,1,27,57,2
1746971,0,1270,0,40,2,9,2,1,61,45,2
1780243,0,1270,0,40,2,1,2,1,14,48,2
1749625,0,1270,0,40,3,8,2,1,57,41,2
1766715,0,1270,0,40,3,4,2,1,29,126,2
1765867,0,1270,0,40,2,4,2,1,28,82,2
1768729,0,1270,0,40,2,3,2,1,26,26,2
1774102,0,1270,0,40,3,3,2,1,14,41,2
1752901,0,1270,0,40,3,5,2,1,52,61,2
1769846,0,1270,0,40,3,4,2,1,16,36,2
1766088,0,1270,0,40,3,4,2,1,33,37,2
1781854,0,1270,0,40,3,1,2,1,11,41,2
1755713,0,1270,0,40,2,7,2,1,39,45,2
1768318,0,1270,0,40,3,4,2,1,22,38,2
1778081,0,1270,0,40,3,2,2,1,11,74,2
1775347,0,1270,0,40,3,2,2,1,20,11,2
1780219,0,1270,0,40,2,2,2,1,11,69,2
1780314,0,1270,0,40,2,1,2,1,10,31,2
1782203,0,1270,0,40,3,1,2,1,10,61,2
1773220,0,1270,0,40,2,3,2,1,11,48,2
1737847,0,1270,0,40,3,9,2,1,64,70,2
1755068,0,1270,0,40,2,9,2,1,35,30,2
1760005,0,1270,0,40,2,6,2,1,32,27,2
1774419,1,1270,1263,32.0764,2,2,2,1,19,55,2
1768935,0,1270,0,40,3,4,2,1,24,70,2
1775161,0,1270,0,40,2,3,2,1,16,36,2
1777432,0,1270,0,40,2,2,2,1,13,32,2
1744977,0,1270,0,40,3,10,2,1,73,21,2
1781944,0,1270,0,40,3,2,2,1,10,54,2
1782473,0,1270,0,40,2,1,2,1,9,43,2
1783442,0,1270,0,40,2,1,2,1,9,39,2
1776433,0,1270,0,40,2,3,2,1,11,67,2
1771447,0,1270,0,40,3,3,2,1,17,66,2
1760413,0,1270,0,40,2,5,2,1,39,20,2
1757226,0,1270,0,40,3,8,2,1,34,58,2
1771323,0,1270,0,40,3,3,2,1,21,41,2
1782683,0,1270,0,40,2,1,2,1,8,40,2
1783199,0,1270,0,40,2,1,2,1,8,31,2
1783927,0,1270,0,40,3,1,2,1,8,43,2
1749371,0,1270,0,40,3,9,2,1,50,52,2
1764021,0,1270,0,40,3,5,2,1,29,51,2
1772107,0,1270,0,40,2,3,2,1,20,42,2
1742940,0,1270,0,40,2,5,2,1,30,16,2
1751113,0,1270,0,40,3,8,2,1,50,22,2
1758064,0,1270,0,40,3,6,2,1,34,18,2
1742835,0,1270,0,40,3,7,2,1,26,52,2
1742458,0,1270,0,40,2,3,2,1,25,44,2
1769184,0,1270,0,40,2,2,2,1,33,49,2
1776342,0,1270,0,40,3,3,2,1,14,35,2
1780849,0,1270,0,40,2,2,2,1,10,38,2
1757836,0,1270,0,40,2,6,2,1,26,15,2
1768375,0,1270,0,40,2,5,2,1,24,24,2
1780844,0,1270,0,40,3,1,2,1,7,59,2
1784273,0,1270,0,40,2,1,2,1,7,30,2
1756488,0,1270,0,40,2,6,2,1,38,33,2
1760051,0,1270,0,40,2,5,2,1,36,29,2
1774829,0,1270,0,40,3,2,2,1,16,16,2
1749930,0,1270,0,40,2,6,2,1,63,79,2
1772137,1,1270,1263,12.7112,3,2,2,1,22,25,2
1778611,0,1270,0,40,3,2,2,1,10,27,2
1765354,0,1270,0,40,2,4,2,1,29,38,2
1770517,0,1270,0,40,3,3,2,1,27,46,2
1767872,0,1270,0,40,3,7,2,1,21,21,2
1760402,0,1270,0,40,2,7,2,1,31,39,2
1773860,0,1270,0,40,3,3,2,1,15,38,2
1776062,0,1270,0,40,3,3,2,1,14,28,2
1780744,0,1270,0,40,3,2,2,1,8,57,2
1778199,0,1270,0,40,3,2,2,1,11,40,2
1752268,0,1270,0,40,2,10,2,1,36,27,2
1760822,0,1270,0,40,3,3,2,1,49,22,2
1782864,0,1270,0,40,3,2,2,1,9,35,2
1743709,0,1270,0,40,3,12,2,1,71,27,2
1784564,0,1270,0,40,2,1,2,1,6,34,2
1784759,0,1270,0,40,3,1,2,1,6,55,2
1785175,0,1270,0,40,2,1,2,1,6,21,2
1755705,0,1270,0,40,3,6,2,1,40,43,2
1779195,0,1270,0,40,2,2,2,1,7,21,2
1775974,0,1270,0,40,2,3,2,1,12,55,2
1752922,0,1270,0,40,3,7,2,1,51,15,2
1758041,0,1270,0,40,3,6,2,1,43,35,2
1777983,0,1270,0,40,3,2,2,1,10,32,2
1772663,0,1270,0,40,2,4,2,1,20,42,2
1767988,0,1270,0,40,3,5,2,1,17,44,2
1744441,0,1270,0,40,2,8,2,1,36,48,2
1771440,0,1270,0,40,2,3,2,1,23,33,2
1776126,0,1270,0,40,3,3,2,1,16,66,2
1750998,0,1270,0,40,2,7,2,1,60,27,2
1775597,0,1270,0,40,2,3,2,1,17,40,2
1777370,0,1270,0,40,2,3,2,1,12,34,2
1767277,0,1270,0,40,2,5,2,1,26,39,2
1782379,0,1270,0,40,2,1,2,1,5,37,2
1784714,0,1270,0,40,3,1,2,1,5,33,2
1784938,0,1270,0,40,2,1,2,1,5,43,2
1785377,0,1270,0,40,2,1,2,1,5,55,2
1785653,0,1270,0,40,2,1,2,1,5,31,2
1759083,0,1270,0,40,2,7,2,1,21,72,2
1775867,0,1270,0,40,2,3,2,1,9,31,2
1771661,0,1270,0,40,3,4,2,1,16,67,2
1778914,0,1270,0,40,3,2,2,1,10,73,2
1746331,0,1270,0,40,3,10,2,1,53,28,2
1780667,0,1270,0,40,2,2,2,1,7,18,2
1768116,0,1270,0,40,2,4,2,1,24,33,2
1780761,0,1270,0,40,3,2,2,1,8,13,2
1781902,0,1270,0,40,2,2,2,1,6,42,2
1746101,0,1270,0,40,3,6,2,1,33,96,2
1775409,0,1270,0,40,3,2,2,1,19,28,2
1779334,0,1270,0,40,3,2,2,1,11,47,2
1759293,0,1270,0,40,2,8,2,1,31,32,2
1778292,0,1270,0,40,3,3,2,1,10,34,2
1782449,0,1270,0,40,2,2,2,1,5,16,2
1755315,0,1270,0,40,3,9,2,1,43,43,2
1761882,0,1270,0,40,2,7,2,1,33,62,2
1771960,0,1270,0,40,3,6,2,1,15,41,2
1747047,0,1270,0,40,2,10,2,1,56,60,2
1755818,0,1270,0,40,2,8,2,1,43,47,2
1751938,0,1270,0,40,2,9,2,1,49,41,2
1745833,0,1270,0,40,3,8,2,1,41,34,2
1755398,0,1270,0,40,3,6,2,1,51,49,2
1780883,0,1270,0,40,2,2,2,1,13,38,2
1784410,0,1270,0,40,2,1,2,1,4,36,2
1785252,0,1270,0,40,2,1,2,1,4,47,2
1785444,0,1270,0,40,3,1,2,1,4,55,2
1785791,0,1270,0,40,2,1,2,1,4,37,2
1785833,0,1270,0,40,2,1,2,1,4,15,2
1785911,0,1270,0,40,2,1,2,1,4,38,2
1786117,0,1270,0,40,2,1,2,1,4,21,2
1786209,0,1270,0,40,3,1,2,1,4,27,2
1786289,0,1270,0,40,3,1,2,1,4,74,2
1769179,0,1270,0,40,2,4,2,1,11,49,2
1749977,0,1270,0,40,3,7,2,1,51,68,2
1760249,0,1270,0,40,2,6,2,1,32,50,2
1747893,0,1270,0,40,2,8,2,1,64,125,2
1775420,0,1270,0,40,2,2,2,1,16,26,2
1748822,0,1270,0,40,2,10,2,1,67,58,2
1781633,0,1270,0,40,2,2,2,1,6,60,2
1683862,1,1270,927,36.164,2,20,2,1,119,42,2
1764204,0,1270,0,40,2,6,2,1,28,31,2
1768783,0,1270,0,40,2,4,2,1,21,36,2
1782652,0,1270,0,40,2,2,2,1,5,32,2
1782525,0,1270,0,40,2,2,2,1,4,86,2
1755014,0,1270,0,40,3,5,2,1,55,57,2
1753742,0,1270,0,40,3,8,2,1,36,26,2
1758603,0,1270,0,40,3,8,2,1,31,34,2
1781598,0,1270,0,40,2,2,2,1,6,34,2
1774778,0,1270,0,40,2,4,2,1,16,60,2
1778858,0,1270,0,40,3,2,2,1,14,31,2
1782102,0,1270,0,40,3,2,2,1,8,24,2
1781879,0,1270,0,40,3,2,2,1,7,19,2
1759517,0,1270,0,40,3,9,2,1,33,68,2
1740368,0,1270,0,40,2,9,2,1,61,38,2
1767623,0,1270,0,40,2,6,2,1,17,34,2
1755854,0,1270,0,40,3,7,2,1,30,46,2
1783944,0,1270,0,40,3,2,2,1,4,36,2
1782621,0,1270,0,40,2,2,2,1,8,34,2
1781219,0,1270,0,40,3,2,2,1,12,35,2
1785140,0,1270,0,40,3,1,2,1,3,82,2
1785790,0,1270,0,40,3,1,2,1,3,40,2
1786034,0,1270,0,40,2,1,2,1,3,34,2
1786437,0,1270,0,40,3,1,2,1,3,25,2
1786531,0,1270,0,40,3,1,2,1,3,75,2
1786709,0,1270,0,40,2,1,2,1,3,33,2
1786809,0,1270,0,40,2,1,2,1,3,29,2
1786851,0,1270,0,40,3,1,2,1,3,28,2
1736229,0,1270,0,40,3,5,2,1,62,28,2
1770316,0,1270,0,40,2,2,2,1,32,48,2
1764586,0,1270,0,40,3,2,2,1,41,63,2
1767535,0,1270,0,40,3,3,2,1,27,115,2
1767130,0,1270,0,40,3,3,2,1,32,45,2
1774254,0,1270,0,40,2,2,2,1,24,24,2
1750906,0,1270,0,40,3,7,2,1,48,24,2
1774196,0,1270,0,40,2,2,2,1,24,14,2
1753098,0,1270,0,40,3,9,2,1,45,33,2
1771376,0,1270,0,40,3,2,2,1,21,58,2
1775243,0,1270,0,40,2,2,2,1,20,45,2
1778720,0,1270,0,40,3,1,2,1,18,34,2
1743783,0,1270,0,40,3,4,2,1,31,85,2
1758849,0,1270,0,40,3,4,2,1,49,36,2
1778583,0,1270,0,40,3,1,2,1,17,37,2
1756761,0,1270,0,40,3,6,2,1,37,60,2
1763974,0,1270,0,40,2,4,2,1,29,40,2
1773605,0,1270,0,40,3,3,2,1,21,55,2
1772257,0,1270,0,40,3,2,2,1,23,36,2
1754936,0,1270,0,40,2,6,2,1,56,22,2
1771162,0,1270,0,40,2,3,2,1,27,25,2
1778119,0,1270,0,40,2,1,2,1,15,57,2
1752925,0,1270,0,40,3,8,2,1,46,61,2
1769149,0,1270,0,40,2,4,2,1,24,84,2
1742380,0,1270,0,40,2,8,2,1,51,39,2
1774855,0,1270,0,40,2,2,2,1,21,47,2
1774776,0,1270,0,40,2,2,2,1,14,19,2
1775792,0,1270,0,40,2,2,2,1,17,18,2
1760328,0,1270,0,40,2,6,2,1,38,73,2
1759652,0,1270,0,40,3,5,2,1,40,28,2
1765345,0,1270,0,40,3,5,2,1,28,93,2
1743881,0,1270,0,40,2,13,2,1,82,42,2
1757623,0,1270,0,40,2,7,2,1,32,35,2
1756530,0,1270,0,40,3,6,2,1,37,30,2
1770053,0,1270,0,40,2,3,2,1,19,36,2
1778615,0,1270,0,40,3,2,2,1,13,34,2
1775124,0,1270,0,40,3,2,2,1,22,35,2
1780792,0,1270,0,40,3,1,2,1,12,81,2
1781948,0,1270,0,40,2,1,2,1,12,40,2
1761606,0,1270,0,40,3,5,2,1,35,47,2
1756674,0,1270,0,40,3,7,2,1,45,44,2
1754142,0,1270,0,40,2,8,2,1,36,25,2
1720920,0,1270,0,40,2,13,2,1,111,15,2
1775431,0,1270,0,40,3,3,2,1,15,57,2
1743717,0,1270,0,40,3,7,2,1,70,42,2
1767175,0,1270,0,40,3,4,2,1,27,77,2
1781819,0,1270,0,40,3,1,2,1,11,93,2
1782554,0,1270,0,40,3,1,2,1,11,44,2
1742330,0,1270,0,40,3,2,2,1,15,40,2
1773834,1,1270,1264,32.9238,2,2,2,1,20,89,2
1767577,0,1270,0,40,2,4,2,1,24,29,2
1769233,0,1270,0,40,2,3,2,1,22,49,2
1750875,0,1270,0,40,2,7,2,1,55,36,2
1739955,0,1270,0,40,3,7,2,1,54,56,2
1772721,0,1270,0,40,2,3,2,1,20,69,2
1760222,0,1270,0,40,3,4,2,1,48,44,2
1761079,0,1270,0,40,3,6,2,1,32,45,2
1770737,0,1270,0,40,3,4,2,1,20,40,2
1770062,0,1270,0,40,3,3,2,1,25,30,2
1772389,0,1270,0,40,3,3,2,1,22,34,2
1759651,0,1270,0,40,2,5,2,1,50,43,2
1781202,0,1270,0,40,2,1,2,1,10,48,2
1782877,0,1270,0,40,3,1,2,1,10,51,2
1783392,0,1270,0,40,2,1,2,1,10,47,2
1755017,0,1270,0,40,3,6,2,1,47,55,2
1758244,0,1270,0,40,2,6,2,1,27,22,2
1772228,0,1270,0,40,2,3,2,1,20,32,2
1744507,0,1270,0,40,3,5,2,1,47,32,2
1777771,0,1270,0,40,3,3,2,1,11,70,2
1762332,0,1270,0,40,3,5,2,1,34,33,2
1765179,0,1270,0,40,2,5,2,1,24,68,2
1769275,0,1270,0,40,2,3,2,1,29,45,2
1753986,0,1270,0,40,3,9,2,1,37,142,2
1754595,0,1270,0,40,3,9,2,1,39,39,2
1769212,0,1270,0,40,3,5,2,1,19,33,2
1756755,0,1270,0,40,2,7,2,1,42,30,2
1782739,0,1270,0,40,3,1,2,1,9,38,2
1783479,0,1270,0,40,3,1,2,1,9,44,2
1783793,0,1270,0,40,2,1,2,1,9,41,2
1749670,0,1270,0,40,3,6,2,1,49,46,2
1770580,0,1270,0,40,3,4,2,1,18,54,2
1761689,0,1270,0,40,2,4,2,1,36,32,2
1756297,0,1270,0,40,2,7,2,1,32,29,2
1772595,0,1270,0,40,3,3,2,1,15,94,2
1756491,0,1270,0,40,2,8,2,1,41,79,2
1752620,0,1270,0,40,2,7,2,1,49,74,2
1748258,0,1270,0,40,3,7,2,1,59,54,2
1754087,0,1270,0,40,3,9,2,1,45,44,2
1766955,0,1270,0,40,3,6,2,1,22,31,2
1769028,0,1270,0,40,2,4,2,1,23,47,2
1779697,0,1270,0,40,3,2,2,1,13,64,2
1740796,0,1270,0,40,2,12,2,1,62,17,2
1774493,0,1270,0,40,2,4,2,1,16,22,2
1781712,1,1270,1255,16.7793,3,2,2,1,9,54,2
1755636,0,1270,0,40,3,7,2,1,42,50,2
1739717,0,1270,0,40,2,10,2,1,36,99,2
1781375,0,1270,0,40,2,2,2,1,13,44,2
1783061,0,1270,0,40,2,1,2,1,8,22,2
1784129,0,1270,0,40,2,1,2,1,8,42,2
1784257,0,1270,0,40,2,1,2,1,8,37,2
1784445,0,1270,0,40,3,1,2,1,8,71,2
1740059,0,1270,0,40,3,1,2,1,16,34,2
1769346,0,1270,0,40,2,3,2,1,15,46,2
1771550,0,1270,0,40,3,2,2,1,26,31,2
1756848,0,1270,0,40,3,8,2,1,34,22,2
1775557,0,1270,0,40,2,3,2,1,14,28,2
1740367,0,1270,0,40,3,9,2,1,55,76,2
1764632,0,1270,0,40,2,4,2,1,27,27,2
1781468,0,1270,0,40,2,2,2,1,8,68,2
1756928,0,1270,0,40,3,8,2,1,36,17,2
1745732,0,1270,0,40,2,11,2,1,56,46,2
1760503,0,1270,0,40,2,5,2,1,34,26,2
1772284,0,1270,0,40,3,5,2,1,16,47,2
1764065,0,1270,0,40,2,6,2,1,26,55,2
1755939,0,1270,0,40,2,5,2,1,55,46,2
1747431,0,1270,0,40,3,6,2,1,86,49,2
1782555,0,1270,0,40,3,1,2,1,7,37,2
1783752,0,1270,0,40,3,1,2,1,7,15,2
1784080,0,1270,0,40,3,1,2,1,7,29,2
1784464,0,1270,0,40,3,1,2,1,7,20,2
1784697,0,1270,0,40,2,1,2,1,7,44,2
1784967,0,1270,0,40,2,1,2,1,7,39,2
1730577,0,1270,0,40,3,13,2,1,68,28,2
1767681,0,1270,0,40,3,5,2,1,18,32,2
1748671,0,1270,0,40,2,8,2,1,48,28,2
1752045,0,1270,0,40,2,8,2,1,45,38,2
1771116,0,1270,0,40,3,4,2,1,21,18,2
1758804,0,1270,0,40,3,6,2,1,43,30,2
1756929,0,1270,0,40,3,8,2,1,41,33,2
1729839,0,1270,0,40,3,13,2,1,75,34,2
1745670,0,1270,0,40,2,10,2,1,51,32,2
1773484,0,1270,0,40,3,3,2,1,18,66,2
1758185,0,1270,0,40,3,6,2,1,40,23,2
1780078,0,1270,0,40,3,2,2,1,9,69,2
1762915,0,1270,0,40,2,5,2,1,27,28,2
1766903,0,1270,0,40,2,3,2,1,28,12,2
1762015,0,1270,0,40,2,6,2,1,30,49,2
1779642,0,1270,0,40,3,2,2,1,10,45,2
1757397,0,1270,0,40,3,7,2,1,46,37,2
1752415,0,1270,0,40,2,10,2,1,53,44,2
1769518,0,1270,0,40,2,5,2,1,21,27,2
1782391,0,1270,0,40,3,2,2,1,7,46,2
1781246,0,1270,0,40,2,2,2,1,10,76,2
1783908,0,1270,0,40,2,1,2,1,6,63,2
1784422,0,1270,0,40,2,1,2,1,6,28,2
1784746,0,1270,0,40,3,1,2,1,6,36,2
1785553,0,1270,0,40,2,1,2,1,6,22,2
1785727,0,1270,0,40,2,1,2,1,6,51,2
1755943,0,1270,0,40,3,4,2,1,44,17,2
1771427,0,1270,0,40,2,3,2,1,15,22,2
1744220,0,1270,0,40,2,7,2,1,38,38,2
1742019,0,1270,0,40,2,7,2,1,30,15,2
1775583,0,1270,0,40,3,3,2,1,14,56,2
1756168,0,1270,0,40,3,8,2,1,42,48,2
1774559,0,1270,0,40,2,3,2,1,12,52,2
1755079,0,1270,0,40,3,7,2,1,42,22,2
1756078,0,1270,0,40,2,9,2,1,32,35,2
1738343,0,1270,0,40,2,2,2,1,30,25,2
1777541,0,1270,0,40,2,2,2,1,16,38,2
1759357,0,1270,0,40,3,6,2,1,32,81,2
1781637,0,1270,0,40,3,2,2,1,9,50,2
1780004,0,1270,0,40,2,3,2,1,9,72,2
1740419,0,1270,0,40,3,3,2,1,9,22,2
1755929,0,1270,0,40,3,8,2,1,36,55,2
1768309,0,1270,0,40,2,6,2,1,21,38,2
1757816,0,1270,0,40,2,6,2,1,37,31,2
1782665,0,1270,0,40,3,2,2,1,7,37,2
1772234,0,1270,0,40,2,3,2,1,25,19,2
1778975,0,1270,0,40,3,2,2,1,15,37,2
1765549,0,1270,0,40,2,6,2,1,24,54,2
1750442,0,1270,0,40,2,12,2,1,47,43,2
1754256,0,1270,0,40,2,9,2,1,47,63,2
1765014,0,1270,0,40,2,6,2,1,24,47,2
1784417,0,1270,0,40,3,2,2,1,6,78,2
1755687,0,1270,0,40,3,7,2,1,36,3,2
1781989,0,1270,0,40,3,2,2,1,9,52,2
1757594,0,1270,0,40,3,7,2,1,33,85,2
1737828,0,1270,0,40,3,7,2,1,63,53,2
1784928,0,1270,0,40,2,1,2,1,5,34,2
1785260,0,1270,0,40,3,1,2,1,5,41,2
1785664,0,1270,0,40,2,1,2,1,5,83,2
1785893,0,1270,0,40,3,1,2,1,5,43,2
1786037,0,1270,0,40,3,1,2,1,5,68,2
1786165,0,1270,0,40,3,1,2,1,5,21,2
1774271,0,1270,0,40,3,3,2,1,10,46,2
1754121,0,1270,0,40,2,6,2,1,41,12,2
1778977,0,1270,0,40,3,2,2,1,9,32,2
1778972,0,1270,0,40,3,2,2,1,7,21,2
1744239,0,1270,0,40,3,8,2,1,21,51,2
1781352,0,1270,0,40,3,2,2,1,5,43,2
1765147,0,1270,0,40,2,6,2,1,20,30,2
1781137,0,1270,0,40,2,2,2,1,8,62,2
1772751,0,1270,0,40,2,4,2,1,13,69,2
1774438,0,1270,0,40,3,2,2,1,21,51,2
1771575,0,1270,0,40,2,4,2,1,17,67,2
1764572,0,1270,0,40,3,5,2,1,28,28,2
1781157,0,1270,0,40,3,2,2,1,8,40,2
1751021,0,1270,0,40,3,8,2,1,45,22,2
1770137,0,1270,0,40,3,5,2,1,14,50,2
1757948,0,1270,0,40,2,5,2,1,39,46,2
1779977,0,1270,0,40,3,3,2,1,8,37,2
1754745,0,1270,0,40,2,3,2,1,66,56,2
1779595,0,1270,0,40,2,2,2,1,13,23,2
1745385,0,1270,0,40,3,13,2,1,60,49,2
1778933,0,1270,0,40,3,3,2,1,11,40,2
1749403,0,1270,0,40,3,10,2,1,46,74,2
1783461,0,1270,0,40,3,2,2,1,6,60,2
1749434,0,1270,0,40,3,8,2,1,66,38,2
1770459,0,1270,0,40,2,5,2,1,17,15,2
1740757,0,1270,0,40,3,7,2,1,48,13,2
1768549,0,1270,0,40,3,5,2,1,21,72,2
1755584,0,1270,0,40,3,7,2,1,46,48,2
1741092,0,1270,0,40,3,11,2,1,50,49,2
1780889,0,1270,0,40,3,2,2,1,14,38,2
1780711,0,1270,0,40,3,3,2,1,12,80,2
1784948,0,1270,0,40,2,1,2,1,4,35,2
1785398,0,1270,0,40,3,1,2,1,4,24,2
1785934,0,1270,0,40,2,1,2,1,4,74,2
1786355,0,1270,0,40,3,1,2,1,4,37,2
1786579,0,1270,0,40,3,1,2,1,4,37,2
1786623,0,1270,0,40,3,1,2,1,4,22,2
1786713,0,1270,0,40,2,1,2,1,4,19,2
1775715,0,1270,0,40,3,3,2,1,9,34,2
1761818,0,1270,0,40,2,5,2,1,36,31,2
1757568,0,1270,0,40,3,5,2,1,34,35,2
1777117,0,1270,0,40,2,2,2,1,11,45,2
1772587,0,1270,0,40,2,3,2,1,17,20,2
1777336,0,1270,0,40,2,2,2,1,9,46,2
1781176,0,1270,0,40,3,2,2,1,5,20,2
1782279,0,1270,0,40,3,2,2,1,4,64,2
1769032,0,1270,0,40,3,3,2,1,28,57,2
1742322,1,1270,1257,39.3659,2,5,2,1,18,69,2
1771942,0,1270,0,40,2,4,2,1,17,30,2
1765569,0,1270,0,40,2,4,2,1,27,28,2
1771176,0,1270,0,40,3,3,2,1,20,50,2
1771502,0,1270,0,40,3,4,2,1,19,61,2
1718442,0,1270,0,40,3,12,2,1,61,38,2
1773653,0,1270,0,40,2,4,2,1,8,62,2
1777830,0,1270,0,40,2,3,2,1,10,32,2
1733440,0,1270,0,40,3,11,2,1,81,31,2
1776838,0,1270,0,40,2,3,2,1,12,37,2
1781628,0,1270,0,40,2,2,2,1,8,32,2
1742398,0,1270,0,40,2,6,2,1,41,60,2
1758890,0,1270,0,40,2,6,2,1,27,47,2
1751180,0,1270,0,40,3,10,2,1,50,51,2
1740918,0,1270,0,40,3,11,2,1,38,41,2
1767362,0,1270,0,40,2,5,2,1,24,58,2
1754627,0,1270,0,40,2,10,2,1,45,21,2
1779368,0,1270,0,40,2,2,2,1,11,52,2
1779835,0,1270,0,40,3,3,2,1,11,23,2
1763214,0,1270,0,40,2,7,2,1,22,62,2
1767325,0,1270,0,40,2,5,2,1,20,30,2
1783954,0,1270,0,40,2,2,2,1,5,30,2
1768434,0,1270,0,40,3,6,2,1,19,23,2
1755374,0,1270,0,40,3,9,2,1,33,38,2
1771198,0,1270,0,40,2,4,2,1,26,34,2
1780888,0,1270,0,40,3,2,2,1,10,32,2
1752097,0,1270,0,40,2,7,2,1,57,56,2
1744479,0,1270,0,40,2,7,2,1,67,91,2
1785203,0,1270,0,40,3,2,2,1,5,18,2
1782362,0,1270,0,40,3,2,2,1,10,29,2
1784176,0,1270,0,40,2,3,2,1,6,59,2
1774814,0,1270,0,40,3,3,2,1,20,66,2
1750989,0,1270,0,40,2,9,2,1,54,47,2
1784764,0,1270,0,40,3,1,2,1,3,38,2
1785180,0,1270,0,40,3,1,2,1,3,70,2
1785836,0,1270,0,40,3,1,2,1,3,45,2
1786036,0,1270,0,40,3,1,2,1,3,25,2
1786472,0,1270,0,40,3,1,2,1,3,27,2
1786840,0,1270,0,40,3,1,2,1,3,20,2
1787117,0,1270,0,40,3,1,2,1,3,56,2
1787211,0,1270,0,40,3,1,2,1,3,15,2
1787331,0,1270,0,40,3,1,2,1,3,42,2
1787433,0,1270,0,40,2,1,2,1,3,48,2
1741490,0,1270,0,40,3,6,2,1,59,66,2
1742588,0,1270,0,40,3,3,2,1,37,39,2
1741793,0,1270,0,40,3,4,2,1,40,36,2
1774736,0,1270,0,40,3,1,2,1,26,21,2
1775337,0,1270,0,40,3,1,2,1,25,53,2
1768792,0,1270,0,40,2,2,2,1,32,59,2
1762690,0,1270,0,40,2,5,2,1,36,41,2
1746934,0,1270,0,40,2,10,2,1,73,15,2
1751631,0,1270,0,40,3,7,2,1,59,145,2
1741968,0,1270,0,40,3,3,2,1,31,59,2
1777011,0,1270,0,40,2,1,2,1,21,60,2
1774113,0,1270,0,40,2,2,2,1,21,80,2
1778204,0,1270,0,40,2,1,2,1,20,58,2
1774360,0,1270,0,40,3,2,2,1,20,48,2
1773621,0,1270,0,40,3,2,2,1,25,49,2
1760718,0,1270,0,40,3,4,2,1,46,47,2
1727113,0,1270,0,40,2,12,2,1,76,25,2
1716916,0,1270,0,40,2,17,2,1,115,51,2
1770866,0,1270,0,40,3,3,2,1,26,46,2
1777818,0,1270,0,40,2,1,2,1,18,51,2
1779491,0,1270,0,40,2,1,2,1,18,65,2
1772372,0,1270,0,40,2,2,2,1,26,36,2
1744363,0,1270,0,40,2,5,2,1,40,34,2
1778409,0,1270,0,40,3,1,2,1,17,29,2
1763174,0,1270,0,40,2,4,2,1,35,75,2
1757014,0,1270,0,40,2,4,2,1,43,113,2
1765705,0,1270,0,40,3,5,2,1,29,38,2
1776186,0,1270,0,40,2,2,2,1,20,42,2
1754883,0,1270,0,40,2,6,2,1,55,45,2
1778988,0,1270,0,40,3,1,2,1,16,24,2
1752524,0,1270,0,40,2,7,2,1,46,20,2
1769137,0,1270,0,40,2,2,2,1,33,37,2
1765647,0,1270,0,40,3,5,2,1,26,21,2
1775978,0,1270,0,40,2,2,2,1,21,31,2
1754323,0,1270,0,40,3,5,2,1,57,56,2
1768966,0,1270,0,40,2,3,2,1,34,39,2
1780128,0,1270,0,40,3,1,2,1,15,30,2
1766407,0,1270,0,40,3,4,2,1,24,38,2
1755359,0,1270,0,40,2,6,2,1,40,40,2
1753928,0,1270,0,40,3,8,2,1,41,46,2
1750755,0,1270,0,40,2,7,2,1,56,22,2
1769507,0,1270,0,40,2,5,2,1,23,33,2
1779248,0,1270,0,40,3,1,2,1,14,18,2
1781381,0,1270,0,40,2,1,2,1,14,45,2
1781635,0,1270,0,40,3,1,2,1,14,35,2
1744234,0,1270,0,40,2,7,2,1,38,16,2
1777409,0,1270,0,40,3,2,2,1,17,34,2
1770519,0,1270,0,40,3,4,2,1,25,27,2
1781552,0,1270,0,40,2,1,2,1,13,43,2
1750613,0,1270,0,40,3,8,2,1,47,20,2
1770126,0,1270,0,40,3,3,2,1,16,60,2
1770500,0,1270,0,40,3,2,2,1,29,48,2
1772567,0,1270,0,40,3,3,2,1,19,28,2
1772442,0,1270,0,40,2,2,2,1,26,20,2
1762867,0,1270,0,40,3,5,2,1,27,63,2
1777282,0,1270,0,40,2,3,2,1,14,55,2
1772179,0,1270,0,40,3,3,2,1,17,34,2
1741254,0,1270,0,40,2,11,2,1,64,89,2
1765369,0,1270,0,40,2,4,2,1,35,50,2
1761353,0,1270,0,40,2,8,2,1,28,32,2
1781899,0,1270,0,40,2,1,2,1,12,29,2
1782219,0,1270,0,40,2,1,2,1,12,67,2
1759669,0,1270,0,40,3,7,2,1,27,41,2
1736779,0,1270,0,40,2,5,2,1,63,25,2
1757927,0,1270,0,40,2,6,2,1,41,34,2
1755909,0,1270,0,40,2,7,2,1,49,80,2
1753598,0,1270,0,40,2,5,2,1,49,52,2
1741502,0,1270,0,40,3,11,2,1,43,80,2
1750591,0,1270,0,40,3,8,2,1,58,44,2
1763269,0,1270,0,40,3,6,2,1,27,35,2
1764881,0,1270,0,40,2,3,2,1,40,43,2
1748137,0,1270,0,40,3,10,2,1,61,22,2
1778003,0,1270,0,40,3,2,2,1,16,43,2
1765485,0,1270,0,40,3,5,2,1,36,41,2
1782569,0,1270,0,40,2,1,2,1,11,55,2
1783378,0,1270,0,40,3,1,2,1,11,33,2
1771965,0,1270,0,40,2,2,2,1,20,24,2
1751181,0,1270,0,40,3,8,2,1,52,50,2
1757083,0,1270,0,40,2,6,2,1,37,63,2
1763628,0,1270,0,40,3,4,2,1,34,34,2
1755340,0,1270,0,40,2,6,2,1,55,65,2
1757607,0,1270,0,40,2,7,2,1,34,72,2
1779212,0,1270,0,40,3,2,2,1,11,30,2
1755482,0,1270,0,40,2,6,2,1,49,38,2
1779909,0,1270,0,40,3,2,2,1,13,35,2
1776399,0,1270,0,40,3,3,2,1,14,47,2
1771093,0,1270,0,40,2,3,2,1,30,59,2
1748059,0,1270,0,40,3,9,2,1,59,27,2
1772005,0,1270,0,40,2,4,2,1,18,38,2
1759854,0,1270,0,40,3,6,2,1,36,28,2
1782367,0,1270,0,40,3,1,2,1,10,71,2
1783729,0,1270,0,40,2,1,2,1,10,110,2
1783861,0,1270,0,40,2,1,2,1,10,12,2
1783993,0,1270,0,40,2,1,2,1,10,25,2
1742413,0,1270,0,40,2,5,2,1,31,48,2
1750960,0,1270,0,40,3,8,2,1,45,48,2
1766260,0,1270,0,40,3,3,2,1,35,12,2
1779607,0,1270,0,40,2,2,2,1,11,73,2
1743062,0,1270,0,40,2,4,2,1,36,24,2
1758855,0,1270,0,40,2,6,2,1,26,38,2
1744829,0,1270,0,40,2,2,2,1,16,83,2
1749772,0,1270,0,40,2,8,2,1,62,56,2
1741574,0,1270,0,40,2,7,2,1,55,24,2
1734515,0,1270,0,40,2,8,2,1,46,22,2
1730018,0,1270,0,40,2,11,2,1,50,53,2
1749532,0,1270,0,40,2,9,2,1,54,43,2
1741632,0,1270,0,40,3,2,2,1,23,22,2
1765000,0,1270,0,40,3,6,2,1,25,53,2
1770442,0,1270,0,40,2,6,2,1,18,22,2
1762859,0,1270,0,40,3,6,2,1,31,37,2
1747848,0,1270,0,40,3,7,2,1,74,30,2
1764942,0,1270,0,40,2,6,2,1,34,36,2
1782225,0,1270,0,40,3,1,2,1,9,14,2
1783910,0,1270,0,40,3,1,2,1,9,23,2
1784471,0,1270,0,40,3,1,2,1,9,66,2
1770904,0,1270,0,40,2,3,2,1,20,78,2
1759385,0,1270,0,40,2,6,2,1,31,64,2
1745420,0,1270,0,40,3,10,2,1,54,30,2
1760040,0,1270,0,40,3,6,2,1,28,103,2
1750082,0,1270,0,40,3,7,2,1,50,22,2
1771530,0,1270,0,40,3,2,2,1,29,53,2
1772703,0,1270,0,40,2,3,2,1,19,34,2
1773538,0,1270,0,40,2,3,2,1,14,51,2
1780713,0,1270,0,40,2,2,2,1,11,46,2
1760072,0,1270,0,40,2,6,2,1,31,15,2
1762592,0,1270,0,40,2,6,2,1,25,71,2
1756064,0,1270,0,40,2,6,2,1,39,21,2
1770256,0,1270,0,40,3,5,2,1,20,36,2
1778965,0,1270,0,40,3,2,2,1,16,61,2
1774157,0,1270,0,40,2,4,2,1,16,32,2
1756693,0,1270,0,40,2,6,2,1,44,17,2
1766727,0,1270,0,40,2,4,2,1,35,40,2
1782395,0,1270,0,40,2,1,2,1,8,34,2
1783760,0,1270,0,40,2,1,2,1,8,99,2
1784312,0,1270,0,40,2,1,2,1,8,43,2
1784456,0,1270,0,40,3,1,2,1,8,22,2
1784795,0,1270,0,40,2,1,2,1,8,10,2
1784913,0,1270,0,40,3,1,2,1,8,72,2
1754263,0,1270,0,40,2,9,2,1,41,40,2
1721244,0,1270,0,40,2,11,2,1,76,62,2
1732471,0,1270,0,40,2,10,2,1,44,117,2
1770783,0,1270,0,40,3,3,2,1,17,80,2
1779772,0,1270,0,40,2,2,2,1,9,70,2
1742775,0,1270,0,40,2,3,2,1,32,44,2
1740179,0,1270,0,40,3,7,2,1,59,37,2
1778929,0,1270,0,40,3,2,2,1,13,89,2
1765516,0,1270,0,40,3,4,2,1,33,46,2
1763211,0,1270,0,40,3,4,2,1,33,34,2
1766858,0,1270,0,40,3,3,2,1,35,58,2
1773366,0,1270,0,40,2,3,2,1,19,60,2
1749469,0,1270,0,40,2,9,2,1,58,37,2
1780227,0,1270,0,40,2,2,2,1,12,21,2
1780706,0,1270,0,40,2,2,2,1,10,13,2
1782271,0,1270,0,40,2,2,2,1,8,68,2
1767316,0,1270,0,40,3,4,2,1,19,52,2
1780737,0,1270,0,40,2,2,2,1,12,23,2
1768825,0,1270,0,40,2,5,2,1,22,36,2
1765286,0,1270,0,40,3,5,2,1,35,86,2
1755436,0,1270,0,40,3,7,2,1,47,29,2
1754443,0,1270,0,40,3,6,2,1,53,83,2
1764801,0,1270,0,40,2,5,2,1,39,30,2
1783114,0,1270,0,40,3,2,2,1,10,62,2
1784766,0,1270,0,40,3,1,2,1,7,35,2
1785042,0,1270,0,40,3,1,2,1,7,65,2
1785395,0,1270,0,40,3,1,2,1,7,26,2
1785579,0,1270,0,40,2,1,2,1,7,89,2
1785743,0,1270,0,40,2,1,2,1,7,44,2
1769985,0,1270,0,40,2,4,2,1,19,34,2
1760378,0,1270,0,40,2,8,2,1,36,128,2
1777589,0,1270,0,40,3,3,2,1,10,63,2
1771519,0,1270,0,40,3,3,2,1,20,44,2
1771226,0,1270,0,40,3,4,2,1,21,37,2
1759105,0,1270,0,40,3,8,2,1,34,45,2
1751842,0,1270,0,40,2,7,2,1,52,61,2
1768187,0,1270,0,40,2,4,2,1,23,25,2
1776255,0,1270,0,40,3,3,2,1,13,42,2
1749870,0,1270,0,40,2,7,2,1,64,47,2
1777025,0,1270,0,40,3,3,2,1,9,20,2
1774193,0,1270,0,40,3,2,2,1,20,37,2
1765948,0,1270,0,40,2,4,2,1,25,53,2
1772674,0,1270,0,40,3,3,2,1,15,87,2
1780616,0,1270,0,40,3,2,2,1,8,84,2
1751258,0,1270,0,40,3,8,2,1,50,80,2
1760497,0,1270,0,40,2,6,2,1,30,39,2
1780985,0,1270,0,40,2,3,2,1,10,34,2
1765064,0,1270,0,40,2,4,2,1,25,79,2
1745307,0,1270,0,40,3,8,2,1,39,28,2
1743428,0,1270,0,40,2,9,2,1,60,77,2
1746274,0,1270,0,40,3,10,2,1,75,45,2
1779885,0,1270,0,40,2,2,2,1,15,51,2
1775106,0,1270,0,40,3,4,2,1,17,17,2
1773645,0,1270,0,40,2,4,2,1,16,29,2
1744981,0,1270,0,40,2,2,2,1,20,50,2
1765689,0,1270,0,40,3,4,2,1,30,37,2
1767531,0,1270,0,40,2,7,2,1,25,9,2
1747965,0,1270,0,40,2,8,2,1,67,38,2
1773608,0,1270,0,40,2,5,2,1,18,46,2
1784202,0,1270,0,40,2,1,2,1,6,75,2
1784976,0,1270,0,40,3,1,2,1,6,49,2
1785544,0,1270,0,40,2,1,2,1,6,54,2
1785781,0,1270,0,40,3,1,2,1,6,58,2
1785913,0,1270,0,40,3,1,2,1,6,81,2
1786341,0,1270,0,40,2,1,2,1,6,20,2
1753158,0,1270,0,40,2,7,2,1,39,51,2
1764948,1,1270,1253,34.2963,2,4,2,1,24,41,2
1775044,0,1270,0,40,3,3,2,1,16,73,2
1772689,0,1270,0,40,3,4,2,1,15,52,2
1762131,0,1270,0,40,2,5,2,1,35,45,2
1769159,0,1270,0,40,3,4,2,1,22,53,2
1745128,0,1270,0,40,2,10,2,1,77,36,2
1734812,0,1270,0,40,3,14,2,1,70,24,2
1778906,0,1270,0,40,3,2,2,1,13,25,2
1772513,0,1270,0,40,2,3,2,1,17,22,2
1764034,0,1270,0,40,3,4,2,1,27,11,2
1763433,0,1270,0,40,2,5,2,1,36,8,2
1755893,0,1270,0,40,2,6,2,1,45,77,2
1781021,0,1270,0,40,3,2,2,1,10,22,2
1759080,0,1270,0,40,2,6,2,1,36,27,2
1760307,0,1270,0,40,3,7,2,1,33,38,2
1782682,0,1270,0,40,2,2,2,1,7,22,2
1770252,0,1270,0,40,3,5,2,1,21,31,2
1767265,0,1270,0,40,3,5,2,1,29,9,2
1774225,0,1270,0,40,3,4,2,1,18,47,2
1750653,0,1270,0,40,2,9,2,1,46,40,2
1749878,0,1270,0,40,2,9,2,1,51,30,2
1773766,0,1270,0,40,2,3,2,1,18,28,2
1755183,0,1270,0,40,2,9,2,1,52,61,2
1776898,0,1270,0,40,3,2,2,1,19,55,2
1779494,0,1270,0,40,3,2,2,1,14,40,2
1775771,0,1270,0,40,2,3,2,1,17,29,2
1746255,0,1270,0,40,3,10,2,1,64,20,2
1780738,0,1270,0,40,3,2,2,1,11,30,2
1769349,0,1270,0,40,3,4,2,1,22,49,2
1771547,0,1270,0,40,3,4,2,1,19,24,2
1759628,0,1270,0,40,2,6,2,1,31,53,2
1775511,1,1270,1265,40,2,4,2,1,14,58,2
1769440,0,1270,0,40,2,5,2,1,19,82,2
1767668,0,1270,0,40,3,3,2,1,34,21,2
1776105,0,1270,0,40,3,2,2,1,21,19,2
1781069,0,1270,0,40,2,2,2,1,13,38,2
1757704,0,1270,0,40,2,9,2,1,32,21,2
1783576,0,1270,0,40,3,2,2,1,6,38,2
1764656,0,1270,0,40,2,5,2,1,23,49,2
1727735,0,1270,0,40,3,11,2,1,62,55,2
1706670,0,1270,0,40,3,16,2,1,88,45,2
1782603,0,1270,0,40,2,1,2,1,5,33,2
1784418,0,1270,0,40,2,1,2,1,5,87,2
1785414,0,1270,0,40,3,1,2,1,5,18,2
1785566,0,1270,0,40,3,1,2,1,5,41,2
1785958,0,1270,0,40,2,1,2,1,5,85,2
1786122,0,1270,0,40,2,1,2,1,5,28,2
1786242,0,1270,0,40,3,1,2,1,5,56,2
1786435,0,1270,0,40,2,1,2,1,5,96,2
1786615,0,1270,0,40,2,1,2,1,5,37,2
1786645,0,1270,0,40,3,1,2,1,5,28,2
1786745,0,1270,0,40,2,1,2,1,5,68,2
1757306,0,1270,0,40,2,6,2,1,37,36,2
1779425,0,1270,0,40,3,2,2,1,8,78,2
1743226,0,1270,0,40,3,7,2,1,51,34,2
1761424,0,1270,0,40,2,7,2,1,24,51,2
1760123,0,1270,0,40,3,5,2,1,34,44,2
1751241,0,1270,0,40,2,9,2,1,44,47,2
1759351,0,1270,0,40,3,8,2,1,28,48,2
1742383,0,1270,0,40,3,6,2,1,40,40,2
1759823,0,1270,0,40,2,6,2,1,34,51,2
1762353,0,1270,0,40,3,5,2,1,33,23,2
1766401,0,1270,0,40,3,5,2,1,19,67,2
1782476,0,1270,0,40,2,2,2,1,6,51,2
1782069,0,1270,0,40,3,2,2,1,5,87,2
1762627,0,1270,0,40,3,5,2,1,21,42,2
1759310,0,1270,0,40,2,9,2,1,27,90,2
1775019,0,1270,0,40,3,4,2,1,10,27,2
1759344,0,1270,0,40,2,6,2,1,29,19,2
1764029,0,1270,0,40,3,5,2,1,33,17,2
1757312,0,1270,0,40,3,5,2,1,36,42,2
1772588,0,1270,0,40,2,3,2,1,22,30,2
1753907,0,1270,0,40,3,7,2,1,52,42,2
1773576,0,1270,0,40,3,4,2,1,18,23,2
1757211,0,1270,0,40,3,6,2,1,37,50,2
1736153,0,1270,0,40,2,7,2,1,58,45,2
1771018,0,1270,0,40,2,5,2,1,21,42,2
1756040,0,1270,0,40,2,6,2,1,46,33,2
1764832,0,1270,0,40,2,5,2,1,31,20,2
1775849,0,1270,0,40,3,3,2,1,17,17,2
1745584,0,1270,0,40,2,12,2,1,58,34,2
1771166,0,1270,0,40,3,5,2,1,18,60,2
1748752,0,1270,0,40,3,9,2,1,56,14,2
1770213,0,1270,0,40,3,3,2,1,26,40,2
1771606,0,1270,0,40,2,4,2,1,18,55,2
1778644,0,1270,0,40,2,3,2,1,15,41,2
1763775,0,1270,0,40,3,5,2,1,38,66,2
1752584,0,1270,0,40,3,6,2,1,69,26,2
1777716,0,1270,0,40,3,3,2,1,15,31,2
1784438,0,1270,0,40,3,2,2,1,5,27,2
1777925,0,1270,0,40,2,3,2,1,15,54,2
1785226,0,1270,0,40,3,2,2,1,6,65,2
1768562,0,1270,0,40,3,5,2,1,22,34,2
1767876,0,1270,0,40,2,4,2,1,32,63,2
1785116,0,1270,0,40,3,1,2,1,4,77,2
1786068,0,1270,0,40,3,1,2,1,4,59,2
1786412,0,1270,0,40,3,1,2,1,4,12,2
1786540,0,1270,0,40,3,1,2,1,4,63,2
1786712,0,1270,0,40,2,1,2,1,4,109,2
1786912,0,1270,0,40,2,1,2,1,4,68,2
1787083,0,1270,0,40,3,1,2,1,4,62,2
1787143,0,1270,0,40,3,1,2,1,4,42,2
1787401,0,1270,0,40,3,1,2,1,4,48,2
1768062,0,1270,0,40,3,4,2,1,18,87,2
1652498,1,1270,1245,24.1106,3,21,2,1,151,12,2
1775359,0,1270,0,40,3,3,2,1,12,17,2
1764597,0,1270,0,40,3,6,2,1,22,59,2
1750552,0,1270,0,40,2,9,2,1,44,58,2
1773927,0,1270,0,40,2,2,2,1,20,39,2
1753270,0,1270,0,40,3,7,2,1,45,36,2
1741670,0,1270,0,40,2,7,2,1,30,35,2
1773219,0,1270,0,40,3,4,2,1,9,73,2
1783042,0,1270,0,40,2,2,2,1,4,30,2
1752174,0,1270,0,40,2,9,2,1,47,17,2
1762346,0,1270,0,40,2,6,2,1,26,40,2
1768287,0,1270,0,40,3,4,2,1,22,14,2
1774310,0,1270,0,40,2,3,2,1,20,22,2
1775239,0,1270,0,40,2,2,2,1,20,49,2
1778217,0,1270,0,40,3,2,2,1,14,27,2
1783271,0,1270,0,40,2,2,2,1,5,16,2
1784403,0,1270,0,40,3,2,2,1,4,57,2
1761579,0,1270,0,40,2,5,2,1,31,35,2
1778145,0,1270,0,40,2,2,2,1,15,32,2
1779999,0,1270,0,40,3,2,2,1,13,52,2
1781277,0,1270,0,40,3,2,2,1,10,74,2
1754989,0,1270,0,40,2,8,2,1,45,17,2
1782592,0,1270,0,40,3,2,2,1,8,42,2
1779083,0,1270,0,40,2,3,2,1,10,65,2
1774433,0,1270,0,40,3,4,2,1,12,47,2
1742694,0,1270,0,40,2,6,2,1,24,49,2
1766755,0,1270,0,40,3,3,2,1,33,47,2
1745304,0,1270,0,40,3,7,2,1,28,43,2
1773849,0,1270,0,40,2,3,2,1,11,52,2
1749663,0,1270,0,40,2,12,2,1,48,45,2
1768807,0,1270,0,40,2,5,2,1,15,24,2
1778831,0,1270,0,40,2,3,2,1,10,48,2
1784101,0,1270,0,40,2,2,2,1,6,100,2
1779671,0,1270,0,40,2,3,2,1,7,39,2
1719540,0,1270,0,40,3,10,2,1,76,47,2
1736607,0,1270,0,40,2,11,2,1,37,31,2
1772065,0,1270,0,40,3,4,2,1,16,77,2
1773935,0,1270,0,40,2,3,2,1,20,47,2
1766949,0,1270,0,40,3,5,2,1,23,27,2
1755521,0,1270,0,40,2,8,2,1,47,53,2
1741822,0,1270,0,40,2,7,2,1,50,21,2
1781734,0,1270,0,40,3,2,2,1,11,61,2
1741111,0,1270,0,40,2,8,2,1,42,11,2
1752924,0,1270,0,40,2,9,2,1,44,38,2
1763089,0,1270,0,40,2,5,2,1,38,18,2
1766408,0,1270,0,40,3,6,2,1,18,32,2
1746279,0,1270,0,40,2,12,2,1,54,44,2
1774028,0,1270,0,40,2,4,2,1,21,20,2
1757490,0,1270,0,40,2,7,2,1,36,36,2
1780781,0,1270,0,40,2,3,2,1,8,69,2
1782573,0,1270,0,40,3,3,2,1,7,7,2
1758764,0,1270,0,40,2,6,2,1,32,57,2
1787219,0,1270,0,40,2,2,2,1,4,46,2
1785618,0,1270,0,40,3,1,2,1,3,51,2
1786292,0,1270,0,40,2,1,2,1,3,55,2
1786446,0,1270,0,40,3,1,2,1,3,56,2
1786742,0,1270,0,40,3,1,2,1,3,56,2
1786944,0,1270,0,40,3,1,2,1,3,5,2
1787120,1,1270,1265,19.6752,3,1,2,1,3,35,2
1787501,0,1270,0,40,3,1,2,1,3,96,2
1787661,0,1270,0,40,2,1,2,1,3,17,2
1787711,0,1270,0,40,2,1,2,1,3,71,2
1787773,0,1270,0,40,2,1,2,1,3,51,2
1787829,0,1270,0,40,2,1,2,1,3,23,2
1787865,0,1270,0,40,2,1,2,1,3,65,2
1787981,0,1270,0,40,3,1,2,1,3,39,2
1788023,0,1270,0,40,2,1,2,1,3,53,2
1748210,0,1270,0,40,3,5,2,1,77,32,2
1760989,0,1270,0,40,2,3,2,1,43,21,2
1768603,0,1270,0,40,3,2,2,1,35,38,2
1735489,0,1270,0,40,2,10,2,1,64,42,2
1752195,0,1270,0,40,3,6,2,1,65,66,2
1753547,0,1270,0,40,2,6,2,1,48,33,2
1743750,0,1270,0,40,3,12,2,1,72,102,2
1776870,0,1270,0,40,3,1,2,1,23,87,2
1763430,0,1270,0,40,3,4,2,1,37,45,2
1756440,0,1270,0,40,3,6,2,1,53,30,2
1777970,0,1270,0,40,3,1,2,1,21,24,2
1757857,0,1270,0,40,2,5,2,1,53,17,2
1759303,0,1270,0,40,3,5,2,1,45,59,2
1755157,0,1270,0,40,2,5,2,1,50,22,2
1728598,0,1270,0,40,2,14,2,1,85,31,2
1742990,0,1270,0,40,2,5,2,1,50,23,2
1760303,0,1270,0,40,3,7,2,1,35,40,2
1779005,0,1270,0,40,2,1,2,1,19,45,2
1744555,0,1270,0,40,3,6,2,1,45,30,2
1772355,0,1270,0,40,2,2,2,1,23,74,2
1742308,0,1270,0,40,2,4,2,1,37,95,2
1766561,0,1270,0,40,2,3,2,1,28,50,2
1770467,0,1270,0,40,2,2,2,1,30,38,2
1745168,0,1270,0,40,3,12,2,1,57,26,2
1753169,0,1270,0,40,2,4,2,1,67,43,2
1773637,0,1270,0,40,3,3,2,1,24,21,2
1780231,0,1270,0,40,2,1,2,1,17,37,2
1746727,0,1270,0,40,3,9,2,1,63,39,2
1776591,0,1270,0,40,2,2,2,1,17,37,2
1740539,0,1270,0,40,3,11,2,1,46,32,2
1763255,0,1270,0,40,3,4,2,1,33,25,2
1776458,0,1270,0,40,3,2,2,1,17,54,2
1775919,0,1270,0,40,2,2,2,1,18,42,2
1754893,0,1270,0,40,2,6,2,1,50,48,2
1780939,0,1270,0,40,3,1,2,1,16,27,2
1721282,0,1270,0,40,2,13,2,1,92,31,2
1773014,0,1270,0,40,3,3,2,1,19,43,2
1776858,0,1270,0,40,2,2,2,1,17,53,2
1774484,0,1270,0,40,3,3,2,1,21,13,2
1764839,0,1270,0,40,3,2,2,1,45,49,2
1764344,0,1270,0,40,2,5,2,1,30,46,2
1778877,0,1270,0,40,2,1,2,1,15,50,2
1752804,0,1270,0,40,2,9,2,1,43,36,2
1773440,0,1270,0,40,2,2,2,1,22,71,2
1768541,0,1270,0,40,3,5,2,1,28,74,2
1762671,0,1270,0,40,2,5,2,1,29,28,2
1767775,0,1270,0,40,2,4,2,1,29,15,2
1768127,0,1270,0,40,3,3,2,1,34,36,2
1779246,0,1270,0,40,3,2,2,1,15,30,2
1779181,0,1270,0,40,3,2,2,1,17,56,2
1770615,0,1270,0,40,2,4,2,1,22,67,2
1781822,0,1270,0,40,3,1,2,1,14,48,2
1720257,0,1270,0,40,2,14,2,1,75,64,2
1765448,0,1270,0,40,2,6,2,1,23,41,2
1776676,0,1270,0,40,2,2,2,1,19,68,2
1761817,0,1270,0,40,3,4,2,1,41,55,2
1772917,0,1270,0,40,3,3,2,1,25,32,2
1782075,0,1270,0,40,2,1,2,1,13,40,2
1782624,0,1270,0,40,3,1,2,1,13,66,2
1775866,0,1270,0,40,3,2,2,1,16,26,2
1776320,0,1270,0,40,3,2,2,1,16,54,2
1770140,0,1270,0,40,3,4,2,1,21,20,2
1762034,0,1270,0,40,3,6,2,1,34,86,2
1775320,0,1270,0,40,3,3,2,1,19,53,2
1757052,0,1270,0,40,3,6,2,1,39,40,2
1781877,0,1270,0,40,3,1,2,1,12,72,2
1782725,0,1270,0,40,3,1,2,1,12,48,2
1783204,0,1270,0,40,3,1,2,1,12,39,2
1783274,0,1270,0,40,3,1,2,1,12,62,2
1775532,0,1270,0,40,3,2,2,1,18,45,2
1758728,0,1270,0,40,3,6,2,1,39,29,2
1766610,0,1270,0,40,2,4,2,1,30,26,2
1773467,0,1270,0,40,2,4,2,1,19,22,2
1748331,0,1270,0,40,3,7,2,1,71,28,2
1752848,0,1270,0,40,3,7,2,1,57,33,2
1772702,0,1270,0,40,2,3,2,1,19,63,2
1771277,0,1270,0,40,3,3,2,1,29,86,2
1773929,0,1270,0,40,3,3,2,1,18,36,2
1760163,0,1270,0,40,2,7,2,1,31,24,2
1773965,0,1270,0,40,3,3,2,1,23,24,2
1772011,0,1270,0,40,3,4,2,1,20,39,2
1783591,0,1270,0,40,3,1,2,1,11,57,2
1783913,0,1270,0,40,2,1,2,1,11,56,2
1754856,0,1270,0,40,3,5,2,1,49,22,2
1779355,0,1270,0,40,3,2,2,1,11,22,2
1754178,0,1270,0,40,3,6,2,1,54,23,2
1771495,0,1270,0,40,2,3,2,1,27,41,2
1768038,0,1270,0,40,3,5,2,1,23,45,2
1780011,0,1270,0,40,3,2,2,1,13,47,2
1778476,0,1270,0,40,2,3,2,1,12,32,2
1763354,0,1270,0,40,3,4,2,1,37,41,2
1762006,0,1270,0,40,3,6,2,1,33,64,2
1768445,0,1270,0,40,2,4,2,1,29,31,2
1755345,0,1270,0,40,2,7,2,1,41,25,2
1751728,0,1270,0,40,3,10,2,1,43,70,2
1764371,0,1270,0,40,2,4,2,1,32,72,2
1743938,0,1270,0,40,3,6,2,1,31,25,2
1776528,0,1270,0,40,2,3,2,1,17,74,2
1743330,0,1270,0,40,3,5,2,1,71,37,2
1782893,0,1270,0,40,2,1,2,1,10,20,2
1784006,0,1270,0,40,3,1,2,1,10,40,2
1784099,0,1270,0,40,2,1,2,1,10,25,2
1784533,0,1270,0,40,3,1,2,1,10,19,2
1777490,0,1270,0,40,3,2,2,1,12,48,2
1774169,0,1270,0,40,2,3,2,1,11,16,2
1760361,0,1270,0,40,3,5,2,1,42,31,2
1764672,0,1270,0,40,2,5,2,1,22,56,2
1738778,0,1270,0,40,2,7,2,1,59,32,2
1738128,0,1270,0,40,2,10,2,1,73,95,2
1775444,0,1270,0,40,2,3,2,1,16,44,2
1777783,0,1270,0,40,3,3,2,1,14,100,2
1753434,0,1270,0,40,2,8,2,1,41,52,2
1745121,0,1270,0,40,3,12,2,1,73,12,2
1757194,0,1270,0,40,2,6,2,1,44,95,2
1770452,0,1270,0,40,2,3,2,1,27,34,2
1776635,0,1270,0,40,2,4,2,1,15,40,2
1772333,0,1270,0,40,2,3,2,1,21,70,2
1760948,0,1270,0,40,3,4,2,1,42,28,2
1775290,0,1270,0,40,3,3,2,1,16,45,2
1745296,0,1270,0,40,2,6,2,1,66,95,2
1777568,0,1270,0,40,3,2,2,1,19,86,2
1746020,0,1270,0,40,3,9,2,1,45,24,2
1762885,0,1270,0,40,2,6,2,1,21,30,2
1771256,0,1270,0,40,2,4,2,1,24,39,2
1782727,0,1270,0,40,3,1,2,1,9,32,2
1784380,0,1270,0,40,2,1,2,1,9,50,2
1784572,0,1270,0,40,3,1,2,1,9,20,2
1785103,0,1270,0,40,3,1,2,1,9,36,2
1767085,0,1270,0,40,3,2,2,1,33,58,2
1767986,0,1270,0,40,2,4,2,1,23,70,2
1769858,0,1270,0,40,2,3,2,1,27,20,2
1717144,0,1270,0,40,2,14,2,1,129,39,2
1769243,0,1270,0,40,2,3,2,1,29,22,2
1726252,0,1270,0,40,3,10,2,1,53,42,2
1765710,0,1270,0,40,2,4,2,1,33,28,2
1775193,0,1270,0,40,3,3,2,1,15,46,2
1754485,0,1270,0,40,3,8,2,1,46,40,2
1763602,0,1270,0,40,2,5,2,1,31,42,2
1764255,0,1270,0,40,2,6,2,1,24,30,2
1756008,0,1270,0,40,2,7,2,1,37,56,2
1775884,0,1270,0,40,3,4,2,1,16,65,2
1740484,0,1270,0,40,2,6,2,1,39,78,2
1759831,0,1270,0,40,3,7,2,1,42,24,2
1776972,0,1270,0,40,3,3,2,1,16,50,2
1784694,0,1270,0,40,3,1,2,1,8,83,2
1785263,0,1270,0,40,3,1,2,1,8,15,2
1785773,0,1270,0,40,3,1,2,1,8,34,2
1777540,0,1270,0,40,3,2,2,1,10,26,2
1754823,0,1270,0,40,3,6,2,1,43,120,2
1773739,0,1270,0,40,2,3,2,1,18,62,2
1742225,0,1270,0,40,3,3,2,1,24,48,2
1770309,0,1270,0,40,2,3,2,1,21,53,2
1760884,0,1270,0,40,3,5,2,1,35,55,2
1753394,0,1270,0,40,3,8,2,1,44,25,2
1773790,0,1270,0,40,2,4,2,1,15,51,2
1780110,0,1270,0,40,3,2,2,1,9,24,2
1782020,0,1270,0,40,2,2,2,1,8,53,2
1761749,0,1270,0,40,2,4,2,1,35,30,2
1771090,0,1270,0,40,3,3,2,1,28,40,2
1764144,0,1270,0,40,3,6,2,1,20,21,2
1769830,0,1270,0,40,3,4,2,1,26,42,2
1760880,0,1270,0,40,3,8,2,1,33,33,2
1782079,0,1270,0,40,2,2,2,1,9,52,2
1760092,0,1270,0,40,2,6,2,1,46,30,2
1766813,0,1270,0,40,3,4,2,1,35,51,2
1757712,0,1270,0,40,3,6,2,1,43,79,2
1782773,0,1270,0,40,3,2,2,1,9,28,2
1755325,0,1270,0,40,3,7,2,1,48,34,2
1755686,0,1270,0,40,2,6,2,1,42,24,2
1777100,0,1270,0,40,2,3,2,1,14,21,2
1774589,1,1270,1256,17.443,3,5,2,1,17,19,2
1783313,0,1270,0,40,3,1,2,1,7,58,2
1784314,0,1270,0,40,2,1,2,1,7,95,2
1784768,0,1270,0,40,3,1,2,1,7,85,2
1785080,0,1270,0,40,2,1,2,1,7,56,2
1785728,0,1270,0,40,2,1,2,1,7,37,2
1786079,0,1270,0,40,2,1,2,1,7,56,2
1786145,0,1270,0,40,2,1,2,1,7,88,2
1786301,0,1270,0,40,2,1,2,1,7,18,2
1741035,0,1270,0,40,2,2,2,1,12,78,2
1762053,0,1270,0,40,2,7,2,1,29,46,2
1777070,0,1270,0,40,3,2,2,1,14,44,2
1778427,0,1270,0,40,3,2,2,1,11,50,2
1769318,0,1270,0,40,2,4,2,1,19,69,2
1776715,0,1270,0,40,2,3,2,1,15,80,2
1760335,0,1270,0,40,2,7,2,1,28,30,2
1743119,0,1270,0,40,2,4,2,1,39,34,2
1743058,0,1270,0,40,3,5,2,1,46,46,2
1780337,0,1270,0,40,2,3,2,1,11,28,2
1760176,0,1270,0,40,2,5,2,1,39,148,2
1743923,0,1270,0,40,2,7,2,1,43,71,2
1757343,0,1270,0,40,2,7,2,1,44,21,2
1780729,0,1270,0,40,2,2,2,1,11,47,2
1742702,0,1270,0,40,3,9,2,1,51,24,2
1774961,0,1270,0,40,3,3,2,1,15,36,2
1742956,0,1270,0,40,2,6,2,1,35,18,2
1774010,0,1270,0,40,3,4,2,1,22,77,2
1770226,0,1270,0,40,3,4,2,1,23,77,2
1762833,0,1270,0,40,3,7,2,1,29,36,2
1766683,0,1270,0,40,3,4,2,1,25,39,2
1761082,0,1270,0,40,2,6,2,1,23,36,2
1782297,0,1270,0,40,2,2,2,1,8,65,2
1741087,0,1270,0,40,2,8,2,1,40,38,2
1770663,0,1270,0,40,3,3,2,1,28,27,2
1772611,0,1270,0,40,3,3,2,1,21,26,2
1780182,1,1270,1266,35.0606,2,2,2,1,12,98,2
1764984,0,1270,0,40,3,4,2,1,29,56,2
1763203,0,1270,0,40,2,8,2,1,33,25,2
1780215,0,1270,0,40,3,3,2,1,10,40,2
1751083,0,1270,0,40,3,10,2,1,53,68,2
1758936,0,1270,0,40,2,7,2,1,35,33,2
1778869,0,1270,0,40,3,3,2,1,13,48,2
1783481,0,1270,0,40,3,2,2,1,9,66,2
1766884,0,1270,0,40,3,4,2,1,30,87,2
1775706,0,1270,0,40,3,2,2,1,24,37,2
1759313,0,1270,0,40,3,7,2,1,32,39,2
1783281,0,1270,0,40,2,1,2,1,6,30,2
1785334,0,1270,0,40,2,1,2,1,6,52,2
1785694,0,1270,0,40,2,1,2,1,6,76,2
1785850,0,1270,0,40,3,1,2,1,6,37,2
1786118,0,1270,0,40,3,1,2,1,6,58,2
1786345,0,1270,0,40,2,1,2,1,6,71,2
1786481,0,1270,0,40,3,1,2,1,6,22,2
1786589,0,1270,0,40,3,1,2,1,6,19,2
1786643,0,1270,0,40,2,1,2,1,6,88,2
1786771,0,1270,0,40,2,1,2,1,6,12,2
1758322,0,1270,0,40,2,7,2,1,28,88,2
1751990,0,1270,0,40,3,12,2,1,53,12,2
1757263,0,1270,0,40,3,5,2,1,38,37,2
1752429,0,1270,0,40,2,6,2,1,56,30,2
1779682,0,1270,0,40,2,2,2,1,7,29,2
1759900,0,1270,0,40,3,6,2,1,31,51,2
1772864,0,1270,0,40,3,4,2,1,18,36,2
1772470,0,1270,0,40,3,4,2,1,17,62,2
1743455,0,1270,0,40,3,3,2,1,45,41,2
1766562,0,1270,0,40,3,6,2,1,24,72,2
1776460,0,1270,0,40,2,3,2,1,15,38,2
1777910,0,1270,0,40,3,3,2,1,11,25,2
1744381,0,1270,0,40,2,6,2,1,19,49,2
1765765,1,1270,1229,14.4995,3,7,2,1,31,67,2
1781425,0,1270,0,40,2,2,2,1,11,20,2
1738952,0,1270,0,40,3,9,2,1,40,32,2
1740770,0,1270,0,40,2,7,2,1,59,48,2
1761896,0,1270,0,40,3,5,2,1,34,76,2
1774514,0,1270,0,40,3,5,2,1,13,29,2
1775286,0,1270,0,40,2,2,2,1,20,41,2
1776058,0,1270,0,40,2,3,2,1,20,48,2
1761429,0,1270,0,40,3,7,2,1,42,52,2
1768731,0,1270,0,40,3,5,2,1,22,40,2
1685174,1,1270,936,30.7839,2,22,2,1,114,55,2
1769304,0,1270,0,40,2,5,2,1,22,42,2
1770535,0,1270,0,40,3,4,2,1,17,32,2
1775357,0,1270,0,40,2,3,2,1,18,54,2
1771270,0,1270,0,40,3,2,2,1,32,53,2
1774189,0,1270,0,40,2,3,2,1,20,8,2
1754031,0,1270,0,40,2,8,2,1,40,17,2
1774713,0,1270,0,40,3,3,2,1,15,15,2
1776202,0,1270,0,40,2,3,2,1,15,26,2
1745638,1,1270,1266,36.599,2,3,2,1,11,50,2
1751094,0,1270,0,40,3,8,2,1,49,24,2
1774753,0,1270,0,40,2,4,2,1,19,27,2
1760029,0,1270,0,40,3,7,2,1,40,30,2
1744789,1,1270,1262,34.3616,2,12,2,1,71,24,2
1784120,0,1270,0,40,2,2,2,1,8,27,2
1742659,0,1270,0,40,3,8,2,1,51,15,2
1784530,0,1270,0,40,2,1,2,1,5,40,2
1785338,0,1270,0,40,2,1,2,1,5,42,2
1786168,0,1270,0,40,2,1,2,1,5,23,2
1786248,0,1270,0,40,3,1,2,1,5,63,2
1786492,0,1270,0,40,2,1,2,1,5,79,2
1786592,0,1270,0,40,3,1,2,1,5,46,2
1786664,0,1270,0,40,2,1,2,1,5,55,2
1787019,0,1270,0,40,2,1,2,1,5,55,2
1787071,0,1270,0,40,3,1,2,1,5,44,2
1787093,0,1270,0,40,2,1,2,1,5,42,2
1787271,0,1270,0,40,3,1,2,1,5,32,2
1787413,0,1270,0,40,2,1,2,1,5,31,2
1787451,0,1270,0,40,2,1,2,1,5,50,2
1760603,0,1270,0,40,2,7,2,1,23,46,2
1770714,0,1270,0,40,2,4,2,1,17,57,2
1780191,0,1270,0,40,2,2,2,1,9,59,2
1748229,0,1270,0,40,3,11,2,1,46,73,2
1779289,0,1270,0,40,3,3,2,1,8,18,2
1760590,0,1270,0,40,2,7,2,1,35,29,2
1764112,0,1270,0,40,3,2,2,1,43,48,2
1737673,0,1270,0,40,3,9,2,1,67,60,2
1758827,0,1270,0,40,2,7,2,1,38,19,2
1766960,0,1270,0,40,2,6,2,1,24,47,2
1749939,0,1270,0,40,2,7,2,1,60,18,2
1763061,0,1270,0,40,2,6,2,1,25,25,2
1768389,0,1270,0,40,2,6,2,1,25,78,2
1745587,0,1270,0,40,3,8,2,1,88,36,2
1743619,0,1270,0,40,2,10,2,1,86,49,2
1776683,0,1270,0,40,2,3,2,1,16,41,2
1781148,0,1270,0,40,2,2,2,1,9,59,2
1780660,0,1270,0,40,3,2,2,1,8,29,2
1753013,0,1270,0,40,2,8,2,1,39,52,2
1747148,0,1270,0,40,3,13,2,1,54,61,2
1783845,0,1270,0,40,2,2,2,1,6,44,2
1730069,0,1270,0,40,3,9,2,1,89,50,2
1733481,0,1270,0,40,2,13,2,1,90,26,2
1753188,0,1270,0,40,3,6,2,1,51,30,2
1762324,0,1270,0,40,2,7,2,1,28,38,2
1751768,0,1270,0,40,2,7,2,1,42,21,2
1782509,0,1270,0,40,2,2,2,1,8,48,2
1783863,0,1270,0,40,3,2,2,1,7,54,2
1756461,0,1270,0,40,3,6,2,1,49,46,2
1784353,0,1270,0,40,2,2,2,1,6,61,2
1769458,0,1270,0,40,2,4,2,1,17,88,2
1753029,0,1270,0,40,3,10,2,1,42,72,2
1778015,0,1270,0,40,3,3,2,1,12,20,2
1765102,0,1270,0,40,2,6,2,1,23,40,2
1754211,0,1270,0,40,2,8,2,1,38,47,2
1759697,0,1270,0,40,2,6,2,1,36,37,2
1744390,0,1270,0,40,3,7,2,1,43,61,2
1745960,0,1270,0,40,2,5,2,1,35,25,2
1746580,0,1270,0,40,3,10,2,1,52,41,2
1784347,0,1270,0,40,3,2,2,1,7,45,2
1739747,0,1270,0,40,3,9,2,1,64,32,2
1654292,1,1270,928,31.2675,2,26,2,1,175,48,2
1782051,0,1270,0,40,2,2,2,1,11,15,2
1783733,0,1270,0,40,3,2,2,1,9,32,2
1747252,0,1270,0,40,2,10,2,1,65,28,2
1739030,0,1270,0,40,3,6,2,1,20,19,2
1774138,0,1270,0,40,2,5,2,1,16,69,2
1776036,0,1270,0,40,2,4,2,1,15,42,2
1774552,0,1270,0,40,3,4,2,1,19,35,2
1755060,0,1270,0,40,2,5,2,1,54,59,2
1763195,0,1270,0,40,3,7,2,1,25,92,2
1784170,0,1270,0,40,3,2,2,1,6,61,2
1760694,0,1270,0,40,3,8,2,1,23,70,2
1784812,0,1270,0,40,2,1,2,1,4,16,2
1785840,0,1270,0,40,3,1,2,1,4,32,2
1786494,0,1270,0,40,2,1,2,1,4,23,2
1786798,0,1270,0,40,2,1,2,1,4,32,2
1786956,0,1270,0,40,2,1,2,1,4,45,2
1787092,0,1270,0,40,2,1,2,1,4,13,2
1787495,0,1270,0,40,2,1,2,1,4,58,2
1787563,0,1270,0,40,2,1,2,1,4,40,2
1787703,0,1270,0,40,3,1,2,1,4,23,2
1787881,0,1270,0,40,3,1,2,1,4,41,2
1787953,0,1270,0,40,3,1,2,1,4,56,2
1787977,0,1270,0,40,2,1,2,1,4,40,2
1768658,0,1270,0,40,3,4,2,1,19,59,2
1749501,0,1270,0,40,3,9,2,1,48,15,2
1777517,0,1270,0,40,2,2,2,1,13,33,2
1774614,0,1270,0,40,2,4,2,1,10,37,2
1770997,0,1270,0,40,3,4,2,1,15,47,2
1760906,0,1270,0,40,2,4,2,1,40,30,2
1780760,0,1270,0,40,2,2,2,1,6,45,2
1779722,0,1270,0,40,3,2,2,1,8,25,2
1771562,0,1270,0,40,3,5,2,1,19,35,2
1744653,0,1270,0,40,2,4,2,1,29,33,2
1779487,0,1270,0,40,3,3,2,1,12,65,2
1775906,0,1270,0,40,3,3,2,1,17,33,2
1777686,0,1270,0,40,2,3,2,1,8,22,2
1780041,0,1270,0,40,3,3,2,1,8,11,2
1731396,0,1270,0,40,3,13,2,1,70,13,2
1775828,0,1270,0,40,3,2,2,1,20,48,2
1750297,0,1270,0,40,2,7,2,1,67,29,2
1782862,0,1270,0,40,3,2,2,1,8,40,2
1762808,0,1270,0,40,3,6,2,1,28,45,2
1747608,0,1270,0,40,2,12,2,1,59,34,2
1782122,0,1270,0,40,3,3,2,1,7,19,2
1766476,0,1270,0,40,2,7,2,1,20,39,2
1784508,0,1270,0,40,3,2,2,1,4,54,2
1754519,0,1270,0,40,3,8,2,1,47,19,2
1738888,0,1270,0,40,3,5,2,1,57,53,2
1694390,0,1270,0,40,3,21,2,1,123,87,2
1782957,0,1270,0,40,3,2,2,1,6,29,2
1762401,0,1270,0,40,2,5,2,1,38,34,2
1758351,0,1270,0,40,3,7,2,1,39,35,2
1742667,0,1270,0,40,3,10,2,1,57,72,2
1747766,0,1270,0,40,3,11,2,1,50,21,2
1783554,0,1270,0,40,2,2,2,1,7,32,2
1761321,0,1270,0,40,3,5,2,1,43,53,2
1781799,0,1270,0,40,3,3,2,1,7,52,2
1785074,0,1270,0,40,2,2,2,1,5,50,2
1779038,0,1270,0,40,2,3,2,1,8,23,2
1740524,0,1270,0,40,3,7,2,1,50,42,2
1736378,0,1270,0,40,2,6,2,1,22,56,2
1756050,0,1270,0,40,2,6,2,1,43,63,2
1775589,0,1270,0,40,3,4,2,1,13,29,2
1777307,0,1270,0,40,3,4,2,1,13,33,2
1771819,0,1270,0,40,2,4,2,1,23,24,2
1785328,0,1270,0,40,3,2,2,1,5,46,2
1776521,0,1270,0,40,3,4,2,1,9,48,2
1784740,0,1270,0,40,2,2,2,1,4,38,2
1775081,0,1270,0,40,2,2,2,1,25,41,2
1760645,0,1270,0,40,3,5,2,1,45,51,2
1749666,1,1270,1266,30.2543,2,11,2,1,46,16,2
1783571,0,1270,0,40,2,3,2,1,8,26,2
1786877,0,1270,0,40,2,2,2,1,5,40,2
1759104,0,1270,0,40,2,6,2,1,39,19,2
1759376,0,1270,0,40,3,8,2,1,31,62,2
1782303,0,1270,0,40,3,2,2,1,11,49,2
1786458,0,1270,0,40,2,1,2,1,3,66,2
1787118,0,1270,0,40,2,1,2,1,3,46,2
1787554,0,1270,0,40,3,1,2,1,3,33,2
1787718,0,1270,0,40,3,1,2,1,3,50,2
1788058,0,1270,0,40,2,1,2,1,3,47,2
1788284,0,1270,0,40,2,1,2,1,3,19,2
1788356,0,1270,0,40,2,1,2,1,3,75,2
1788460,0,1270,0,40,2,1,2,1,3,70,2
1788496,0,1270,0,40,2,1,2,1,3,52,2
1788618,0,1270,0,40,3,1,2,1,3,70,2
1767622,0,1270,0,40,3,3,2,1,35,40,2
1765171,0,1270,0,40,2,4,2,1,39,68,2
1744609,0,1270,0,40,3,12,2,1,64,63,2
1758228,0,1270,0,40,2,5,2,1,37,28,2
1760360,0,1270,0,40,2,6,2,1,39,75,2
1764701,0,1270,0,40,3,3,2,1,38,88,2
1775869,0,1270,0,40,2,1,2,1,25,51,2
1742396,0,1270,0,40,3,2,2,1,34,34,2
1766717,0,1270,0,40,3,2,2,1,36,11,2
1765952,0,1270,0,40,3,3,2,1,35,33,2
1761997,0,1270,0,40,2,3,2,1,43,73,2
1766326,0,1270,0,40,3,4,2,1,30,51,2
1776257,0,1270,0,40,2,2,2,1,23,39,2
1763461,0,1270,0,40,3,4,2,1,39,37,2
1745631,0,1270,0,40,2,7,2,1,39,41,2
1749380,0,1270,0,40,3,9,2,1,53,62,2
1761340,0,1270,0,40,3,5,2,1,36,49,2
1769505,0,1270,0,40,3,3,2,1,33,45,2
1742964,0,1270,0,40,3,8,2,1,46,18,2
1758929,0,1270,0,40,2,4,2,1,49,43,2
1756717,0,1270,0,40,3,7,2,1,40,35,2
1780629,0,1270,0,40,3,1,2,1,17,56,2
1741830,0,1270,0,40,2,6,2,1,50,24,2
1753654,0,1270,0,40,2,8,2,1,49,18,2
1752608,0,1270,0,40,3,6,2,1,57,17,2
1779618,0,1270,0,40,2,1,2,1,16,32,2
1775901,0,1270,0,40,3,2,2,1,17,61,2
1726672,0,1270,0,40,2,14,2,1,72,65,2
1753793,0,1270,0,40,3,6,2,1,40,59,2
1767941,1,1270,1267,35.7535,2,3,2,1,29,48,2
1782006,0,1270,0,40,2,1,2,1,15,90,2
1775228,0,1270,0,40,2,2,2,1,18,33,2
1760469,0,1270,0,40,3,5,2,1,39,41,2
1745996,0,1270,0,40,3,10,2,1,64,36,2
1749320,0,1270,0,40,3,8,2,1,57,30,2
1775168,0,1270,0,40,2,3,2,1,19,40,2
1778907,0,1270,0,40,3,2,2,1,17,29,2
1752131,0,1270,0,40,3,6,2,1,63,40,2
1782706,0,1270,0,40,3,1,2,1,14,76,2
1775138,0,1270,0,40,2,2,2,1,22,51,2
1758552,0,1270,0,40,3,7,2,1,37,87,2
1759354,0,1270,0,40,3,5,2,1,33,9,2
1747138,0,1270,0,40,3,12,2,1,65,38,2
1780205,0,1270,0,40,2,2,2,1,15,39,2
1770216,0,1270,0,40,3,3,2,1,32,32,2
1742471,0,1270,0,40,2,7,2,1,47,16,2
1767050,0,1270,0,40,2,4,2,1,29,12,2
1780588,0,1270,0,40,2,1,2,1,13,21,2
1782705,0,1270,0,40,2,1,2,1,13,52,2
1782889,0,1270,0,40,2,1,2,1,13,22,2
1760716,0,1270,0,40,3,5,2,1,38,32,2
1767523,0,1270,0,40,2,4,2,1,30,53,2
1761639,0,1270,0,40,2,3,2,1,46,32,2
1765605,0,1270,0,40,3,5,2,1,27,26,2
1764682,0,1270,0,40,2,4,2,1,37,24,2
1774453,1,1270,1250,17.1735,3,4,2,1,20,55,2
1748780,0,1270,0,40,2,12,2,1,51,52,2
1777662,0,1270,0,40,3,3,2,1,17,26,2
1782185,0,1270,0,40,3,1,2,1,12,66,2
1782931,0,1270,0,40,2,1,2,1,12,96,2
1783331,0,1270,0,40,3,1,2,1,12,12,2
1783775,0,1270,0,40,3,1,2,1,12,77,2
1743152,0,1270,0,40,2,7,2,1,43,62,2
1767217,0,1270,0,40,2,4,2,1,28,47,2
1770153,0,1270,0,40,3,4,2,1,24,104,2
1743926,0,1270,0,40,3,5,2,1,37,43,2
1779873,0,1270,0,40,3,2,2,1,15,24,2
1693961,0,1270,0,40,2,19,2,1,132,29,2
1755474,0,1270,0,40,2,10,2,1,41,65,2
1777291,0,1270,0,40,2,2,2,1,21,26,2
1775037,0,1270,0,40,2,4,2,1,14,26,2
1783077,0,1270,0,40,2,1,2,1,11,35,2
1783269,0,1270,0,40,2,1,2,1,11,32,2
1783946,0,1270,0,40,3,1,2,1,11,70,2
1784303,0,1270,0,40,3,1,2,1,11,33,2
1784499,0,1270,0,40,3,1,2,1,11,47,2
1745351,0,1270,0,40,2,6,2,1,36,27,2
1780143,0,1270,0,40,3,2,2,1,11,38,2
1761398,0,1270,0,40,3,6,2,1,29,47,2
1760284,0,1270,0,40,3,4,2,1,47,34,2
1753694,0,1270,0,40,3,6,2,1,57,31,2
1760019,0,1270,0,40,2,6,2,1,35,77,2
1777551,0,1270,0,40,2,3,2,1,17,43,2
1743752,0,1270,0,40,3,6,2,1,37,66,2
1770355,0,1270,0,40,2,5,2,1,24,24,2
1752732,0,1270,0,40,2,9,2,1,43,41,2
1782720,0,1270,0,40,3,2,2,1,12,42,2
1756495,0,1270,0,40,3,5,2,1,55,73,2
1783193,0,1270,0,40,2,1,2,1,10,41,2
1784272,0,1270,0,40,3,1,2,1,10,25,2
1785005,0,1270,0,40,3,1,2,1,10,34,2
1773827,0,1270,0,40,3,3,2,1,18,58,2
1770880,0,1270,0,40,3,3,2,1,21,30,2
1750009,0,1270,0,40,3,6,2,1,68,65,2
1777939,0,1270,0,40,3,2,2,1,14,146,2
1775748,0,1270,0,40,2,2,2,1,21,33,2
1762055,0,1270,0,40,2,8,2,1,31,45,2
1769865,0,1270,0,40,3,5,2,1,19,48,2
1771292,0,1270,0,40,2,3,2,1,23,60,2
1778547,0,1270,0,40,2,2,2,1,16,25,2
1745855,0,1270,0,40,2,8,2,1,64,41,2
1779505,0,1270,0,40,2,2,2,1,17,59,2
1778313,0,1270,0,40,3,3,2,1,15,50,2
1757177,0,1270,0,40,2,7,2,1,35,44,2
1766498,0,1270,0,40,2,6,2,1,27,62,2
1779271,0,1270,0,40,3,2,2,1,18,80,2
1778281,0,1270,0,40,3,3,2,1,12,75,2
1760270,0,1270,0,40,2,4,2,1,48,37,2
1772292,0,1270,0,40,2,6,2,1,18,22,2
1784286,1,1270,1267,33.1611,3,1,2,1,9,43,2
1785066,0,1270,0,40,2,1,2,1,9,49,2
1785218,0,1270,0,40,2,1,2,1,9,50,2
1785575,0,1270,0,40,3,1,2,1,9,36,2
1764873,0,1270,0,40,3,5,2,1,30,26,2
1763329,0,1270,0,40,2,5,2,1,23,18,2
1770270,0,1270,0,40,2,3,2,1,25,34,2
1781050,0,1270,0,40,2,2,2,1,9,32,2
1777167,0,1270,0,40,3,3,2,1,16,52,2
1747783,0,1270,0,40,2,9,2,1,63,43,2
1773949,0,1270,0,40,3,3,2,1,17,78,2
1738833,0,1270,0,40,3,10,2,1,56,40,2
1780815,0,1270,0,40,2,2,2,1,12,27,2
1780586,0,1270,0,40,3,2,2,1,11,17,2
1781198,0,1270,0,40,2,2,2,1,9,22,2
1778368,0,1270,0,40,3,3,2,1,13,25,2
1780898,0,1270,0,40,2,2,2,1,12,54,2
1766943,0,1270,0,40,3,5,2,1,24,19,2
1774384,0,1270,0,40,3,5,2,1,13,48,2
1768591,0,1270,0,40,2,3,2,1,34,28,2
1762876,0,1270,0,40,3,5,2,1,35,120,2
1743505,0,1270,0,40,3,6,2,1,50,39,2
1739872,0,1270,0,40,3,8,2,1,43,43,2
1753332,0,1270,0,40,2,7,2,1,52,35,2
1757761,0,1270,0,40,2,5,2,1,51,51,2
1779148,0,1270,0,40,3,2,2,1,16,59,2
1769730,0,1270,0,40,2,5,2,1,22,85,2
1761153,0,1270,0,40,2,7,2,1,32,52,2
1783631,0,1270,0,40,3,3,2,1,10,56,2
1781671,0,1270,0,40,3,3,2,1,14,39,2
1780342,0,1270,0,40,3,3,2,1,12,68,2
1784442,0,1270,0,40,2,1,2,1,8,34,2
1784912,0,1270,0,40,2,1,2,1,8,56,2
1785176,0,1270,0,40,2,1,2,1,8,42,2
1785476,0,1270,0,40,2,1,2,1,8,25,2
1786015,0,1270,0,40,2,1,2,1,8,30,2
1786115,0,1270,0,40,3,1,2,1,8,58,2
1786259,0,1270,0,40,3,1,2,1,8,27,2
1757600,0,1270,0,40,2,5,2,1,43,51,2
1773429,0,1270,0,40,3,4,2,1,13,25,2
1763538,0,1270,0,40,3,3,2,1,40,56,2
1769457,0,1270,0,40,3,4,2,1,21,19,2
1742504,0,1270,0,40,2,8,2,1,32,46,2
1763584,0,1270,0,40,3,4,2,1,29,9,2
1778699,0,1270,0,40,3,2,2,1,14,32,2
1768853,0,1270,0,40,2,4,2,1,25,43,2
1757380,0,1270,0,40,3,6,2,1,38,26,2
1761569,0,1270,0,40,3,5,2,1,31,34,2
1755805,0,1270,0,40,2,8,2,1,39,22,2
1740737,0,1270,0,40,2,7,2,1,25,25,2
1762889,0,1270,0,40,3,7,2,1,31,39,2
1745586,0,1270,0,40,3,9,2,1,81,25,2
1780206,0,1270,0,40,2,2,2,1,12,31,2
1778233,0,1270,0,40,3,3,2,1,13,30,2
1720355,0,1270,0,40,2,11,2,1,61,45,2
1768993,0,1270,0,40,2,4,2,1,34,26,2
1753926,0,1270,0,40,2,7,2,1,42,67,2
1763938,0,1270,0,40,2,5,2,1,36,27,2
1769129,0,1270,0,40,3,5,2,1,24,63,2
1740056,0,1270,0,40,3,6,2,1,34,50,2
1783161,0,1270,0,40,3,2,2,1,8,21,2
1754597,0,1270,0,40,2,6,2,1,49,34,2
1766175,0,1270,0,40,2,6,2,1,18,15,2
1785526,0,1270,0,40,3,1,2,1,7,113,2
1785862,0,1270,0,40,2,1,2,1,7,17,2
1786006,0,1270,0,40,3,1,2,1,7,78,2
1786403,0,1270,0,40,3,1,2,1,7,39,2
1786467,0,1270,0,40,3,1,2,1,7,14,2
1786885,0,1270,0,40,2,1,2,1,7,58,2
1773549,0,1270,0,40,3,2,2,1,16,43,2
1754847,0,1270,0,40,2,7,2,1,42,22,2
1770722,0,1270,0,40,2,4,2,1,18,53,2
1780648,1,1270,1255,15.7921,3,2,2,1,7,49,2
1778244,0,1270,0,40,3,2,2,1,15,60,2
1744887,0,1270,0,40,2,11,2,1,70,17,2
1751207,0,1270,0,40,3,6,2,1,58,31,2
1766641,0,1270,0,40,3,5,2,1,24,60,2
1746136,0,1270,0,40,3,10,2,1,68,53,2
1783112,0,1270,0,40,3,2,2,1,7,63,2
1754257,0,1270,0,40,2,7,2,1,53,47,2
1758604,0,1270,0,40,2,7,2,1,33,37,2
1780593,0,1270,0,40,3,2,2,1,12,46,2
1750980,0,1270,0,40,3,6,2,1,57,50,2
1781592,0,1270,0,40,2,2,2,1,10,35,2
1732565,0,1270,0,40,3,12,2,1,74,48,2
1759129,0,1270,0,40,3,8,2,1,31,69,2
1755166,0,1270,0,40,2,5,2,1,60,58,2
1764622,0,1270,0,40,3,5,2,1,34,40,2
1754773,0,1270,0,40,3,10,2,1,34,36,2
1769088,0,1270,0,40,2,4,2,1,32,34,2
1777095,0,1270,0,40,2,3,2,1,19,63,2
1781868,0,1270,0,40,2,2,2,1,12,56,2
1767305,0,1270,0,40,3,5,2,1,25,22,2
1759181,0,1270,0,40,2,8,2,1,35,60,2
1751395,0,1270,0,40,3,9,2,1,50,41,2
1776248,0,1270,0,40,2,3,2,1,16,39,2
1764105,0,1270,0,40,2,5,2,1,34,23,2
1776464,0,1270,0,40,3,4,2,1,13,23,2
1754017,0,1270,0,40,2,8,2,1,48,53,2
1756594,0,1270,0,40,2,6,2,1,39,29,2
1785667,0,1270,0,40,3,2,2,1,7,23,2
1741474,0,1270,0,40,3,4,2,1,38,20,2
1781370,0,1270,0,40,3,2,2,1,12,34,2
1785084,0,1270,0,40,3,1,2,1,6,60,2
1786420,0,1270,0,40,2,1,2,1,6,43,2
1786884,0,1270,0,40,2,1,2,1,6,59,2
1786963,0,1270,0,40,3,1,2,1,6,46,2
1787079,0,1270,0,40,2,1,2,1,6,73,2
1787153,0,1270,0,40,3,1,2,1,6,78,2
1787277,0,1270,0,40,2,1,2,1,6,8,2
1760336,0,1270,0,40,2,5,2,1,32,70,2
1739514,0,1270,0,40,3,9,2,1,34,25,2
1739250,0,1270,0,40,3,6,2,1,50,63,2
1774004,0,1270,0,40,3,3,2,1,15,31,2
1781081,0,1270,0,40,3,2,2,1,9,14,2
1768680,0,1270,0,40,3,4,2,1,25,57,2
1756103,0,1270,0,40,2,7,2,1,46,37,2
1766861,0,1270,0,40,2,4,2,1,26,17,2
1738301,0,1270,0,40,2,9,2,1,70,24,2
1772181,0,1270,0,40,2,4,2,1,18,27,2
1762176,0,1270,0,40,3,5,2,1,34,63,2
1763989,0,1270,0,40,3,5,2,1,32,36,2
1752765,0,1270,0,40,2,9,2,1,52,23,2
1773804,0,1270,0,40,3,2,2,1,26,33,2
1778493,0,1270,0,40,3,2,2,1,13,48,2
1762079,0,1270,0,40,3,7,2,1,27,33,2
1745256,0,1270,0,40,3,9,2,1,38,32,2
1761404,0,1270,0,40,3,6,2,1,31,35,2
1774081,0,1270,0,40,2,3,2,1,21,43,2
1726806,0,1270,0,40,3,10,2,1,68,37,2
1768804,0,1270,0,40,3,5,2,1,29,45,2
1783373,0,1270,0,40,3,2,2,1,8,35,2
1771420,0,1270,0,40,3,4,2,1,23,90,2
1781562,0,1270,0,40,2,2,2,1,11,72,2
1768885,0,1270,0,40,2,6,2,1,28,69,2
1772176,0,1270,0,40,3,6,2,1,14,13,2
1784330,0,1270,0,40,3,2,2,1,6,40,2
1783040,0,1270,0,40,2,2,2,1,12,35,2
1779561,0,1270,0,40,2,4,2,1,10,40,2
1786276,0,1270,0,40,2,1,2,1,5,22,2
1786846,0,1270,0,40,3,1,2,1,5,30,2
1786960,0,1270,0,40,2,1,2,1,5,34,2
1787124,0,1270,0,40,3,1,2,1,5,67,2
1787252,0,1270,0,40,3,1,2,1,5,18,2
1787517,0,1270,0,40,2,1,2,1,5,84,2
1787557,0,1270,0,40,2,1,2,1,5,49,2
1787685,0,1270,0,40,3,1,2,1,5,42,2
1787745,0,1270,0,40,2,1,2,1,5,80,2
1787913,0,1270,0,40,2,1,2,1,5,28,2
1768279,0,1270,0,40,2,3,2,1,17,55,2
1745874,0,1270,0,40,2,7,2,1,50,63,2
1748916,0,1270,0,40,3,8,2,1,59,78,2
1747389,1,1270,1267,23.9083,3,8,2,1,58,114,2
1755693,0,1270,0,40,3,6,2,1,53,29,2
1777235,0,1270,0,40,3,3,2,1,14,12,2
1755154,0,1270,0,40,3,7,2,1,47,34,2
1776276,0,1270,0,40,3,4,2,1,12,54,2
1760294,0,1270,0,40,2,6,2,1,35,43,2
1777494,0,1270,0,40,2,3,2,1,9,58,2
1777907,0,1270,0,40,3,3,2,1,10,55,2
1783855,0,1270,0,40,3,2,2,1,6,54,2
1771139,0,1270,0,40,2,5,2,1,18,38,2
1767366,0,1270,0,40,3,3,2,1,33,45,2
1773910,0,1270,0,40,3,3,2,1,21,33,2
1744421,0,1270,0,40,3,7,2,1,34,46,2
1778579,0,1270,0,40,2,4,2,1,8,63,2
1780806,0,1270,0,40,3,3,2,1,10,24,2
1775317,0,1270,0,40,2,2,2,1,23,48,2
1741134,0,1270,0,40,2,10,2,1,60,47,2
1775272,0,1270,0,40,2,4,2,1,17,25,2
1776801,0,1270,0,40,3,3,2,1,12,56,2
1784801,0,1270,0,40,3,2,2,1,6,44,2
1759338,0,1270,0,40,2,5,2,1,45,31,2
1776993,0,1270,0,40,2,2,2,1,17,43,2
1781684,0,1270,0,40,2,2,2,1,12,42,2
1779877,0,1270,0,40,2,3,2,1,9,40,2
1783069,0,1270,0,40,3,2,2,1,8,42,2
1750169,0,1270,0,40,2,10,2,1,44,13,2
1779711,0,1270,0,40,3,4,2,1,9,37,2
1772767,0,1270,0,40,3,3,2,1,23,41,2
1748506,0,1270,0,40,3,10,2,1,61,34,2
1779963,0,1270,0,40,3,3,2,1,15,58,2
1769076,0,1270,0,40,2,6,2,1,25,21,2
1769107,0,1270,0,40,2,5,2,1,20,19,2
1763659,0,1270,0,40,3,9,2,1,24,25,2
1786899,0,1270,0,40,3,2,2,1,5,44,2
1747675,0,1270,0,40,2,8,2,1,60,51,2
1784311,0,1270,0,40,3,2,2,1,10,35,2
1744425,0,1270,0,40,3,15,2,1,59,35,2
1771249,0,1270,0,40,2,4,2,1,18,39,2
1787261,0,1270,0,40,2,2,2,1,5,39,2
1785634,0,1270,0,40,3,1,2,1,4,71,2
1786506,0,1270,0,40,2,1,2,1,4,37,2
1786802,0,1270,0,40,3,1,2,1,4,30,2
1787166,0,1270,0,40,3,1,2,1,4,37,2
1787310,0,1270,0,40,3,1,2,1,4,41,2
1787570,0,1270,0,40,2,1,2,1,4,41,2
1787662,0,1270,0,40,2,1,2,1,4,21,2
1787766,0,1270,0,40,3,1,2,1,4,62,2
1787862,0,1270,0,40,3,1,2,1,4,23,2
1788090,2,1270,0,40,3,1,2,1,4,50,2
1788130,0,1270,0,40,2,1,2,1,4,29,2
1788330,0,1270,0,40,2,1,2,1,4,49,2
1788366,0,1270,0,40,3,1,2,1,4,69,2
1788482,0,1270,0,40,3,1,2,1,4,38,2
1788518,0,1270,0,40,2,1,2,1,4,38,2
1788624,0,1270,0,40,2,1,2,1,4,26,2
1788680,0,1270,0,40,2,1,2,1,4,11,2
1748930,0,1270,0,40,3,10,2,1,38,35,2
1742256,0,1270,0,40,3,10,2,1,38,16,2
1762413,0,1270,0,40,3,5,2,1,26,69,2
1743401,0,1270,0,40,3,6,2,1,51,86,2
1762374,0,1270,0,40,3,4,2,1,37,68,2
1780054,0,1270,0,40,2,2,2,1,9,46,2
1768614,0,1270,0,40,2,5,2,1,20,18,2
1760433,0,1270,0,40,2,7,2,1,33,29,2
1763299,0,1270,0,40,3,7,2,1,23,72,2
1761811,0,1270,0,40,3,7,2,1,27,66,2
1752288,0,1270,0,40,3,6,2,1,58,20,2
1753031,0,1270,0,40,3,8,2,1,58,66,2
1781723,0,1270,0,40,3,2,2,1,7,53,2
1782845,0,1270,0,40,3,2,2,1,6,25,2
1739429,0,1270,0,40,2,6,2,1,27,51,2
1750627,0,1270,0,40,2,8,2,1,56,45,2
1781039,0,1270,0,40,3,2,2,1,11,53,2
1778714,0,1270,0,40,3,3,2,1,12,39,2
1780735,0,1270,0,40,3,3,2,1,7,46,2
1767789,0,1270,0,40,2,4,2,1,21,36,2
1749226,0,1270,0,40,3,12,2,1,51,45,2
1775271,0,1270,0,40,3,4,2,1,7,59,2
1745079,0,1270,0,40,3,13,2,1,59,85,2
1769715,0,1270,0,40,2,4,2,1,24,18,2
1764125,0,1270,0,40,3,5,2,1,34,52,2
1779654,0,1270,0,40,3,2,2,1,12,19,2
1776014,0,1270,0,40,3,3,2,1,18,25,2
1782163,0,1270,0,40,2,2,2,1,9,38,2
1753581,0,1270,0,40,3,8,2,1,50,68,2
1774625,0,1270,0,40,3,4,2,1,11,46,2
1785109,0,1270,0,40,3,2,2,1,5,21,2
1761234,0,1270,0,40,3,6,2,1,31,52,2
1767453,0,1270,0,40,3,5,2,1,31,70,2
1772073,0,1270,0,40,3,3,2,1,23,65,2
1760013,0,1270,0,40,2,5,2,1,39,51,2
1763988,0,1270,0,40,3,5,2,1,28,30,2
1753647,0,1270,0,40,3,9,2,1,51,43,2
1776761,0,1270,0,40,2,3,2,1,11,32,2
1776890,0,1270,0,40,2,4,2,1,17,71,2
1771963,0,1270,0,40,3,5,2,1,15,27,2
1779178,0,1270,0,40,2,3,2,1,10,94,2
1772495,0,1270,0,40,3,4,2,1,20,39,2
1780237,0,1270,0,40,3,3,2,1,6,68,2
1746992,0,1270,0,40,2,13,2,1,54,46,2
1770579,0,1270,0,40,2,4,2,1,25,82,2
1785817,0,1270,0,40,2,2,2,1,4,31,2
1756167,0,1270,0,40,2,8,2,1,43,32,2
1744608,0,1270,0,40,2,10,2,1,76,24,2
1749490,0,1270,0,40,2,10,2,1,52,68,2
1745760,0,1270,0,40,2,9,2,1,45,64,2
1782824,0,1270,0,40,2,2,2,1,11,29,2
1742324,0,1270,0,40,3,5,2,1,32,36,2
1784513,0,1270,0,40,2,2,2,1,8,44,2
1758641,0,1270,0,40,3,8,2,1,39,44,2
1758917,0,1270,0,40,2,8,2,1,32,25,2
1738483,0,1270,0,40,2,5,2,1,47,14,2
1779283,0,1270,0,40,3,3,2,1,10,50,2
1780469,0,1270,0,40,2,3,2,1,11,24,2
1767787,0,1270,0,40,3,6,2,1,27,21,2
1748393,0,1270,0,40,3,9,2,1,64,17,2
1762187,0,1270,0,40,2,7,2,1,36,63,2
1769048,0,1270,0,40,3,6,2,1,23,46,2
1783338,0,1270,0,40,2,2,2,1,11,23,2
1745398,0,1270,0,40,3,7,2,1,57,52,2
1754249,0,1270,0,40,2,9,2,1,41,42,2
1784650,0,1270,0,40,3,2,2,1,7,8,2
1781316,0,1270,0,40,3,3,2,1,8,62,2
1786049,0,1270,0,40,2,2,2,1,6,140,2
1786701,0,1270,0,40,2,2,2,1,5,46,2
1744744,0,1270,0,40,3,12,2,1,72,63,2
1786488,0,1270,0,40,3,2,2,1,4,43,2
1742041,0,1270,0,40,2,11,2,1,57,41,2
1755244,0,1270,0,40,2,9,2,1,41,25,2
1782763,0,1270,0,40,3,3,2,1,7,78,2
1746218,0,1270,0,40,3,10,2,1,77,62,2
1775621,0,1270,0,40,2,4,2,1,15,84,2
1786212,0,1270,0,40,2,1,2,1,3,69,2
1787074,1,1270,1267,32.5132,3,1,2,1,3,42,2
1787532,0,1270,0,40,3,1,2,1,3,57,2
1787684,0,1270,0,40,2,1,2,1,3,25,2
1787972,0,1270,0,40,2,1,2,1,3,35,2
1788064,0,1270,0,40,3,1,2,1,3,43,2
1788151,0,1270,0,40,3,1,2,1,3,58,2
1788199,0,1270,0,40,3,1,2,1,3,48,2
1788295,0,1270,0,40,2,1,2,1,3,41,2
1788571,0,1270,0,40,2,1,2,1,3,56,2
1788607,0,1270,0,40,2,1,2,1,3,66,2
1788623,0,1270,0,40,2,1,2,1,3,30,2
1788738,0,1270,0,40,2,1,2,1,3,68,2
1788850,0,1270,0,40,2,1,2,1,3,42,2
1788910,0,1270,0,40,2,1,2,1,3,32,2
1788954,0,1270,0,40,3,1,2,1,3,55,2
1789092,0,1270,0,40,3,1,2,1,3,40,2
1789168,0,1270,0,40,3,1,2,1,3,38,2
1789200,0,1270,0,40,3,1,2,1,3,18,2
1789280,0,1270,0,40,2,1,2,1,3,37,2
1764844,0,1270,0,40,2,2,2,1,43,50,2
1772092,0,1270,0,40,2,1,2,1,35,89,2
1737740,0,1270,0,40,3,5,2,1,58,52,2
1768709,0,1270,0,40,3,3,2,1,36,42,2
1774359,0,1270,0,40,2,1,2,1,25,48,2
1765430,0,1270,0,40,3,3,2,1,39,14,2
1746151,0,1270,0,40,3,10,2,1,79,83,2
1753725,0,1270,0,40,2,7,2,1,44,37,2
1759997,0,1270,0,40,3,5,2,1,48,88,2
1745352,0,1270,0,40,3,9,2,1,48,28,2
1744812,0,1270,0,40,2,12,2,1,81,40,2
1767536,0,1270,0,40,3,3,2,1,33,69,2
1758627,0,1270,0,40,3,6,2,1,44,36,2
1779085,0,1270,0,40,2,1,2,1,21,72,2
1779134,0,1270,0,40,3,1,2,1,20,15,2
1758817,0,1270,0,40,3,5,2,1,39,51,2
1740097,0,1270,0,40,2,8,2,1,98,67,2
1770664,0,1270,0,40,3,2,2,1,35,47,2
1765405,0,1270,0,40,2,5,2,1,34,51,2
1770718,0,1270,0,40,2,3,2,1,26,36,2
1745861,1,1270,1268,29.6451,3,14,2,1,65,49,2
1780641,0,1270,0,40,2,1,2,1,18,30,2
1781029,0,1270,0,40,2,1,2,1,18,54,2
1777014,0,1270,0,40,2,2,2,1,21,73,2
1780878,0,1270,0,40,3,1,2,1,17,28,2
1773714,0,1270,0,40,2,3,2,1,22,32,2
1767285,0,1270,0,40,3,3,2,1,37,42,2
1764934,0,1270,0,40,3,3,2,1,41,72,2
1781760,0,1270,0,40,2,1,2,1,16,30,2
1772546,0,1270,0,40,3,3,2,1,21,62,2
1764069,0,1270,0,40,2,6,2,1,34,37,2
1747346,0,1270,0,40,2,9,2,1,69,20,2
1779527,0,1270,0,40,2,2,2,1,18,44,2
1781638,0,1270,0,40,2,1,2,1,15,44,2
1782031,0,1270,0,40,2,1,2,1,15,81,2
1782418,0,1270,0,40,3,1,2,1,15,28,2
1768936,0,1270,0,40,2,4,2,1,29,43,2
1743494,0,1270,0,40,2,5,2,1,35,57,2
1758189,0,1270,0,40,2,5,2,1,50,53,2
1766149,0,1270,0,40,2,3,2,1,41,28,2
1782357,0,1270,0,40,2,1,2,1,14,26,2
1746503,0,1270,0,40,3,12,2,1,57,37,2
1758444,0,1270,0,40,2,5,2,1,45,17,2
1756414,0,1270,0,40,3,6,2,1,40,39,2
1766177,0,1270,0,40,3,4,2,1,33,45,2
1756866,0,1270,0,40,2,5,2,1,55,44,2
1669125,0,1270,0,40,2,20,2,1,130,56,2
1783659,0,1270,0,40,2,1,2,1,13,46,2
1769565,0,1270,0,40,3,4,2,1,25,32,2
1773873,0,1270,0,40,2,2,2,1,24,34,2
1777132,0,1270,0,40,3,3,2,1,16,89,2
1754952,0,1270,0,40,3,5,2,1,44,47,2
1775492,0,1270,0,40,3,3,2,1,18,33,2
1784289,0,1270,0,40,3,1,2,1,12,6,2
1784433,0,1270,0,40,2,1,2,1,12,43,2
1748881,0,1270,0,40,2,10,2,1,58,33,2
1746000,0,1270,0,40,3,8,2,1,69,27,2
1774253,0,1270,0,40,2,3,2,1,19,45,2
1772729,0,1270,0,40,2,3,2,1,21,25,2
1780835,0,1270,0,40,2,2,2,1,13,50,2
1774211,0,1270,0,40,2,2,2,1,24,30,2
1747990,0,1270,0,40,3,4,2,1,88,95,2
1772862,0,1270,0,40,3,3,2,1,24,52,2
1741447,0,1270,0,40,3,8,2,1,32,49,2
1763510,0,1270,0,40,3,6,2,1,33,36,2
1779795,0,1270,0,40,2,3,2,1,15,18,2
1785221,0,1270,0,40,2,1,2,1,11,26,2
1775835,0,1270,0,40,3,2,2,1,16,41,2
1739687,0,1270,0,40,2,7,2,1,58,44,2
1749694,0,1270,0,40,2,9,2,1,53,37,2
1776837,0,1270,0,40,2,3,2,1,13,25,2
1764117,0,1270,0,40,2,6,2,1,29,59,2
1782252,0,1270,0,40,2,2,2,1,12,35,2
1763247,0,1270,0,40,3,5,2,1,34,75,2
1772240,0,1270,0,40,2,3,2,1,26,42,2
1776010,0,1270,0,40,2,2,2,1,25,42,2
1766319,0,1270,0,40,3,4,2,1,38,41,2
1754914,0,1270,0,40,3,8,2,1,47,14,2
1784642,0,1270,0,40,2,1,2,1,10,84,2
1785249,0,1270,0,40,2,1,2,1,10,29,2
1785535,0,1270,0,40,2,1,2,1,10,30,2
1745013,0,1270,0,40,2,11,2,1,74,68,2
1757199,0,1270,0,40,2,6,2,1,43,41,2
1759672,0,1270,0,40,3,7,2,1,40,51,2
1754986,0,1270,0,40,2,8,2,1,39,13,2
1780945,0,1270,0,40,3,2,2,1,12,58,2
1772956,0,1270,0,40,3,3,2,1,21,42,2
1753379,0,1270,0,40,2,6,2,1,54,66,2
1770804,0,1270,0,40,2,4,2,1,20,37,2
1778792,0,1270,0,40,2,3,2,1,17,30,2
1744598,0,1270,0,40,3,10,2,1,89,26,2
1745468,0,1270,0,40,2,10,2,1,73,44,2
1762425,0,1270,0,40,3,6,2,1,32,36,2
1779605,0,1270,0,40,2,2,2,1,18,22,2
1739689,0,1270,0,40,2,7,2,1,45,52,2
1785392,0,1270,0,40,3,1,2,1,9,39,2
1785899,0,1270,0,40,3,1,2,1,9,12,2
1744450,0,1270,0,40,3,3,2,1,34,27,2
1740106,0,1270,0,40,2,6,2,1,36,54,2
1754589,0,1270,0,40,3,9,2,1,41,45,2
1738659,0,1270,0,40,2,8,2,1,57,11,2
1770770,0,1270,0,40,2,4,2,1,19,50,2
1758950,0,1270,0,40,2,6,2,1,46,86,2
1774368,0,1270,0,40,3,3,2,1,24,32,2
1718541,0,1270,0,40,2,15,2,1,85,75,2
1780727,0,1270,0,40,3,2,2,1,15,56,2
1775072,0,1270,0,40,2,3,2,1,21,55,2
1742807,0,1270,0,40,2,11,2,1,80,31,2
1766970,0,1270,0,40,2,4,2,1,34,28,2
1748484,0,1270,0,40,3,9,2,1,56,38,2
1771246,0,1270,0,40,2,3,2,1,28,30,2
1770189,0,1270,0,40,3,5,2,1,23,70,2
1785012,0,1270,0,40,2,1,2,1,8,19,2
1786829,0,1270,0,40,3,1,2,1,8,29,2
1771773,0,1270,0,40,2,4,2,1,18,55,2
1759199,0,1270,0,40,3,6,2,1,32,44,2
1759044,0,1270,0,40,2,7,2,1,25,85,2
1749476,0,1270,0,40,2,8,2,1,48,30,2
1751147,0,1270,0,40,2,7,2,1,66,52,2
1770860,0,1270,0,40,2,4,2,1,24,46,2
1745563,0,1270,0,40,2,11,2,1,76,36,2
1783597,0,1270,0,40,2,2,2,1,8,36,2
1746017,0,1270,0,40,2,8,2,1,87,73,2
1779447,0,1270,0,40,3,3,2,1,10,51,2
1779776,0,1270,0,40,2,3,2,1,10,35,2
1755488,0,1270,0,40,3,9,2,1,42,45,2
1747656,0,1270,0,40,3,8,2,1,73,35,2
1779476,0,1270,0,40,3,2,2,1,16,45,2
1767925,0,1270,0,40,2,7,2,1,27,44,2
1766864,0,1270,0,40,2,5,2,1,31,60,2
1744046,0,1270,0,40,3,4,2,1,52,95,2
1765930,0,1270,0,40,2,5,2,1,29,49,2
1772268,0,1270,0,40,3,3,2,1,24,51,2
1750750,0,1270,0,40,2,12,2,1,54,59,2
1654747,0,1270,0,40,3,27,2,1,154,68,2
1785110,0,1270,0,40,3,2,2,1,9,81,2
1785052,0,1270,0,40,2,1,2,1,7,78,2
1785884,0,1270,0,40,2,1,2,1,7,60,2
1786480,0,1270,0,40,3,1,2,1,7,25,2
1786900,0,1270,0,40,3,1,2,1,7,89,2
1786987,0,1270,0,40,2,1,2,1,7,34,2
1787191,0,1270,0,40,2,1,2,1,7,46,2
1760495,0,1270,0,40,3,6,2,1,38,29,2
1780378,0,1270,0,40,2,2,2,1,8,33,2
1773908,0,1270,0,40,2,4,2,1,16,40,2
1757953,0,1270,0,40,2,7,2,1,32,65,2
1776394,0,1270,0,40,3,3,2,1,16,40,2
1778575,0,1270,0,40,2,3,2,1,12,25,2
1774460,0,1270,0,40,3,3,2,1,23,39,2
1765025,0,1270,0,40,2,5,2,1,36,18,2
1781038,0,1270,0,40,2,2,2,1,13,97,2
1778822,0,1270,0,40,2,3,2,1,14,84,2
1780875,0,1270,0,40,3,3,2,1,12,68,2
1782531,0,1270,0,40,3,2,2,1,8,25,2
1779608,0,1270,0,40,2,3,2,1,13,60,2
1712296,0,1270,0,40,3,14,2,1,98,44,2
1743260,0,1270,0,40,3,4,2,1,43,39,2
1764531,0,1270,0,40,3,6,2,1,28,93,2
1775053,0,1270,0,40,2,5,2,1,13,64,2
1783337,0,1270,0,40,2,2,2,1,8,32,2
1764590,1,1270,1268,32.1721,2,6,2,1,24,44,2
1785038,0,1270,0,40,3,2,2,1,7,52,2
1756658,1,1270,1262,23.9751,3,7,2,1,50,50,2
1748186,0,1270,0,40,3,9,2,1,67,54,2
1767375,0,1270,0,40,2,6,2,1,24,40,2
1778440,0,1270,0,40,2,4,2,1,18,29,2
1780155,0,1270,0,40,2,3,2,1,15,38,2
1745791,0,1270,0,40,3,11,2,1,67,41,2
1769533,0,1270,0,40,3,7,2,1,26,49,2
1785458,0,1270,0,40,3,1,2,1,6,31,2
1787332,0,1270,0,40,2,1,2,1,6,74,2
1787408,0,1270,0,40,3,1,2,1,6,60,2
1787476,0,1270,0,40,2,1,2,1,6,23,2
1787589,0,1270,0,40,2,1,2,1,6,48,2
1787775,0,1270,0,40,2,1,2,1,6,45,2
1779302,0,1270,0,40,3,2,2,1,8,16,2
1766120,0,1270,0,40,2,5,2,1,28,53,2
1768037,0,1270,0,40,3,5,2,1,22,39,2
1760936,0,1270,0,40,2,4,2,1,44,22,2
1778461,0,1270,0,40,2,2,2,1,11,74,2
1777135,0,1270,0,40,3,3,2,1,14,64,2
1770930,0,1270,0,40,3,4,2,1,23,35,2
1763227,0,1270,0,40,2,6,2,1,35,29,2
1764803,0,1270,0,40,3,7,2,1,28,19,2
1775813,0,1270,0,40,3,4,2,1,13,41,2
1766063,0,1270,0,40,3,6,2,1,23,47,2
1783244,0,1270,0,40,3,2,2,1,9,53,2
1755661,0,1270,0,40,3,10,2,1,39,84,2
1740438,0,1270,0,40,3,4,2,1,29,62,2
1767462,0,1270,0,40,2,5,2,1,19,27,2
1780611,0,1270,0,40,3,3,2,1,13,47,2
1750519,0,1270,0,40,2,8,2,1,39,32,2
1778837,0,1270,0,40,3,3,2,1,11,38,2
1772583,0,1270,0,40,2,5,2,1,18,55,2
1750400,0,1270,0,40,3,8,2,1,57,48,2
1753407,0,1270,0,40,3,8,2,1,51,22,2
1766549,0,1270,0,40,3,4,2,1,31,46,2
1781005,0,1270,0,40,2,3,2,1,8,53,2
1785983,0,1270,0,40,3,2,2,1,7,34,2
1777900,0,1270,0,40,3,4,2,1,17,37,2
1787158,0,1270,0,40,3,1,2,1,5,77,2
1787998,0,1270,0,40,3,1,2,1,5,39,2
1788272,0,1270,0,40,3,1,2,1,5,33,2
1788380,0,1270,0,40,2,1,2,1,5,25,2
1788470,0,1270,0,40,2,1,2,1,5,66,2
1788526,0,1270,0,40,2,1,2,1,5,56,2
1788608,0,1270,0,40,2,1,2,1,5,23,2
1788714,0,1270,0,40,3,1,2,1,5,13,2
1780541,0,1270,0,40,2,2,2,1,10,60,2
1771752,0,1270,0,40,3,5,2,1,15,27,2
1768893,0,1270,0,40,2,4,2,1,22,51,2
1761520,0,1270,0,40,2,5,2,1,35,37,2
1773099,0,1270,0,40,3,3,2,1,19,64,2
1745112,0,1270,0,40,3,10,2,1,80,45,2
1779852,0,1270,0,40,2,3,2,1,9,17,2
1764630,0,1270,0,40,3,5,2,1,35,44,2
1780592,0,1270,0,40,3,2,2,1,10,88,2
1757743,0,1270,0,40,2,6,2,1,33,74,2
1758595,0,1270,0,40,2,7,2,1,39,44,2
1746945,0,1270,0,40,2,10,2,1,49,25,2
1750704,0,1270,0,40,2,11,2,1,46,42,2
1764110,0,1270,0,40,3,6,2,1,30,30,2
1752367,0,1270,0,40,2,9,2,1,45,13,2
1779312,0,1270,0,40,2,2,2,1,13,30,2
1752679,0,1270,0,40,2,8,2,1,58,11,2
1781953,0,1270,0,40,2,2,2,1,9,16,2
1784239,0,1270,0,40,3,2,2,1,8,87,2
1768822,0,1270,0,40,2,6,2,1,25,31,2
1755861,0,1270,0,40,2,8,2,1,45,36,2
1764390,0,1270,0,40,2,5,2,1,34,40,2
1759486,0,1270,0,40,3,8,2,1,27,24,2
1785671,0,1270,0,40,3,2,2,1,6,14,2
1777521,0,1270,0,40,3,4,2,1,10,26,2
1770884,0,1270,0,40,3,4,2,1,18,23,2
1721529,0,1270,0,40,2,15,2,1,82,35,2
1765365,0,1270,0,40,3,3,2,1,44,51,2
1761794,0,1270,0,40,3,5,2,1,35,26,2
1772501,0,1270,0,40,2,3,2,1,25,42,2
1764550,0,1270,0,40,3,5,2,1,33,52,2
1776212,0,1270,0,40,3,3,2,1,17,39,2
1782441,0,1270,0,40,3,3,2,1,11,67,2
1785280,0,1270,0,40,3,2,2,1,6,62,2
1766531,0,1270,0,40,3,6,2,1,25,24,2
1764836,0,1270,0,40,3,6,2,1,29,54,2
1785092,0,1270,0,40,3,2,2,1,5,28,2
1770861,0,1270,0,40,3,4,2,1,25,48,2
1782413,0,1270,0,40,3,2,2,1,12,34,2
1767817,0,1270,0,40,3,7,2,1,24,62,2
1769267,0,1270,0,40,2,6,2,1,23,47,2
1769092,0,1270,0,40,2,5,2,1,28,35,2
1746881,0,1270,0,40,2,10,2,1,65,47,2
1784349,0,1270,0,40,2,2,2,1,11,47,2
1785780,0,1270,0,40,3,2,2,1,6,38,2
1787426,0,1270,0,40,3,1,2,1,4,36,2
1788431,0,1270,0,40,2,1,2,1,4,32,2
1788527,0,1270,0,40,2,1,2,1,4,38,2
1788750,0,1270,0,40,2,1,2,1,4,33,2
1788890,0,1270,0,40,2,1,2,1,4,26,2
1788916,0,1270,0,40,2,1,2,1,4,56,2
1788948,0,1270,0,40,3,1,2,1,4,25,2
1789232,0,1270,0,40,3,1,2,1,4,47,2
1760023,0,1270,0,40,3,7,2,1,29,39,2
1740619,0,1270,0,40,2,5,2,1,31,34,2
1780060,0,1270,0,40,3,2,2,1,10,80,2
1773502,0,1270,0,40,3,3,2,1,19,51,2
1783685,0,1270,0,40,3,2,2,1,6,28,2
1771950,0,1270,0,40,2,4,2,1,17,24,2
1739965,0,1270,0,40,2,5,2,1,27,22,2
1784641,0,1270,0,40,3,2,2,1,5,64,2
1752722,0,1270,0,40,2,6,2,1,63,27,2
1779096,0,1270,0,40,3,2,2,1,13,61,2
1746266,0,1270,0,40,2,10,2,1,61,42,2
1710267,0,1270,0,40,3,18,2,1,113,27,2
1771043,0,1270,0,40,3,5,2,1,20,69,2
1741581,0,1270,0,40,2,9,2,1,41,24,2
1785356,0,1270,0,40,3,2,2,1,4,20,2
1747600,0,1270,0,40,3,11,2,1,50,35,2
1770211,0,1270,0,40,2,4,2,1,26,42,2
1759308,0,1270,0,40,2,5,2,1,35,44,2
1763572,0,1270,0,40,3,6,2,1,21,38,2
1742698,0,1270,0,40,3,11,2,1,55,29,2
1776102,0,1270,0,40,3,4,2,1,10,51,2
1748966,0,1270,0,40,2,11,2,1,55,24,2
1748423,0,1270,0,40,3,12,2,1,59,10,2
1765396,0,1270,0,40,3,6,2,1,24,18,2
1660614,0,1270,0,40,2,27,2,1,139,79,2
1785542,0,1270,0,40,3,2,2,1,4,48,2
1786795,0,1270,0,40,2,2,2,1,4,32,2
1748024,0,1270,0,40,3,9,2,1,72,73,2
1744284,0,1270,0,40,3,13,2,1,77,17,2
1770845,0,1270,0,40,3,4,2,1,23,82,2
1766766,0,1270,0,40,3,7,2,1,27,105,2
1765220,1,1270,1264,16.6902,3,5,2,1,24,57,2
1784880,0,1270,0,40,2,2,2,1,6,11,2
1771729,0,1270,0,40,3,5,2,1,18,24,2
1786920,0,1270,0,40,2,2,2,1,4,62,2
1787381,0,1270,0,40,2,2,2,1,4,27,2
1770251,0,1270,0,40,3,5,2,1,25,82,2
1760849,0,1270,0,40,2,6,2,1,31,47,2
1780967,0,1270,0,40,3,3,2,1,11,23,2
1766513,0,1270,0,40,3,7,2,1,26,22,2
1778563,0,1270,0,40,3,4,2,1,8,36,2
1787316,0,1270,0,40,2,2,2,1,4,58,2
1772199,0,1270,0,40,2,4,2,1,25,10,2
1750844,0,1270,0,40,2,11,2,1,50,40,2
1780457,0,1270,0,40,3,4,2,1,13,54,2
1786156,0,1270,0,40,3,2,2,1,5,14,2
1787840,0,1270,0,40,3,1,2,1,3,60,2
1788665,0,1270,0,40,2,1,2,1,3,73,2
1788739,0,1270,0,40,3,1,2,1,3,70,2
1788839,0,1270,0,40,3,1,2,1,3,60,2
1788935,0,1270,0,40,2,1,2,1,3,40,2
1789067,0,1270,0,40,2,1,2,1,3,27,2
1789179,0,1270,0,40,2,1,2,1,3,49,2
1789332,0,1270,0,40,3,1,2,1,3,21,2
1789408,0,1270,0,40,3,1,2,1,3,21,2
1789434,0,1270,0,40,3,1,2,1,3,29,2
1789786,0,1270,0,40,3,1,2,1,3,25,2
1789808,0,1270,0,40,2,1,2,1,3,65,2
1789838,0,1270,0,40,3,1,2,1,3,75,2
1745152,0,1270,0,40,2,5,2,1,41,65,2
1751873,0,1270,0,40,2,4,2,1,61,51,2
1762208,0,1270,0,40,2,5,2,1,40,51,2
1777566,0,1270,0,40,2,1,2,1,23,52,2
1779544,0,1270,0,40,2,1,2,1,20,35,2
1773617,0,1270,0,40,3,2,2,1,29,38,2
1765631,0,1270,0,40,3,3,2,1,39,53,2
1780707,0,1270,0,40,3,1,2,1,19,54,2
1767800,0,1270,0,40,3,4,2,1,29,46,2
1752605,0,1270,0,40,2,9,2,1,56,36,2
1735625,0,1270,0,40,2,10,2,1,53,50,2
1779091,0,1270,0,40,3,2,2,1,18,41,2
1778158,0,1270,0,40,2,2,2,1,22,41,2
1752931,0,1270,0,40,2,9,2,1,42,55,2
1765240,0,1270,0,40,2,6,2,1,27,42,2
1775247,0,1270,0,40,3,2,2,1,25,68,2
1758535,0,1270,0,40,2,5,2,1,51,34,2
1780915,0,1270,0,40,2,2,2,1,16,23,2
1748833,0,1270,0,40,2,10,2,1,64,26,2
1782979,0,1270,0,40,2,1,2,1,14,57,2
1783887,0,1270,0,40,3,1,2,1,14,114,2
1766049,0,1270,0,40,2,5,2,1,23,31,2
1770393,0,1270,0,40,3,5,2,1,21,25,2
1776888,0,1270,0,40,2,3,2,1,15,70,2
1776527,0,1270,0,40,3,3,2,1,18,45,2
1751505,0,1270,0,40,3,6,2,1,61,30,2
1783734,0,1270,0,40,2,1,2,1,13,59,2
1784549,0,1270,0,40,3,1,2,1,13,45,2
1778622,0,1270,0,40,2,3,2,1,14,56,2
1757288,0,1270,0,40,2,4,2,1,54,24,2
1773841,0,1270,0,40,2,3,2,1,21,57,2
1738849,0,1270,0,40,2,4,2,1,34,17,2
1765553,0,1270,0,40,2,4,2,1,36,52,2
1781272,0,1270,0,40,2,3,2,1,14,33,2
1770758,0,1270,0,40,2,4,2,1,26,29,2
1761692,0,1270,0,40,3,5,2,1,37,66,2
1743908,0,1270,0,40,3,8,2,1,103,53,2
1751996,0,1270,0,40,2,10,2,1,47,56,2
1784070,0,1270,0,40,3,1,2,1,11,52,2
1768098,0,1270,0,40,2,3,2,1,35,34,2
1771862,0,1270,0,40,2,4,2,1,25,33,2
1779209,0,1270,0,40,3,2,2,1,16,45,2
1780479,0,1270,0,40,3,2,2,1,16,43,2
1770748,0,1270,0,40,3,3,2,1,31,27,2
1771864,0,1270,0,40,2,4,2,1,18,25,2
1759035,0,1270,0,40,2,6,2,1,50,46,2
1785292,0,1270,0,40,3,1,2,1,10,33,2
1764366,0,1270,0,40,2,6,2,1,22,27,2
1764793,0,1270,0,40,3,4,2,1,30,36,2
1776802,0,1270,0,40,2,2,2,1,21,50,2
1776033,0,1270,0,40,2,3,2,1,18,16,2
1763750,0,1270,0,40,3,6,2,1,29,38,2
1750011,0,1270,0,40,3,10,2,1,39,30,2
1782111,0,1270,0,40,2,2,2,1,13,56,2
1742745,0,1270,0,40,3,9,2,1,40,35,2
1769299,0,1270,0,40,2,4,2,1,29,32,2
1785886,0,1270,0,40,3,1,2,1,9,28,2
1786082,0,1270,0,40,3,1,2,1,9,31,2
1786563,0,1270,0,40,3,1,2,1,9,57,2
1738603,0,1270,0,40,2,9,2,1,37,52,2
1751687,0,1270,0,40,2,9,2,1,54,24,2
1758771,0,1270,0,40,3,7,2,1,29,51,2
1780039,0,1270,0,40,2,3,2,1,11,61,2
1766128,0,1270,0,40,2,4,2,1,31,18,2
1755457,0,1270,0,40,2,9,2,1,35,36,2
1784200,0,1270,0,40,3,2,2,1,9,57,2
1763257,0,1270,0,40,2,6,2,1,31,58,2
1761630,0,1270,0,40,3,5,2,1,41,49,2
1778657,0,1270,0,40,3,3,2,1,18,42,2
1787109,0,1270,0,40,2,1,2,1,8,82,2
1787267,0,1270,0,40,3,1,2,1,8,65,2
1765340,0,1270,0,40,2,5,2,1,30,63,2
1746013,0,1270,0,40,3,7,2,1,59,54,2
1736926,0,1270,0,40,3,13,2,1,55,26,2
1780288,0,1270,0,40,3,2,2,1,16,37,2
1756290,0,1270,0,40,3,8,2,1,34,23,2
1766828,0,1270,0,40,3,5,2,1,21,45,2
1787000,0,1270,0,40,2,1,2,1,7,14,2
1787567,0,1270,0,40,3,1,2,1,7,43,2
1774275,0,1270,0,40,3,3,2,1,13,62,2
1733928,0,1270,0,40,3,12,2,1,53,51,2
1777253,0,1270,0,40,3,3,2,1,8,39,2
1746232,0,1270,0,40,3,13,2,1,69,92,2
1749605,1,1270,1238,36.444,2,8,2,1,66,56,2
1778211,0,1270,0,40,2,3,2,1,10,18,2
1742978,0,1270,0,40,3,7,2,1,57,40,2
1777487,0,1270,0,40,3,2,2,1,20,43,2
1772557,0,1270,0,40,2,3,2,1,23,43,2
1748685,0,1270,0,40,2,11,2,1,55,52,2
1758633,0,1270,0,40,3,5,2,1,40,68,2
1756569,0,1270,0,40,3,7,2,1,45,87,2
1749439,0,1270,0,40,2,9,2,1,69,40,2
1742246,0,1270,0,40,3,10,2,1,65,36,2
1782346,0,1270,0,40,3,3,2,1,8,56,2
1785832,0,1270,0,40,2,1,2,1,6,82,2
1787046,0,1270,0,40,2,1,2,1,6,54,2
1787870,0,1270,0,40,3,1,2,1,6,55,2
1788226,0,1270,0,40,3,1,2,1,6,61,2
1788312,0,1270,0,40,3,1,2,1,6,45,2
1788474,0,1270,0,40,3,1,2,1,6,25,2
1788630,0,1270,0,40,2,1,2,1,6,52,2
1780201,0,1270,0,40,2,2,2,1,10,35,2
1764501,0,1270,0,40,2,5,2,1,30,71,2
1770979,0,1270,0,40,3,5,2,1,16,32,2
1758424,0,1270,0,40,2,6,2,1,41,62,2
1774174,0,1270,0,40,2,4,2,1,15,52,2
1741366,0,1270,0,40,2,11,2,1,64,68,2
1742496,0,1270,0,40,2,4,2,1,18,23,2
1776563,0,1270,0,40,3,3,2,1,21,78,2
1769394,0,1270,0,40,3,4,2,1,24,30,2
1760618,0,1270,0,40,2,6,2,1,34,23,2
1775370,0,1270,0,40,3,4,2,1,19,76,2
1788922,1,1270,1269,40,2,1,2,1,5,9,2
1789302,0,1270,0,40,2,1,2,1,5,81,2
1779690,0,1270,0,40,3,2,2,1,9,28,2
1783533,0,1270,0,40,3,2,2,1,5,8,2
1783445,0,1270,0,40,2,2,2,1,6,27,2
1777421,0,1270,0,40,2,3,2,1,15,30,2
1785301,0,1270,0,40,2,2,2,1,6,34,2
1759380,1,1270,1269,38.542,2,5,2,1,45,33,2
1742438,0,1270,0,40,3,8,2,1,54,11,2
1782847,0,1270,0,40,3,2,2,1,9,26,2
1785529,0,1270,0,40,3,2,2,1,7,61,2
1753913,0,1270,0,40,2,7,2,1,45,59,2
1772102,0,1270,0,40,3,5,2,1,18,79,2
1761834,0,1270,0,40,2,6,2,1,37,28,2
1775322,0,1270,0,40,3,4,2,1,21,56,2
1774773,0,1270,0,40,3,4,2,1,19,27,2
1764064,0,1270,0,40,2,5,2,1,35,23,2
1786507,0,1270,0,40,2,2,2,1,7,53,2
1751299,0,1270,0,40,3,8,2,1,58,28,2
1786892,0,1270,0,40,3,2,2,1,6,23,2
1762199,0,1270,0,40,3,8,2,1,33,33,2
1788177,0,1270,0,40,3,1,2,1,4,65,2
1789171,0,1270,0,40,3,1,2,1,4,10,2
1789263,0,1270,0,40,2,1,2,1,4,28,2
1789862,0,1270,0,40,3,1,2,1,4,42,2
1765032,0,1270,0,40,2,4,2,1,32,55,2
1764090,0,1270,0,40,2,5,2,1,34,84,2
1755050,0,1270,0,40,2,9,2,1,42,26,2
1762651,0,1270,0,40,2,7,2,1,15,56,2
1748863,0,1270,0,40,3,10,2,1,57,31,2
1759622,0,1270,0,40,3,6,2,1,18,30,2
1752576,0,1270,0,40,2,9,2,1,55,49,2
1762556,0,1270,0,40,2,6,2,1,25,44,2
1752446,0,1270,0,40,2,10,2,1,51,86,2
1741521,0,1270,0,40,2,6,2,1,56,59,2
1754427,0,1270,0,40,3,9,2,1,51,74,2
1760236,0,1270,0,40,3,7,2,1,41,26,2
1743940,0,1270,0,40,3,5,2,1,37,21,2
1767251,0,1270,0,40,2,5,2,1,27,56,2
1786491,0,1270,0,40,3,2,2,1,6,43,2
1780260,0,1270,0,40,3,3,2,1,9,38,2
1785033,0,1270,0,40,3,3,2,1,7,10,2
1760990,0,1270,0,40,2,5,2,1,44,82,2
1750674,0,1270,0,40,2,9,2,1,50,44,2
1723863,0,1270,0,40,3,14,2,1,57,58,2
1787210,0,1270,0,40,2,1,2,1,3,64,2
1788173,0,1270,0,40,3,1,2,1,3,59,2
1789986,0,1270,0,40,2,1,2,1,3,59,2
1790010,0,1270,0,40,3,1,2,1,3,31,2
1790262,0,1270,0,40,2,1,2,1,3,45,2
1765034,0,1270,0,40,2,5,2,1,33,44,2
1753178,0,1270,0,40,2,6,2,1,69,53,2
1776775,0,1270,0,40,2,3,2,1,18,16,2
1754667,0,1270,0,40,3,7,2,1,46,47,2
1784196,0,1270,0,40,3,1,2,1,13,17,2
1784910,0,1270,0,40,2,1,2,1,12,20,2
1764785,0,1270,0,40,2,6,2,1,39,66,2
1775965,0,1270,0,40,2,3,2,1,23,43,2
1781299,0,1270,0,40,2,2,2,1,18,55,2
1787305,0,1270,0,40,3,1,2,1,9,18,2
1765101,0,1270,0,40,3,6,2,1,29,46,2
1773584,0,1270,0,40,3,5,2,1,18,65,2
1780728,0,1270,0,40,3,2,2,1,14,53,2
1761994,0,1270,0,40,3,4,2,1,45,34,2
1788436,0,1270,0,40,2,1,2,1,7,85,2
1788694,0,1270,0,40,3,1,2,1,7,41,2
1743239,0,1270,0,40,2,6,2,1,68,41,2
1739578,0,1270,0,40,3,11,2,1,65,42,2
1783899,0,1270,0,40,3,2,2,1,10,36,2
1775765,0,1270,0,40,3,3,2,1,18,23,2
1784943,0,1270,0,40,3,2,2,1,11,19,2
1784427,0,1270,0,40,2,2,2,1,13,79,2
1783555,0,1270,0,40,3,3,2,1,8,26,2
1778564,0,1270,0,40,2,3,2,1,16,38,2
1763631,0,1270,0,40,2,6,2,1,29,70,2
1769649,0,1270,0,40,2,6,2,1,22,57,2
1775255,0,1270,0,40,3,4,2,1,15,46,2
1781796,0,1270,0,40,2,2,2,1,13,46,2
1782149,0,1270,0,40,3,3,2,1,12,99,2
1766768,0,1270,0,40,2,5,2,1,35,22,2
1790214,0,1270,0,40,2,1,2,1,4,13,2
1769278,0,1270,0,40,3,4,2,1,22,42,2
1737564,0,1270,0,40,3,8,2,1,68,34,2
1755562,0,1270,0,40,2,8,2,1,47,66,2
1782837,0,1270,0,40,3,2,2,1,12,50,2
1765453,0,1270,0,40,2,5,2,1,29,50,2
1787427,0,1270,0,40,3,2,2,1,6,65,2
1789051,0,1270,0,40,3,2,2,1,4,25,2
1790351,0,1270,0,40,3,1,2,1,3,54,2
1787002,0,1270,0,40,2,0,2,1,2,54,2
1787162,0,1270,0,40,3,0,2,1,2,58,2
1787544,0,1270,0,40,2,0,2,1,2,122,2
1787736,0,1270,0,40,3,0,2,1,2,40,2
1787864,0,1270,0,40,3,0,2,1,2,54,2
1788024,0,1270,0,40,2,0,2,1,2,36,2
1788149,0,1270,0,40,3,0,2,1,2,62,2
1788213,0,1270,0,40,2,0,2,1,2,43,2
1788277,0,1270,0,40,2,0,2,1,2,52,2
1788373,0,1270,0,40,3,0,2,1,2,14,2
1788437,0,1270,0,40,2,0,2,1,2,61,2
1788501,0,1270,0,40,2,0,2,1,2,62,2
1788605,0,1270,0,40,3,0,2,1,2,30,2
1788669,0,1270,0,40,3,0,2,1,2,27,2
1788725,0,1270,0,40,3,0,2,1,2,84,2
1788761,0,1270,0,40,3,0,2,1,2,38,2
1788793,0,1270,0,40,3,0,2,1,2,51,2
1788825,0,1270,0,40,3,0,2,1,2,49,2
1788857,0,1270,0,40,2,0,2,1,2,10,2
1788889,0,1270,0,40,3,0,2,1,2,55,2
1788921,0,1270,0,40,3,0,2,1,2,46,2
1788953,0,1270,0,40,2,0,2,1,2,48,2
1788985,0,1270,0,40,3,0,2,1,2,83,2
1789017,0,1270,0,40,3,0,2,1,2,56,2
1789073,0,1270,0,40,2,0,2,1,2,48,2
1789105,0,1270,0,40,2,0,2,1,2,54,2
1789137,0,1270,0,40,3,0,2,1,2,26,2
1789169,0,1270,0,40,3,0,2,1,2,39,2
1789201,0,1270,0,40,2,0,2,1,2,39,2
1789265,0,1270,0,40,2,0,2,1,2,34,2
1789297,0,1270,0,40,3,0,2,1,2,42,2
1789327,0,1270,0,40,2,0,2,1,2,43,2
1789343,0,1270,0,40,2,0,2,1,2,91,2
1789359,0,1270,0,40,2,0,2,1,2,28,2
1789375,0,1270,0,40,3,0,2,1,2,50,2
1789391,0,1270,0,40,3,0,2,1,2,29,2
1789407,0,1270,0,40,2,0,2,1,2,24,2
1789423,0,1270,0,40,2,0,2,1,2,52,2
1789439,0,1270,0,40,3,0,2,1,2,85,2
1789455,0,1270,0,40,2,0,2,1,2,94,2
1789471,0,1270,0,40,2,0,2,1,2,86,2
1789487,0,1270,0,40,2,0,2,1,2,46,2
1789503,0,1270,0,40,3,0,2,1,2,88,2
1789519,0,1270,0,40,3,0,2,1,2,56,2
1789535,0,1270,0,40,3,0,2,1,2,74,2
1789551,0,1270,0,40,3,0,2,1,2,67,2
1789567,0,1270,0,40,2,0,2,1,2,23,2
1789583,0,1270,0,40,3,0,2,1,2,42,2
1789599,0,1270,0,40,3,0,2,1,2,72,2
1789615,0,1270,0,40,2,0,2,1,2,77,2
1789631,0,1270,0,40,3,0,2,1,2,46,2
1789647,0,1270,0,40,2,0,2,1,2,49,2
1789663,0,1270,0,40,2,0,2,1,2,40,2
1789679,0,1270,0,40,3,0,2,1,2,38,2
1789695,0,1270,0,40,2,0,2,1,2,46,2
1789711,0,1270,0,40,2,0,2,1,2,93,2
1789727,0,1270,0,40,3,0,2,1,2,32,2
1789743,0,1270,0,40,2,0,2,1,2,31,2
1789759,0,1270,0,40,2,0,2,1,2,44,2
1789775,0,1270,0,40,3,0,2,1,2,58,2
1789791,0,1270,0,40,2,0,2,1,2,26,2
1789807,0,1270,0,40,3,0,2,1,2,41,2
1789823,0,1270,0,40,3,0,2,1,2,33,2
1789839,0,1270,0,40,2,0,2,1,2,62,2
1789855,0,1270,0,40,2,0,2,1,2,38,2
1789869,0,1270,0,40,3,0,2,1,2,59,2
1789877,0,1270,0,40,3,0,2,1,2,54,2
1789885,0,1270,0,40,3,0,2,1,2,62,2
1789893,0,1270,0,40,3,0,2,1,2,55,2
1789901,0,1270,0,40,3,0,2,1,2,33,2
1789909,0,1270,0,40,2,0,2,1,2,51,2
1789917,0,1270,0,40,3,0,2,1,2,10,2
1789925,0,1270,0,40,3,0,2,1,2,15,2
1789933,0,1270,0,40,2,0,2,1,2,40,2
1789941,0,1270,0,40,2,0,2,1,2,46,2
1789949,0,1270,0,40,3,0,2,1,2,76,2
1789957,0,1270,0,40,2,0,2,1,2,57,2
1789965,0,1270,0,40,2,0,2,1,2,73,2
1789973,0,1270,0,40,3,0,2,1,2,28,2
1789981,0,1270,0,40,2,0,2,1,2,23,2
1789989,0,1270,0,40,3,0,2,1,2,32,2
1789997,0,1270,0,40,3,0,2,1,2,26,2
1790005,0,1270,0,40,3,0,2,1,2,58,2
1790013,0,1270,0,40,2,0,2,1,2,32,2
1790021,0,1270,0,40,3,0,2,1,2,38,2
1790029,0,1270,0,40,3,0,2,1,2,62,2
1790037,0,1270,0,40,2,0,2,1,2,28,2
1790045,0,1270,0,40,2,0,2,1,2,44,2
1790053,0,1270,0,40,3,0,2,1,2,63,2
1790061,0,1270,0,40,3,0,2,1,2,24,2
1790069,0,1270,0,40,2,0,2,1,2,43,2
1790077,0,1270,0,40,3,0,2,1,2,37,2
1790085,0,1270,0,40,2,0,2,1,2,72,2
1790093,0,1270,0,40,2,0,2,1,2,36,2
1790101,0,1270,0,40,3,0,2,1,2,27,2
1790109,0,1270,0,40,2,0,2,1,2,35,2
1790117,0,1270,0,40,2,0,2,1,2,61,2
1790125,0,1270,0,40,3,0,2,1,2,35,2
1790133,0,1270,0,40,2,0,2,1,2,33,2
1790141,0,1270,0,40,2,0,2,1,2,58,2
1790149,0,1270,0,40,2,0,2,1,2,58,2
1790157,0,1270,0,40,2,0,2,1,2,35,2
1790165,0,1270,0,40,3,0,2,1,2,42,2
1790173,0,1270,0,40,3,0,2,1,2,32,2
1790181,0,1270,0,40,3,0,2,1,2,47,2
1790189,0,1270,0,40,3,0,2,1,2,30,2
1790197,0,1270,0,40,2,0,2,1,2,25,2
1790205,0,1270,0,40,3,0,2,1,2,31,2
1790213,0,1270,0,40,3,0,2,1,2,37,2
1790221,0,1270,0,40,2,0,2,1,2,49,2
1790229,0,1270,0,40,2,0,2,1,2,36,2
1790237,0,1270,0,40,3,0,2,1,2,14,2
1790245,0,1270,0,40,2,0,2,1,2,30,2
1790253,0,1270,0,40,2,0,2,1,2,73,2
1790261,0,1270,0,40,3,0,2,1,2,26,2
1790269,0,1270,0,40,3,0,2,1,2,79,2
1790277,0,1270,0,40,2,0,2,1,2,9,2
1790285,0,1270,0,40,2,0,2,1,2,37,2
1790293,0,1270,0,40,3,0,2,1,2,35,2
1790301,0,1270,0,40,3,0,2,1,2,27,2
1790309,0,1270,0,40,2,0,2,1,2,31,2
1790317,0,1270,0,40,3,0,2,1,2,56,2
1790325,0,1270,0,40,3,0,2,1,2,35,2
1790333,0,1270,0,40,3,0,2,1,2,106,2
1790341,0,1270,0,40,2,0,2,1,2,48,2
1790349,0,1270,0,40,2,0,2,1,2,37,2
1790357,0,1270,0,40,3,0,2,1,2,60,2
1790365,0,1270,0,40,3,0,2,1,2,48,2
1790373,0,1270,0,40,3,0,2,1,2,36,2
1790381,0,1270,0,40,2,0,2,1,2,86,2
1790389,0,1270,0,40,3,0,2,1,2,98,2
1790397,0,1270,0,40,3,0,2,1,2,67,2
1790405,0,1270,0,40,2,0,2,1,2,70,2
1790413,0,1270,0,40,3,0,2,1,2,65,2
1790421,0,1270,0,40,2,0,2,1,2,37,2
1790429,0,1270,0,40,3,0,2,1,2,61,2
1790437,0,1270,0,40,2,0,2,1,2,81,2
1790443,0,1270,0,40,2,0,2,1,2,41,2
1790447,0,1270,0,40,3,0,2,1,2,24,2
1790451,0,1270,0,40,3,0,2,1,2,21,2
1790455,0,1270,0,40,2,0,2,1,2,23,2
1790459,0,1270,0,40,3,0,2,1,2,37,2
1790463,0,1270,0,40,3,0,2,1,2,63,2
1790467,0,1270,0,40,2,0,2,1,2,17,2
1790471,0,1270,0,40,3,0,2,1,2,30,2
1790475,0,1270,0,40,2,0,2,1,2,48,2
1790479,0,1270,0,40,3,0,2,1,2,13,2
1790483,0,1270,0,40,2,0,2,1,2,67,2
1790487,0,1270,0,40,3,0,2,1,2,35,2
1790491,0,1270,0,40,3,0,2,1,2,54,2
1790495,0,1270,0,40,3,0,2,1,2,21,2
1790499,0,1270,0,40,2,0,2,1,2,68,2
1790503,0,1270,0,40,3,0,2,1,2,56,2
1790507,0,1270,0,40,2,0,2,1,2,26,2
1790511,0,1270,0,40,3,0,2,1,2,29,2
1790515,0,1270,0,40,2,0,2,1,2,35,2
1790519,0,1270,0,40,2,0,2,1,2,41,2
1790523,0,1270,0,40,2,0,2,1,2,27,2
1790527,0,1270,0,40,2,0,2,1,2,65,2
1790531,0,1270,0,40,3,0,2,1,2,20,2
1790535,0,1270,0,40,2,0,2,1,2,24,2
1790539,0,1270,0,40,2,0,2,1,2,9,2
1790543,0,1270,0,40,3,0,2,1,2,79,2
1790547,0,1270,0,40,3,0,2,1,2,46,2
1790551,0,1270,0,40,3,0,2,1,2,37,2
1790555,0,1270,0,40,2,0,2,1,2,29,2
1790559,0,1270,0,40,2,0,2,1,2,43,2
1790563,0,1270,0,40,3,0,2,1,2,41,2
1790567,0,1270,0,40,2,0,2,1,2,17,2
1790571,0,1270,0,40,2,0,2,1,2,57,2
1790575,0,1270,0,40,3,0,2,1,2,29,2
1790579,0,1270,0,40,2,0,2,1,2,52,2
1790583,0,1270,0,40,2,0,2,1,2,49,2
1790587,0,1270,0,40,2,0,2,1,2,45,2
1790591,0,1270,0,40,3,0,2,1,2,64,2
1790595,0,1270,0,40,2,0,2,1,2,41,2
1790599,0,1270,0,40,2,0,2,1,2,35,2
1790603,0,1270,0,40,3,0,2,1,2,67,2
1790607,0,1270,0,40,3,0,2,1,2,83,2
1790611,0,1270,0,40,2,0,2,1,2,45,2
1790615,0,1270,0,40,2,0,2,1,2,33,2
1790619,0,1270,0,40,2,0,2,1,2,21,2
1790623,0,1270,0,40,3,0,2,1,2,59,2
1790627,0,1270,0,40,2,0,2,1,2,56,2
1790631,0,1270,0,40,2,0,2,1,2,34,2
1790635,0,1270,0,40,3,0,2,1,2,70,2
1790639,0,1270,0,40,2,0,2,1,2,32,2
1790643,0,1270,0,40,3,0,2,1,2,28,2
1790647,0,1270,0,40,2,0,2,1,2,23,2
1790651,0,1270,0,40,3,0,2,1,2,48,2
1790655,0,1270,0,40,3,0,2,1,2,68,2
1790659,0,1270,0,40,2,0,2,1,2,53,2
1790663,0,1270,0,40,2,0,2,1,2,48,2
1790667,0,1270,0,40,2,0,2,1,2,37,2
1790671,0,1270,0,40,2,0,2,1,2,59,2
1790675,0,1270,0,40,3,0,2,1,2,33,2
1790679,0,1270,0,40,3,0,2,1,2,52,2
1790683,0,1270,0,40,3,0,2,1,2,61,2
1790687,0,1270,0,40,2,0,2,1,2,58,2
1790691,0,1270,0,40,2,0,2,1,2,17,2
1790695,0,1270,0,40,2,0,2,1,2,59,2
1790699,0,1270,0,40,3,0,2,1,2,33,2
1790703,0,1270,0,40,3,0,2,1,2,31,2
1790707,0,1270,0,40,2,0,2,1,2,27,2
1790711,0,1270,0,40,2,0,2,1,2,32,2
1790715,0,1270,0,40,3,0,2,1,2,39,2
1790719,0,1270,0,40,3,0,2,1,2,60,2
1790723,0,1270,0,40,2,0,2,1,2,61,2
1790727,0,1270,0,40,3,0,2,1,2,34,2
1790731,0,1270,0,40,2,0,2,1,2,38,2
1790735,0,1270,0,40,3,0,2,1,2,44,2
1790739,0,1270,0,40,3,0,2,1,2,43,2
1790743,0,1270,0,40,3,0,2,1,2,35,2
1790747,0,1270,0,40,2,0,2,1,2,26,2
1790751,0,1270,0,40,2,0,2,1,2,39,2
1790755,0,1270,0,40,3,0,2,1,2,32,2
1790759,0,1270,0,40,3,0,2,1,2,51,2
1790763,0,1270,0,40,2,0,2,1,2,46,2
1790767,0,1270,0,40,2,0,2,1,2,35,2
1790771,0,1270,0,40,3,0,2,1,2,91,2
1790775,0,1270,0,40,2,0,2,1,2,22,2
1790779,0,1270,0,40,3,0,2,1,2,93,2
1790783,0,1270,0,40,2,0,2,1,2,45,2
1790787,0,1270,0,40,3,0,2,1,2,18,2
1790791,0,1270,0,40,2,0,2,1,2,32,2
1790795,0,1270,0,40,3,0,2,1,2,48,2
1790799,0,1270,0,40,2,0,2,1,2,44,2
1790803,0,1270,0,40,3,0,2,1,2,36,2
1790807,0,1270,0,40,3,0,2,1,2,39,2
1790811,0,1270,0,40,3,0,2,1,2,39,2
1790815,0,1270,0,40,2,0,2,1,2,40,2
1790819,0,1270,0,40,2,0,2,1,2,72,2
1790823,0,1270,0,40,3,0,2,1,2,31,2
1790827,0,1270,0,40,2,0,2,1,2,35,2
1790831,0,1270,0,40,2,0,2,1,2,72,2
1790835,0,1270,0,40,2,0,2,1,2,48,2
1790839,0,1270,0,40,3,0,2,1,2,36,2
1790843,0,1270,0,40,2,0,2,1,2,80,2
1790847,0,1270,0,40,3,0,2,1,2,38,2
1790851,0,1270,0,40,2,0,2,1,2,76,2
1790855,0,1270,0,40,3,0,2,1,2,18,2
1790859,0,1270,0,40,3,0,2,1,2,83,2
1790863,0,1270,0,40,3,0,2,1,2,43,2
1790867,0,1270,0,40,3,0,2,1,2,43,2
1790871,0,1270,0,40,3,0,2,1,2,42,2
1790875,0,1270,0,40,3,0,2,1,2,38,2
1790879,0,1270,0,40,2,0,2,1,2,25,2
1790883,0,1270,0,40,2,0,2,1,2,35,2
1790887,0,1270,0,40,3,0,2,1,2,61,2
1790891,0,1270,0,40,2,0,2,1,2,38,2
1790895,0,1270,0,40,3,0,2,1,2,42,2
1790899,0,1270,0,40,3,0,2,1,2,76,2
1790903,0,1270,0,40,2,0,2,1,2,53,2
1790907,0,1270,0,40,3,0,2,1,2,36,2
1790911,0,1270,0,40,2,0,2,1,2,39,2
1790915,0,1270,0,40,2,0,2,1,2,56,2
1790919,0,1270,0,40,3,0,2,1,2,64,2
1790923,0,1270,0,40,3,0,2,1,2,53,2
1790927,0,1270,0,40,2,0,2,1,2,37,2
1790931,0,1270,0,40,2,0,2,1,2,59,2
1790935,0,1270,0,40,3,0,2,1,2,50,2
1790939,0,1270,0,40,3,0,2,1,2,48,2
1790943,0,1270,0,40,3,0,2,1,2,20,2
1790947,0,1270,0,40,2,0,2,1,2,24,2
1790951,0,1270,0,40,2,0,2,1,2,67,2
1790955,0,1270,0,40,3,0,2,1,2,22,2
1790959,0,1270,0,40,2,0,2,1,2,70,2
1790963,0,1270,0,40,3,0,2,1,2,22,2
1790967,0,1270,0,40,3,0,2,1,2,70,2
1790971,0,1270,0,40,2,0,2,1,2,37,2
1790975,0,1270,0,40,2,0,2,1,2,68,2
1790979,0,1270,0,40,2,0,2,1,2,90,2
1790983,0,1270,0,40,3,0,2,1,2,34,2
1790987,0,1270,0,40,2,0,2,1,2,46,2
1790991,0,1270,0,40,3,0,2,1,2,45,2
1790995,0,1270,0,40,2,0,2,1,2,38,2
1790999,0,1270,0,40,2,0,2,1,2,86,2
1791003,0,1270,0,40,3,0,2,1,2,53,2
1791007,0,1270,0,40,3,0,2,1,2,36,2
1791011,0,1270,0,40,3,0,2,1,2,28,2
1791015,0,1270,0,40,2,0,2,1,2,25,2
1791019,0,1270,0,40,3,0,2,1,2,34,2
1791023,0,1270,0,40,3,0,2,1,2,42,2
1791026,0,1270,0,40,3,0,2,1,2,34,2
1791028,0,1270,0,40,2,0,2,1,2,34,2
1791030,0,1270,0,40,3,0,2,1,2,42,2
1791032,0,1270,0,40,2,0,2,1,2,47,2
1791034,0,1270,0,40,2,0,2,1,2,47,2
1791036,0,1270,0,40,3,0,2,1,2,53,2
1791038,0,1270,0,40,2,0,2,1,2,76,2
1791040,0,1270,0,40,3,0,2,1,2,29,2
1791042,0,1270,0,40,2,0,2,1,2,29,2
1791044,0,1270,0,40,2,0,2,1,2,74,2
1791046,0,1270,0,40,2,0,2,1,2,68,2
1791048,0,1270,0,40,3,0,2,1,2,30,2
1791050,0,1270,0,40,2,0,2,1,2,16,2
1791052,0,1270,0,40,2,0,2,1,2,50,2
1791054,0,1270,0,40,2,0,2,1,2,44,2
1791056,0,1270,0,40,3,0,2,1,2,92,2
1791058,0,1270,0,40,2,0,2,1,2,32,2
1791060,0,1270,0,40,3,0,2,1,2,68,2
1791062,0,1270,0,40,3,0,2,1,2,30,2
1791064,0,1270,0,40,2,0,2,1,2,65,2
1791066,0,1270,0,40,2,0,2,1,2,33,2
1791068,0,1270,0,40,2,0,2,1,2,48,2
1791070,0,1270,0,40,2,0,2,1,2,30,2
1791072,0,1270,0,40,3,0,2,1,2,55,2
1791074,0,1270,0,40,3,0,2,1,2,47,2
1791076,0,1270,0,40,2,0,2,1,2,36,2
1791078,0,1270,0,40,2,0,2,1,2,30,2
1791080,0,1270,0,40,2,0,2,1,2,32,2
1791082,0,1270,0,40,2,0,2,1,2,55,2
1791084,0,1270,0,40,2,0,2,1,2,61,2
1791086,0,1270,0,40,2,0,2,1,2,59,2
1791088,0,1270,0,40,3,0,2,1,2,24,2
1791090,0,1270,0,40,3,0,2,1,2,27,2
1791092,0,1270,0,40,2,0,2,1,2,8,2
1791094,0,1270,0,40,2,0,2,1,2,18,2
1791096,0,1270,0,40,2,0,2,1,2,51,2
1791098,0,1270,0,40,2,0,2,1,2,33,2
1791100,0,1270,0,40,2,0,2,1,2,81,2
1791102,0,1270,0,40,3,0,2,1,2,27,2
1791104,0,1270,0,40,3,0,2,1,2,37,2
1791106,0,1270,0,40,3,0,2,1,2,51,2
1791108,0,1270,0,40,2,0,2,1,2,62,2
1791110,0,1270,0,40,2,0,2,1,2,55,2
1791112,0,1270,0,40,2,0,2,1,2,8,2
1791114,0,1270,0,40,3,0,2,1,2,55,2
1791116,0,1270,0,40,2,0,2,1,2,64,2
1791118,0,1270,0,40,2,0,2,1,2,22,2
1791120,0,1270,0,40,3,0,2,1,2,28,2
1791122,0,1270,0,40,3,0,2,1,2,24,2
1791124,0,1270,0,40,2,0,2,1,2,50,2
1791126,0,1270,0,40,2,0,2,1,2,17,2
1791128,0,1270,0,40,2,0,2,1,2,104,2
1791130,0,1270,0,40,2,0,2,1,2,44,2
1791132,0,1270,0,40,3,0,2,1,2,42,2
1791134,0,1270,0,40,2,0,2,1,2,25,2
1791136,0,1270,0,40,2,0,2,1,2,19,2
1791138,0,1270,0,40,2,0,2,1,2,28,2
1791140,0,1270,0,40,2,0,2,1,2,20,2
1791142,0,1270,0,40,2,0,2,1,2,48,2
1791144,0,1270,0,40,3,0,2,1,2,32,2
1791146,0,1270,0,40,2,0,2,1,2,18,2
1791148,0,1270,0,40,2,0,2,1,2,40,2
1791150,0,1270,0,40,3,0,2,1,2,26,2
1791152,0,1270,0,40,2,0,2,1,2,52,2
1791154,0,1270,0,40,3,0,2,1,2,13,2
1791156,0,1270,0,40,3,0,2,1,2,98,2
1791158,0,1270,0,40,3,0,2,1,2,18,2
1791160,0,1270,0,40,2,0,2,1,2,27,2
1791162,0,1270,0,40,3,0,2,1,2,47,2
1791164,0,1270,0,40,3,0,2,1,2,52,2
1791166,0,1270,0,40,2,0,2,1,2,61,2
1791168,0,1270,0,40,3,0,2,1,2,94,2
1791170,0,1270,0,40,3,0,2,1,2,26,2
1791172,0,1270,0,40,3,0,2,1,2,24,2
1791174,0,1270,0,40,2,0,2,1,2,40,2
1791176,0,1270,0,40,3,0,2,1,2,34,2
1791178,0,1270,0,40,3,0,2,1,2,61,2
1791180,0,1270,0,40,2,0,2,1,2,30,2
1791182,0,1270,0,40,2,0,2,1,2,38,2
1791184,0,1270,0,40,2,0,2,1,2,19,2
1791186,0,1270,0,40,3,0,2,1,2,70,2
1791188,0,1270,0,40,2,0,2,1,2,22,2
1791190,0,1270,0,40,2,0,2,1,2,27,2
1791192,0,1270,0,40,3,0,2,1,2,60,2
1791194,0,1270,0,40,2,0,2,1,2,20,2
1791196,0,1270,0,40,2,0,2,1,2,23,2
1791198,0,1270,0,40,3,0,2,1,2,26,2
1791200,0,1270,0,40,2,0,2,1,2,37,2
1791202,0,1270,0,40,2,0,2,1,2,40,2
1791204,0,1270,0,40,3,0,2,1,2,70,2
1791206,0,1270,0,40,3,0,2,1,2,22,2
1791208,0,1270,0,40,3,0,2,1,2,36,2
1791210,0,1270,0,40,3,0,2,1,2,34,2
1791212,0,1270,0,40,3,0,2,1,2,52,2
1791214,0,1270,0,40,3,0,2,1,2,23,2
1791216,0,1270,0,40,2,0,2,1,2,60,2
1791218,0,1270,0,40,2,0,2,1,2,55,2
1791220,0,1270,0,40,3,0,2,1,2,33,2
1791222,0,1270,0,40,2,0,2,1,2,52,2
1791224,0,1270,0,40,2,0,2,1,2,68,2
1791226,0,1270,0,40,2,0,2,1,2,82,2
1791228,0,1270,0,40,2,0,2,1,2,41,2
1791230,0,1270,0,40,3,0,2,1,2,71,2
1791232,0,1270,0,40,3,0,2,1,2,59,2
1791234,0,1270,0,40,2,0,2,1,2,56,2
1791236,0,1270,0,40,3,0,2,1,2,42,2
1791238,0,1270,0,40,2,0,2,1,2,35,2
1791240,0,1270,0,40,3,0,2,1,2,12,2
1791242,0,1270,0,40,3,0,2,1,2,25,2
1791244,0,1270,0,40,2,0,2,1,2,40,2
1791246,0,1270,0,40,2,0,2,1,2,22,2
1791248,0,1270,0,40,2,0,2,1,2,79,2
1791250,0,1270,0,40,3,0,2,1,2,19,2
1791252,0,1270,0,40,2,0,2,1,2,56,2
1791254,0,1270,0,40,3,0,2,1,2,23,2
1791256,0,1270,0,40,2,0,2,1,2,39,2
1791258,0,1270,0,40,3,0,2,1,2,25,2
1791260,0,1270,0,40,3,0,2,1,2,49,2
1791262,0,1270,0,40,3,0,2,1,2,47,2
1791264,0,1270,0,40,3,0,2,1,2,80,2
1791266,0,1270,0,40,3,0,2,1,2,22,2
1791268,0,1270,0,40,2,0,2,1,2,66,2
1791270,0,1270,0,40,2,0,2,1,2,43,2
1791272,0,1270,0,40,3,0,2,1,2,19,2
1791274,0,1270,0,40,3,0,2,1,2,82,2
1791276,0,1270,0,40,3,0,2,1,2,22,2
1791278,0,1270,0,40,3,0,2,1,2,66,2
1791280,0,1270,0,40,2,0,2,1,2,23,2
1791282,0,1270,0,40,3,0,2,1,2,30,2
1791284,0,1270,0,40,3,0,2,1,2,26,2
1791286,0,1270,0,40,3,0,2,1,2,76,2
1791288,0,1270,0,40,3,0,2,1,2,56,2
1791290,0,1270,0,40,3,0,2,1,2,37,2
1791292,0,1270,0,40,3,0,2,1,2,48,2
1791294,0,1270,0,40,3,0,2,1,2,40,2
1791296,0,1270,0,40,2,0,2,1,2,84,2
1791298,0,1270,0,40,2,0,2,1,2,22,2
1791300,0,1270,0,40,3,0,2,1,2,49,2
1791302,0,1270,0,40,2,0,2,1,2,53,2
1791304,0,1270,0,40,3,0,2,1,2,40,2
1791306,0,1270,0,40,3,0,2,1,2,51,2
1791308,0,1270,0,40,3,0,2,1,2,36,2
1791310,0,1270,0,40,2,0,2,1,2,58,2
1791312,0,1270,0,40,3,0,2,1,2,69,2
1791314,0,1270,0,40,3,0,2,1,2,76,2
1791316,0,1270,0,40,3,0,2,1,2,52,2
1791318,0,1270,0,40,3,0,2,1,2,29,2
1791320,0,1270,0,40,3,0,2,1,2,38,2
1791322,0,1270,0,40,3,0,2,1,2,48,2
1791324,0,1270,0,40,3,0,2,1,2,18,2
1791326,0,1270,0,40,2,0,2,1,2,69,2
1791328,0,1270,0,40,3,0,2,1,2,53,2
1791330,0,1270,0,40,3,0,2,1,2,14,2
1791332,0,1270,0,40,2,0,2,1,2,89,2
1791334,0,1270,0,40,3,0,2,1,2,63,2
1791336,0,1270,0,40,2,0,2,1,2,137,2
1791338,0,1270,0,40,3,0,2,1,2,18,2
1791340,0,1270,0,40,3,0,2,1,2,52,2
1791342,0,1270,0,40,3,0,2,1,2,52,2
1791344,0,1270,0,40,2,0,2,1,2,46,2
1791346,0,1270,0,40,2,0,2,1,2,49,2
1791348,0,1270,0,40,3,0,2,1,2,48,2
1791350,0,1270,0,40,3,0,2,1,2,35,2
1791352,0,1270,0,40,3,0,2,1,2,42,2
1791354,0,1270,0,40,2,0,2,1,2,25,2
1791356,0,1270,0,40,2,0,2,1,2,38,2
1791358,0,1270,0,40,3,0,2,1,2,21,2
1791360,0,1270,0,40,2,0,2,1,2,33,2
1791362,0,1270,0,40,2,0,2,1,2,21,2
1791364,0,1270,0,40,2,0,2,1,2,56,2
1791366,0,1270,0,40,3,0,2,1,2,33,2
1791368,0,1270,0,40,3,0,2,1,2,59,2
1791370,0,1270,0,40,3,0,2,1,2,21,2
1791372,0,1270,0,40,2,0,2,1,2,45,2
1791374,0,1270,0,40,3,0,2,1,2,60,2
1791376,0,1270,0,40,3,0,2,1,2,33,2
1791378,0,1270,0,40,3,0,2,1,2,39,2
1791380,0,1270,0,40,2,0,2,1,2,45,2
1791382,0,1270,0,40,3,0,2,1,2,38,2
1791384,0,1270,0,40,2,0,2,1,2,76,2
1791386,0,1270,0,40,3,0,2,1,2,35,2
1791388,0,1270,0,40,3,0,2,1,2,35,2
1791390,0,1270,0,40,2,0,2,1,2,66,2
1791392,0,1270,0,40,3,0,2,1,2,64,2
1791394,0,1270,0,40,2,0,2,1,2,59,2
1791396,0,1270,0,40,3,0,2,1,2,28,2
1791398,0,1270,0,40,2,0,2,1,2,36,2
1791400,0,1270,0,40,2,0,2,1,2,21,2
1791402,0,1270,0,40,3,0,2,1,2,77,2
1791404,0,1270,0,40,3,0,2,1,2,21,2
1791406,0,1270,0,40,2,0,2,1,2,87,2
1791408,0,1270,0,40,3,0,2,1,2,57,2
1791410,0,1270,0,40,2,0,2,1,2,48,2
1791412,0,1270,0,40,2,0,2,1,2,54,2
1791414,0,1270,0,40,2,0,2,1,2,68,2
1791416,0,1270,0,40,2,0,2,1,2,49,2
1791418,0,1270,0,40,2,0,2,1,2,47,2
1791420,0,1270,0,40,3,0,2,1,2,28,2
1791422,0,1270,0,40,3,0,2,1,2,35,2
1791424,0,1270,0,40,2,0,2,1,2,43,2
1791426,0,1270,0,40,3,0,2,1,2,55,2
1791428,0,1270,0,40,3,0,2,1,2,76,2
1791430,0,1270,0,40,3,0,2,1,2,63,2
1791432,0,1270,0,40,3,0,2,1,2,24,2
1791434,0,1270,0,40,2,0,2,1,2,80,2
1791436,0,1270,0,40,2,0,2,1,2,63,2
1791438,0,1270,0,40,3,0,2,1,2,39,2
1791440,0,1270,0,40,2,0,2,1,2,34,2
1791442,0,1270,0,40,2,0,2,1,2,34,2
1791444,0,1270,0,40,2,0,2,1,2,116,2
1791446,0,1270,0,40,2,0,2,1,2,43,2
1791448,0,1270,0,40,3,0,2,1,2,42,2
1791450,0,1270,0,40,3,0,2,1,2,33,2
1791452,0,1270,0,40,3,0,2,1,2,39,2
1791454,0,1270,0,40,3,0,2,1,2,35,2
1791456,0,1270,0,40,2,0,2,1,2,29,2
1791458,0,1270,0,40,2,0,2,1,2,46,2
1791460,0,1270,0,40,2,0,2,1,2,40,2
1791462,0,1270,0,40,2,0,2,1,2,37,2
1791464,0,1270,0,40,2,0,2,1,2,61,2
1791466,0,1270,0,40,2,0,2,1,2,112,2
1791468,0,1270,0,40,3,0,2,1,2,28,2
1791470,0,1270,0,40,3,0,2,1,2,21,2
1791472,0,1270,0,40,2,0,2,1,2,63,2
1791474,0,1270,0,40,3,0,2,1,2,31,2
1791476,0,1270,0,40,2,0,2,1,2,31,2
1791478,0,1270,0,40,2,0,2,1,2,34,2
1791480,0,1270,0,40,3,0,2,1,2,27,2
1791482,0,1270,0,40,2,0,2,1,2,17,2
1791484,0,1270,0,40,2,0,2,1,2,51,2
1791486,0,1270,0,40,3,0,2,1,2,22,2
1791488,0,1270,0,40,3,0,2,1,2,33,2
1791490,0,1270,0,40,2,0,2,1,2,37,2
1791492,0,1270,0,40,3,0,2,1,2,23,2
1791494,0,1270,0,40,3,0,2,1,2,39,2
1791496,0,1270,0,40,3,0,2,1,2,31,2
1791498,0,1270,0,40,3,0,2,1,2,28,2
1791500,0,1270,0,40,3,0,2,1,2,63,2
1791502,0,1270,0,40,2,0,2,1,2,23,2
1791504,0,1270,0,40,2,0,2,1,2,15,2
1791506,0,1270,0,40,3,0,2,1,2,25,2
1791508,0,1270,0,40,2,0,2,1,2,37,2
1791510,0,1270,0,40,2,0,2,1,2,28,2
1791512,0,1270,0,40,3,0,2,1,2,59,2
1791514,0,1270,0,40,2,0,2,1,2,45,2
1791516,0,1270,0,40,2,0,2,1,2,33,2
1791518,0,1270,0,40,2,0,2,1,2,49,2
1791520,0,1270,0,40,2,0,2,1,2,50,2
1791522,0,1270,0,40,3,0,2,1,2,47,2
1791524,0,1270,0,40,2,0,2,1,2,40,2
1791526,0,1270,0,40,3,0,2,1,2,22,2
1791528,0,1270,0,40,3,0,2,1,2,38,2
1791530,0,1270,0,40,3,0,2,1,2,105,2
1791532,0,1270,0,40,3,0,2,1,2,49,2
1791534,0,1270,0,40,2,0,2,1,2,20,2
1791536,0,1270,0,40,2,0,2,1,2,28,2
1791538,0,1270,0,40,3,0,2,1,2,38,2
1791540,0,1270,0,40,2,0,2,1,2,14,2
1791542,0,1270,0,40,3,0,2,1,2,40,2
1791544,0,1270,0,40,2,0,2,1,2,38,2
1791546,0,1270,0,40,2,0,2,1,2,44,2
1791548,0,1270,0,40,3,0,2,1,2,39,2
1791550,0,1270,0,40,2,0,2,1,2,47,2
1791552,0,1270,0,40,3,0,2,1,2,32,2
1791554,0,1270,0,40,2,0,2,1,2,25,2
1791556,0,1270,0,40,2,0,2,1,2,20,2
1791558,0,1270,0,40,2,0,2,1,2,26,2
1791560,0,1270,0,40,2,0,2,1,2,47,2
1791562,0,1270,0,40,3,0,2,1,2,81,2
1791564,0,1270,0,40,3,0,2,1,2,35,2
1791566,0,1270,0,40,2,0,2,1,2,38,2
1791568,0,1270,0,40,2,0,2,1,2,33,2
1791570,0,1270,0,40,3,0,2,1,2,17,2
1791572,0,1270,0,40,2,0,2,1,2,31,2
1791574,0,1270,0,40,2,0,2,1,2,39,2
1791576,0,1270,0,40,2,0,2,1,2,34,2
1791578,0,1270,0,40,2,0,2,1,2,83,2
1791580,0,1270,0,40,3,0,2,1,2,60,2
1791582,0,1270,0,40,3,0,2,1,2,13,2
1791584,0,1270,0,40,3,0,2,1,2,22,2
1791586,0,1270,0,40,3,0,2,1,2,41,2
1791588,0,1270,0,40,3,0,2,1,2,71,2
1791590,0,1270,0,40,2,0,2,1,2,41,2
1733132,0,1270,0,40,3,3,2,1,30,25,2
