id,inf_state,current_time,infected_time,ct_value,ct_type_method,number_of_bites,species,sex,current_age,death_day,sim_number,
3583107,0,11,0,40,3,0,2,1,19,41,7
3583150,0,11,0,40,2,0,2,1,18,55,7
3583163,0,11,0,40,2,0,2,1,16,32,7
3583183,0,11,0,40,2,0,2,1,16,66,7
3583193,0,11,0,40,3,0,2,1,23,25,7
3583210,0,11,0,40,3,0,2,1,16,24,7
3583252,0,11,0,40,3,0,2,1,22,38,7
3583271,0,11,0,40,3,0,2,1,29,65,7
3583331,0,11,0,40,2,0,2,1,15,43,7
3583357,1,11,0,40,2,0,2,1,14,51,7
3583401,0,11,0,40,3,0,2,1,14,50,7
3583420,0,11,0,40,3,0,2,1,18,22,7
3583421,0,11,0,40,2,0,2,1,13,66,7
3583453,0,11,0,40,3,0,2,1,14,47,7
3583465,0,11,0,40,2,0,2,1,18,57,7
3583479,0,11,0,40,3,0,2,1,18,27,7
3583502,0,11,0,40,3,0,2,1,16,57,7
3583547,0,11,0,40,3,0,2,1,16,68,7
3583625,0,11,0,40,3,0,2,1,14,93,7
3583650,0,11,0,40,3,0,2,1,14,25,7
3583651,0,11,0,40,3,0,2,1,17,13,7
3583724,1,11,0,40,2,0,2,1,13,49,7
3583756,0,11,0,40,3,0,2,1,15,58,7
3583773,0,11,0,40,2,0,2,1,13,40,7
3583820,0,11,0,40,2,0,2,1,16,27,7
3583847,0,11,0,40,3,0,2,1,16,18,7
3583969,0,11,0,40,2,0,2,1,18,21,7
3583972,0,11,0,40,2,0,2,1,13,57,7
3584159,0,11,0,40,3,0,2,1,23,26,7
3584171,0,11,0,40,3,0,2,1,19,52,7
3584221,0,11,0,40,3,0,2,1,15,67,7
3584240,0,11,0,40,3,0,2,1,21,68,7
3584269,0,11,0,40,3,0,2,1,23,62,7
3584276,0,11,0,40,3,0,2,1,18,13,7
3584313,0,11,0,40,2,0,2,1,13,56,7
3584358,0,11,0,40,3,0,2,1,16,78,7
3584398,0,11,0,40,3,0,2,1,24,57,7
3584487,0,11,0,40,2,0,2,1,12,26,7
3584545,0,11,0,40,3,0,2,1,13,59,7
3584552,0,11,0,40,2,0,2,1,14,78,7
3584630,0,11,0,40,2,0,2,1,17,53,7
3584689,0,11,0,40,3,0,2,1,18,14,7
3584720,0,11,0,40,3,0,2,1,21,45,7
3584807,0,11,0,40,2,0,2,1,14,30,7
3584825,0,11,0,40,3,0,2,1,21,54,7
3584863,0,11,0,40,2,0,2,1,20,91,7
3584882,0,11,0,40,2,0,2,1,11,58,7
3584896,0,11,0,40,2,0,2,1,19,32,7
3584985,0,11,0,40,2,0,2,1,13,34,7
3585009,0,11,0,40,3,0,2,1,24,30,7
3585023,0,11,0,40,2,0,2,1,12,21,7
3585046,0,11,0,40,3,0,2,1,14,17,7
3585082,0,11,0,40,2,0,2,1,12,98,7
3585090,0,11,0,40,2,0,2,1,20,32,7
3585136,0,11,0,40,3,0,2,1,21,11,7
3585179,0,11,0,40,2,0,2,1,16,21,7
3585199,0,11,0,40,2,0,2,1,14,47,7
3585223,0,11,0,40,3,0,2,1,14,97,7
3585241,0,11,0,40,3,0,2,1,12,80,7
3585268,0,11,0,40,2,0,2,1,13,60,7
3585275,0,11,0,40,2,0,2,1,19,64,7
3585308,0,11,0,40,2,0,2,1,13,54,7
3585309,1,11,0,40,2,0,2,1,18,56,7
3585349,0,11,0,40,2,0,2,1,15,86,7
3585382,0,11,0,40,2,0,2,1,14,9,7
3585388,0,11,0,40,2,0,2,1,17,40,7
3585435,1,11,0,40,3,0,2,1,15,35,7
3585458,0,11,0,40,3,0,2,1,20,80,7
3585479,0,11,0,40,3,0,2,1,11,31,7
3585550,0,11,0,40,3,0,2,1,24,40,7
3585580,0,11,0,40,2,0,2,1,13,51,7
3585592,0,11,0,40,3,0,2,1,13,39,7
3585669,0,11,0,40,2,0,2,1,21,55,7
3585685,0,11,0,40,3,0,2,1,21,58,7
3585687,0,11,0,40,2,0,2,1,16,64,7
3585742,0,11,0,40,3,0,2,1,29,39,7
3585755,0,11,0,40,2,0,2,1,12,39,7
3585772,0,11,0,40,2,0,2,1,12,106,7
3585805,0,11,0,40,2,0,2,1,23,80,7
3585825,0,11,0,40,3,0,2,1,21,44,7
3585858,0,11,0,40,2,0,2,1,17,79,7
3585968,0,11,0,40,2,0,2,1,19,27,7
3585984,0,11,0,40,2,0,2,1,30,26,7
3586022,0,11,0,40,3,0,2,1,15,72,7
3586078,0,11,0,40,2,0,2,1,14,22,7
3586159,0,11,0,40,2,0,2,1,14,30,7
3586206,0,11,0,40,2,0,2,1,13,31,7
3586217,0,11,0,40,3,0,2,1,13,38,7
3586264,0,11,0,40,2,0,2,1,16,61,7
3586268,0,11,0,40,3,0,2,1,13,56,7
3586317,0,11,0,40,3,0,2,1,18,37,7
3586433,0,11,0,40,3,0,2,1,16,58,7
3586479,0,11,0,40,2,0,2,1,20,38,7
3586552,0,11,0,40,3,0,2,1,13,39,7
3586556,0,11,0,40,3,0,2,1,14,20,7
3586562,0,11,0,40,3,0,2,1,20,38,7
3586601,0,11,0,40,2,0,2,1,19,32,7
3586644,0,11,0,40,2,0,2,1,25,18,7
3586708,0,11,0,40,3,0,2,1,20,21,7
3586724,0,11,0,40,2,0,2,1,11,35,7
3586769,0,11,0,40,2,0,2,1,30,39,7
3586859,0,11,0,40,3,0,2,1,14,49,7
3586927,0,11,0,40,2,0,2,1,18,35,7
3586941,0,11,0,40,3,0,2,1,19,50,7
3586995,0,11,0,40,2,0,2,1,29,69,7
3587057,0,11,0,40,3,0,2,1,14,52,7
3587135,0,11,0,40,2,0,2,1,14,51,7
3587194,0,11,0,40,2,0,2,1,19,31,7
3587211,0,11,0,40,3,0,2,1,19,34,7
3587219,0,11,0,40,2,0,2,1,26,44,7
3587235,0,11,0,40,3,0,2,1,24,35,7
3587244,0,11,0,40,2,0,2,1,14,30,7
3587251,0,11,0,40,2,0,2,1,12,35,7
3587304,0,11,0,40,2,0,2,1,11,32,7
3587322,0,11,0,40,2,0,2,1,18,41,7
3587438,0,11,0,40,2,0,2,1,15,42,7
3587475,0,11,0,40,2,0,2,1,15,14,7
3587493,0,11,0,40,2,0,2,1,13,32,7
3587524,0,11,0,40,2,0,2,1,12,74,7
3587568,0,11,0,40,3,0,2,1,15,70,7
3587593,0,11,0,40,2,0,2,1,15,22,7
3587628,0,11,0,40,3,0,2,1,12,20,7
3587688,0,11,0,40,3,0,2,1,12,39,7
3587708,0,11,0,40,2,0,2,1,15,67,7
3587742,0,11,0,40,3,0,2,1,13,41,7
3587751,0,11,0,40,2,0,2,1,14,24,7
3587755,0,11,0,40,3,0,2,1,15,45,7
3587756,0,11,0,40,3,0,2,1,14,39,7
3587764,0,11,0,40,2,0,2,1,22,29,7
3587844,0,11,0,40,2,0,2,1,18,89,7
3587861,0,11,0,40,2,0,2,1,18,58,7
3588009,0,11,0,40,2,0,2,1,15,61,7
3588056,0,11,0,40,3,0,2,1,16,47,7
3588112,0,11,0,40,3,0,2,1,12,25,7
3588133,0,11,0,40,3,0,2,1,25,25,7
3588246,0,11,0,40,2,0,2,1,13,23,7
3588247,0,11,0,40,3,0,2,1,15,21,7
3588274,0,11,0,40,2,0,2,1,12,44,7
3588281,0,11,0,40,3,0,2,1,14,71,7
3588293,0,11,0,40,3,0,2,1,14,44,7
3588312,0,11,0,40,3,0,2,1,16,33,7
3588319,0,11,0,40,3,0,2,1,14,30,7
3588342,0,11,0,40,2,0,2,1,11,46,7
3588357,0,11,0,40,3,0,2,1,24,49,7
3588441,0,11,0,40,2,0,2,1,13,63,7
3588492,0,11,0,40,2,0,2,1,18,40,7
3588499,0,11,0,40,2,0,2,1,14,28,7
3588588,0,11,0,40,2,0,2,1,15,32,7
3588636,0,11,0,40,3,0,2,1,23,30,7
3588668,0,11,0,40,3,0,2,1,11,33,7
3588699,0,11,0,40,2,0,2,1,12,72,7
3588706,0,11,0,40,2,0,2,1,15,51,7
3588713,0,11,0,40,3,0,2,1,22,48,7
3588723,0,11,0,40,2,0,2,1,20,94,7
3588745,0,11,0,40,3,0,2,1,16,26,7
3588765,0,11,0,40,2,0,2,1,15,35,7
3588797,1,11,0,40,2,0,2,1,18,45,7
3588842,0,11,0,40,3,0,2,1,23,35,7
3588843,0,11,0,40,2,0,2,1,22,17,7
3588881,0,11,0,40,3,0,2,1,12,29,7
3588925,0,11,0,40,3,0,2,1,14,24,7
3588949,0,11,0,40,2,0,2,1,24,43,7
3588955,0,11,0,40,2,0,2,1,19,50,7
3589004,0,11,0,40,2,0,2,1,14,24,7
3589006,0,11,0,40,3,0,2,1,16,70,7
3589029,0,11,0,40,3,0,2,1,18,36,7
3589107,0,11,0,40,2,0,2,1,21,23,7
3589118,0,11,0,40,2,0,2,1,12,52,7
3589155,0,11,0,40,2,0,2,1,19,73,7
3589210,0,11,0,40,3,0,2,1,20,22,7
3589239,0,11,0,40,3,0,2,1,14,36,7
3589250,0,11,0,40,2,0,2,1,21,37,7
3589289,0,11,0,40,2,0,2,1,12,134,7
3589312,0,11,0,40,2,0,2,1,14,84,7
3589400,0,11,0,40,2,0,2,1,19,29,7
3589413,0,11,0,40,2,0,2,1,17,46,7
3589514,0,11,0,40,3,0,2,1,21,37,7
3589532,0,11,0,40,2,0,2,1,17,63,7
3589538,0,11,0,40,3,0,2,1,15,34,7
3589546,0,11,0,40,2,0,2,1,13,38,7
3589548,0,11,0,40,3,0,2,1,14,46,7
3589562,0,11,0,40,2,0,2,1,23,13,7
3589602,0,11,0,40,3,0,2,1,11,43,7
3589607,0,11,0,40,2,0,2,1,14,16,7
3589665,0,11,0,40,3,0,2,1,11,75,7
3589698,0,11,0,40,2,0,2,1,18,49,7
3589726,0,11,0,40,3,0,2,1,13,84,7
3589736,0,11,0,40,2,0,2,1,18,14,7
3589805,0,11,0,40,2,0,2,1,23,44,7
3589847,0,11,0,40,2,0,2,1,12,35,7
3589929,0,11,0,40,3,0,2,1,11,37,7
3589971,0,11,0,40,3,0,2,1,15,51,7
3590042,0,11,0,40,2,0,2,1,14,15,7
3590088,0,11,0,40,3,0,2,1,23,53,7
3590112,0,11,0,40,3,0,2,1,17,42,7
3590170,0,11,0,40,3,0,2,1,17,48,7
3590228,0,11,0,40,2,0,2,1,15,40,7
3590264,0,11,0,40,2,0,2,1,13,36,7
3590290,0,11,0,40,2,0,2,1,12,58,7
3590308,0,11,0,40,2,0,2,1,19,9,7
3590370,0,11,0,40,2,0,2,1,21,17,7
3590440,0,11,0,40,2,0,2,1,17,44,7
3590513,0,11,0,40,2,0,2,1,13,37,7
3590556,0,11,0,40,3,0,2,1,15,46,7
3590565,1,11,0,40,2,0,2,1,16,14,7
3590584,0,11,0,40,3,0,2,1,16,50,7
3590607,0,11,0,40,3,0,2,1,23,62,7
3590612,0,11,0,40,2,0,2,1,20,33,7
3590660,0,11,0,40,3,0,2,1,21,97,7
3590661,0,11,0,40,3,0,2,1,15,23,7
3590685,0,11,0,40,2,0,2,1,14,30,7
3590706,0,11,0,40,3,0,2,1,12,103,7
3590718,0,11,0,40,2,0,2,1,25,57,7
3590756,0,11,0,40,3,0,2,1,14,50,7
3590787,0,11,0,40,3,0,2,1,14,30,7
3590810,0,11,0,40,3,0,2,1,14,31,7
3590865,0,11,0,40,2,0,2,1,13,37,7
3590893,0,11,0,40,3,0,2,1,15,76,7
3590967,0,11,0,40,2,0,2,1,13,26,7
3590986,0,11,0,40,3,0,2,1,14,40,7
3591041,0,11,0,40,2,0,2,1,18,42,7
3591152,0,11,0,40,3,0,2,1,19,53,7
3591166,0,11,0,40,3,0,2,1,14,89,7
3591186,0,11,0,40,2,0,2,1,13,48,7
3591275,0,11,0,40,2,0,2,1,16,34,7
3591326,0,11,0,40,3,0,2,1,12,42,7
3591358,0,11,0,40,3,0,2,1,19,55,7
3591383,0,11,0,40,2,0,2,1,15,18,7
3591399,0,11,0,40,2,0,2,1,15,47,7
3591481,0,11,0,40,3,0,2,1,24,48,7
3591576,0,11,0,40,3,0,2,1,22,70,7
3591628,0,11,0,40,2,0,2,1,13,120,7
3591689,0,11,0,40,3,0,2,1,17,59,7
3591752,0,11,0,40,2,0,2,1,15,52,7
3591763,0,11,0,40,2,0,2,1,12,38,7
3591771,0,11,0,40,2,0,2,1,15,68,7
3591808,0,11,0,40,2,0,2,1,21,63,7
3591852,0,11,0,40,2,0,2,1,14,71,7
3591885,0,11,0,40,2,0,2,1,11,47,7
3591899,0,11,0,40,3,0,2,1,20,63,7
3591910,0,11,0,40,2,0,2,1,16,73,7
3591926,0,11,0,40,3,0,2,1,15,41,7
3591943,0,11,0,40,3,0,2,1,15,38,7
3591951,0,11,0,40,3,0,2,1,19,83,7
3592033,0,11,0,40,3,0,2,1,15,18,7
3592114,0,11,0,40,3,0,2,1,16,69,7
3592128,0,11,0,40,3,0,2,1,24,54,7
3592138,0,11,0,40,3,0,2,1,17,39,7
3592217,0,11,0,40,2,0,2,1,19,43,7
3592307,0,11,0,40,3,0,2,1,11,53,7
3592310,0,11,0,40,2,0,2,1,21,59,7
3592372,0,11,0,40,3,0,2,1,11,37,7
3592440,0,11,0,40,2,0,2,1,14,57,7
3592514,0,11,0,40,3,0,2,1,17,77,7
3592584,0,11,0,40,3,0,2,1,20,43,7
3592596,0,11,0,40,2,0,2,1,14,30,7
3592657,0,11,0,40,3,0,2,1,11,45,7
3592768,0,11,0,40,2,0,2,1,32,69,7
3592828,0,11,0,40,2,0,2,1,14,29,7
3592921,0,11,0,40,2,0,2,1,20,15,7
3585248,0,11,0,40,3,1,2,1,15,97,7
3591780,0,11,0,40,2,1,2,1,21,45,7
3584360,0,11,0,40,2,1,2,1,12,62,7
3591156,0,11,0,40,3,1,2,1,15,72,7
3584301,0,11,0,40,2,1,2,1,9,30,7
3586550,0,11,0,40,2,1,2,1,24,25,7
3588165,0,11,0,40,3,1,2,1,22,59,7
3589713,0,11,0,40,3,1,2,1,11,64,7
3590193,0,11,0,40,3,1,2,1,12,67,7
3591864,0,11,0,40,3,1,2,1,11,28,7
3591964,0,11,0,40,3,1,2,1,12,16,7
3592229,0,11,0,40,3,1,2,1,13,64,7
3592472,0,11,0,40,3,1,2,1,11,20,7
3593014,0,11,0,40,2,1,2,1,13,52,7
3585379,0,11,0,40,3,1,2,1,22,35,7
3586499,0,11,0,40,3,1,2,1,12,44,7
3587899,0,11,0,40,3,1,2,1,14,63,7
3583278,0,11,0,40,3,1,2,1,12,46,7
3583890,0,11,0,40,3,1,2,1,14,40,7
3584244,0,11,0,40,3,1,2,1,10,27,7
3584554,0,11,0,40,3,1,2,1,18,57,7
3584802,0,11,0,40,3,1,2,1,16,34,7
3585274,0,11,0,40,3,1,2,1,12,70,7
3586090,0,11,0,40,2,1,2,1,12,37,7
3586747,0,11,0,40,2,1,2,1,18,38,7
3587548,0,11,0,40,2,1,2,1,16,42,7
3588760,0,11,0,40,2,1,2,1,10,45,7
3589423,0,11,0,40,2,1,2,1,19,72,7
3589893,0,11,0,40,3,1,2,1,18,27,7
3590490,0,11,0,40,2,1,2,1,9,25,7
3592113,0,11,0,40,3,1,2,1,9,67,7
3592493,0,11,0,40,3,1,2,1,20,21,7
3583583,0,11,0,40,2,1,2,1,14,40,7
3584046,0,11,0,40,3,1,2,1,17,53,7
3584610,0,11,0,40,3,1,2,1,12,74,7
3584632,0,11,0,40,3,1,2,1,19,14,7
3585738,0,11,0,40,2,1,2,1,20,103,7
3587068,0,11,0,40,3,1,2,1,9,34,7
3587538,0,11,0,40,3,1,2,1,11,36,7
3590246,0,11,0,40,3,1,2,1,9,23,7
3590460,0,11,0,40,2,1,2,1,14,16,7
3590926,0,11,0,40,2,1,2,1,18,44,7
3591822,0,11,0,40,3,1,2,1,12,43,7
3585472,0,11,0,40,2,1,2,1,13,23,7
3590032,0,11,0,40,2,1,2,1,16,78,7
3592571,0,11,0,40,3,1,2,1,16,43,7
3583233,0,11,0,40,2,1,2,1,14,69,7
3583376,0,11,0,40,2,1,2,1,11,8,7
3583660,0,11,0,40,2,1,2,1,13,50,7
3584631,0,11,0,40,3,1,2,1,19,44,7
3585381,0,11,0,40,2,1,2,1,9,31,7
3586015,0,11,0,40,2,1,2,1,11,20,7
3586154,0,11,0,40,2,1,2,1,9,28,7
3586543,0,11,0,40,2,1,2,1,9,47,7
3586560,0,11,0,40,3,1,2,1,21,91,7
3586950,0,11,0,40,3,1,2,1,11,21,7
3587099,0,11,0,40,2,1,2,1,7,19,7
3587536,0,11,0,40,2,1,2,1,10,59,7
3588236,0,11,0,40,2,1,2,1,7,77,7
3588841,0,11,0,40,2,1,2,1,11,88,7
3589098,0,11,0,40,2,1,2,1,13,59,7
3589174,0,11,0,40,3,1,2,1,12,64,7
3590301,0,11,0,40,3,1,2,1,9,37,7
3590506,0,11,0,40,2,1,2,1,7,37,7
3590691,0,11,0,40,3,1,2,1,8,43,7
3591499,0,11,0,40,3,1,2,1,8,33,7
3591766,0,11,0,40,2,1,2,1,9,29,7
3591861,0,11,0,40,2,1,2,1,8,27,7
3592031,0,11,0,40,2,1,2,1,18,11,7
3584203,0,11,0,40,3,1,2,1,14,52,7
3584462,0,11,0,40,3,1,2,1,10,67,7
3585966,0,11,0,40,2,1,2,1,13,71,7
3586004,0,11,0,40,2,1,2,1,12,29,7
3586496,0,11,0,40,3,1,2,1,8,44,7
3587020,0,11,0,40,2,1,2,1,12,34,7
3587134,0,11,0,40,2,1,2,1,14,94,7
3587430,0,11,0,40,3,1,2,1,20,79,7
3588033,0,11,0,40,3,1,2,1,10,59,7
3588148,0,11,0,40,3,1,2,1,8,23,7
3588767,0,11,0,40,2,1,2,1,8,6,7
3590349,0,11,0,40,2,1,2,1,13,50,7
3584633,0,11,0,40,2,1,2,1,15,40,7
3586624,0,11,0,40,2,1,2,1,21,66,7
3587602,0,11,0,40,3,1,2,1,15,34,7
3587679,0,11,0,40,2,1,2,1,16,18,7
3589032,0,11,0,40,3,1,2,1,11,46,7
3589132,0,11,0,40,3,1,2,1,22,48,7
3589667,0,11,0,40,3,1,2,1,11,50,7
3590781,0,11,0,40,3,1,2,1,18,67,7
3591434,0,11,0,40,2,1,2,1,11,46,7
3592575,0,11,0,40,3,1,2,1,12,13,7
3592851,0,11,0,40,2,1,2,1,22,23,7
3587237,0,11,0,40,3,1,2,1,14,17,7
3593038,0,11,0,40,3,0,2,1,8,35,7
3583130,0,11,0,40,2,1,2,1,7,61,7
3583518,0,11,0,40,3,1,2,1,14,67,7
3583802,0,11,0,40,3,1,2,1,20,28,7
3584069,0,11,0,40,3,1,2,1,13,56,7
3584435,0,11,0,40,2,1,2,1,6,41,7
3584628,0,11,0,40,3,1,2,1,7,37,7
3584851,0,11,0,40,2,1,2,1,8,69,7
3585347,0,11,0,40,2,1,2,1,17,49,7
3585777,0,11,0,40,2,1,2,1,10,78,7
3586394,0,11,0,40,3,1,2,1,7,45,7
3586603,0,11,0,40,2,1,2,1,7,74,7
3586913,0,11,0,40,2,1,2,1,7,30,7
3586969,0,11,0,40,2,1,2,1,9,68,7
3587250,0,11,0,40,3,1,2,1,8,27,7
3587281,0,11,0,40,3,1,2,1,14,23,7
3587855,0,11,0,40,2,1,2,1,8,40,7
3588674,0,11,0,40,2,1,2,1,10,18,7
3588755,0,11,0,40,3,1,2,1,13,25,7
3589581,0,11,0,40,2,1,2,1,11,85,7
3589697,0,11,0,40,3,1,2,1,11,41,7
3589983,0,11,0,40,2,1,2,1,10,36,7
3590508,0,11,0,40,3,1,2,1,7,70,7
3591246,0,11,0,40,3,1,2,1,25,22,7
3591433,0,11,0,40,2,1,2,1,17,31,7
3592220,0,11,0,40,2,1,2,1,10,41,7
3592279,0,11,0,40,3,1,2,1,6,63,7
3592848,0,11,0,40,3,1,2,1,11,75,7
3583122,0,11,0,40,2,1,2,1,14,18,7
3583249,0,11,0,40,2,1,2,1,13,58,7
3583498,0,11,0,40,3,1,2,1,9,55,7
3584136,0,11,0,40,3,1,2,1,12,48,7
3584167,0,11,0,40,3,1,2,1,17,24,7
3584643,0,11,0,40,3,1,2,1,7,29,7
3585954,0,11,0,40,3,1,2,1,9,52,7
3586642,0,11,0,40,2,1,2,1,17,39,7
3587733,0,11,0,40,3,1,2,1,12,42,7
3588161,0,11,0,40,2,1,2,1,10,59,7
3588386,0,11,0,40,3,1,2,1,16,26,7
3588771,0,11,0,40,2,1,2,1,18,51,7
3589655,0,11,0,40,3,1,2,1,12,45,7
3590225,0,11,0,40,3,1,2,1,14,44,7
3590816,0,11,0,40,3,1,2,1,17,51,7
3591020,0,11,0,40,2,1,2,1,12,52,7
3591802,0,11,0,40,3,1,2,1,9,56,7
3592670,0,11,0,40,2,1,2,1,14,73,7
3592820,0,11,0,40,3,1,2,1,20,30,7
3583234,0,11,0,40,3,1,2,1,9,107,7
3583503,0,11,0,40,2,1,2,1,15,62,7
3584230,0,11,0,40,2,1,2,1,9,33,7
3584381,0,11,0,40,3,1,2,1,14,14,7
3584769,0,11,0,40,2,1,2,1,15,36,7
3585470,0,11,0,40,3,1,2,1,9,89,7
3586305,0,11,0,40,2,1,2,1,12,33,7
3586643,0,11,0,40,3,1,2,1,13,42,7
3587078,0,11,0,40,2,1,2,1,13,37,7
3587967,0,11,0,40,3,1,2,1,16,34,7
3588052,0,11,0,40,3,1,2,1,13,52,7
3588243,0,11,0,40,3,1,2,1,12,25,7
3588270,0,11,0,40,2,1,2,1,19,62,7
3588649,0,11,0,40,3,1,2,1,10,32,7
3588994,0,11,0,40,3,1,2,1,9,29,7
3589766,0,11,0,40,2,1,2,1,12,20,7
3589850,0,11,0,40,3,1,2,1,19,113,7
3590236,0,11,0,40,2,1,2,1,9,64,7
3591291,0,11,0,40,3,1,2,1,24,29,7
3592898,0,11,0,40,3,1,2,1,13,75,7
3583380,0,11,0,40,3,1,2,1,21,41,7
3583572,0,11,0,40,3,1,2,1,12,48,7
3584679,0,11,0,40,2,1,2,1,10,18,7
3585260,0,11,0,40,3,1,2,1,11,49,7
3587258,0,11,0,40,3,1,2,1,15,36,7
3589892,0,11,0,40,2,1,2,1,16,93,7
3590085,0,11,0,40,2,1,2,1,10,30,7
3584234,0,11,0,40,2,2,2,1,8,66,7
3583844,0,11,0,40,3,1,2,1,18,52,7
3587627,0,11,0,40,3,1,2,1,13,36,7
3588968,0,11,0,40,3,1,2,1,11,49,7
3589539,0,11,0,40,2,1,2,1,17,32,7
3591516,0,11,0,40,2,1,2,1,21,21,7
3583090,0,11,0,40,3,1,2,1,5,41,7
3583238,0,11,0,40,3,1,2,1,10,30,7
3583616,0,11,0,40,3,1,2,1,5,17,7
3584001,0,11,0,40,2,1,2,1,9,33,7
3584214,0,11,0,40,2,1,2,1,11,34,7
3584361,0,11,0,40,2,1,2,1,17,35,7
3584641,0,11,0,40,3,1,2,1,24,10,7
3585588,0,11,0,40,3,1,2,1,11,36,7
3585748,0,11,0,40,3,1,2,1,10,25,7
3585883,0,11,0,40,2,1,2,1,9,29,7
3586120,0,11,0,40,2,1,2,1,11,51,7
3586426,0,11,0,40,3,1,2,1,13,39,7
3586583,0,11,0,40,3,1,2,1,9,47,7
3586794,0,11,0,40,3,1,2,1,5,99,7
3586826,0,11,0,40,2,1,2,1,6,49,7
3587115,0,11,0,40,3,1,2,1,10,43,7
3587198,0,11,0,40,2,1,2,1,20,46,7
3587388,0,11,0,40,3,1,2,1,13,38,7
3587562,0,11,0,40,2,1,2,1,11,15,7
3587658,0,11,0,40,2,1,2,1,7,56,7
3588077,0,11,0,40,2,1,2,1,10,23,7
3588167,0,11,0,40,3,1,2,1,19,26,7
3588313,0,11,0,40,3,1,2,1,15,57,7
3588447,0,11,0,40,3,1,2,1,9,51,7
3588480,0,11,0,40,2,1,2,1,14,38,7
3588846,0,11,0,40,2,1,2,1,13,39,7
3589768,0,11,0,40,3,1,2,1,15,24,7
3590054,0,11,0,40,3,1,2,1,6,39,7
3590534,0,11,0,40,2,1,2,1,12,52,7
3591139,0,11,0,40,2,1,2,1,9,45,7
3591564,0,11,0,40,3,1,2,1,9,48,7
3591629,0,11,0,40,3,1,2,1,10,40,7
3592017,0,11,0,40,2,1,2,1,7,86,7
3592336,0,11,0,40,2,1,2,1,26,23,7
3592497,0,11,0,40,3,1,2,1,12,58,7
3592612,0,11,0,40,3,1,2,1,11,49,7
3583155,0,11,0,40,2,1,2,1,10,86,7
3583326,0,11,0,40,2,1,2,1,9,65,7
3584904,0,11,0,40,2,1,2,1,15,39,7
3586328,0,11,0,40,3,1,2,1,16,54,7
3586472,0,11,0,40,3,1,2,1,9,101,7
3587411,0,11,0,40,2,1,2,1,11,64,7
3587740,0,11,0,40,3,1,2,1,11,12,7
3587802,0,11,0,40,3,1,2,1,10,26,7
3588263,0,11,0,40,2,1,2,1,12,62,7
3588275,0,11,0,40,2,1,2,1,12,37,7
3588338,0,11,0,40,3,1,2,1,12,29,7
3588696,0,11,0,40,3,1,2,1,6,63,7
3589359,0,11,0,40,2,1,2,1,13,26,7
3589717,0,11,0,40,3,1,2,1,7,39,7
3590345,0,11,0,40,2,1,2,1,10,28,7
3591049,0,11,0,40,3,1,2,1,11,31,7
3591218,0,11,0,40,2,1,2,1,10,47,7
3591349,0,11,0,40,3,1,2,1,8,14,7
3592140,0,11,0,40,3,1,2,1,13,51,7
3592283,0,11,0,40,2,1,2,1,9,44,7
3592479,0,11,0,40,3,1,2,1,10,48,7
3583099,0,11,0,40,3,1,2,1,9,33,7
3583676,0,11,0,40,3,1,2,1,13,57,7
3584800,0,11,0,40,3,1,2,1,19,43,7
3585507,0,11,0,40,3,1,2,1,12,9,7
3585773,0,11,0,40,3,1,2,1,16,71,7
3585842,0,11,0,40,2,1,2,1,8,21,7
3585988,0,11,0,40,3,1,2,1,8,42,7
3586030,0,11,0,40,2,1,2,1,11,38,7
3586381,0,11,0,40,2,1,2,1,34,37,7
3586580,0,11,0,40,2,1,2,1,12,46,7
3586990,0,11,0,40,3,1,2,1,9,19,7
3587123,0,11,0,40,2,1,2,1,9,39,7
3587191,0,11,0,40,3,1,2,1,8,94,7
3587625,0,11,0,40,3,1,2,1,9,29,7
3588199,0,11,0,40,3,1,2,1,7,50,7
3588438,0,11,0,40,3,1,2,1,9,48,7
3588992,0,11,0,40,2,1,2,1,8,84,7
3589092,0,11,0,40,2,1,2,1,7,44,7
3589254,0,11,0,40,2,1,2,1,11,74,7
3589383,0,11,0,40,3,1,2,1,9,54,7
3589624,0,11,0,40,2,1,2,1,10,60,7
3590285,0,11,0,40,2,1,2,1,8,31,7
3590404,0,11,0,40,2,1,2,1,10,28,7
3590431,0,11,0,40,2,1,2,1,17,25,7
3590861,0,11,0,40,2,1,2,1,9,40,7
3591352,0,11,0,40,3,1,2,1,11,88,7
3591396,0,11,0,40,3,1,2,1,8,42,7
3591521,0,11,0,40,3,1,2,1,8,36,7
3592296,0,11,0,40,3,1,2,1,14,63,7
3592447,0,11,0,40,2,1,2,1,9,36,7
3593023,0,11,0,40,3,1,2,1,10,57,7
3583046,0,11,0,40,2,1,2,1,13,34,7
3584392,0,11,0,40,2,1,2,1,15,62,7
3584582,0,11,0,40,3,1,2,1,14,31,7
3584753,0,11,0,40,2,1,2,1,12,28,7
3584940,0,11,0,40,2,1,2,1,19,21,7
3585456,0,11,0,40,3,1,2,1,13,41,7
3585474,0,11,0,40,2,1,2,1,8,39,7
3585659,0,11,0,40,2,1,2,1,12,33,7
3586067,0,11,0,40,2,1,2,1,12,58,7
3587106,0,11,0,40,3,1,2,1,10,32,7
3588003,0,11,0,40,2,1,2,1,17,22,7
3588169,0,11,0,40,3,1,2,1,9,22,7
3588726,0,11,0,40,3,1,2,1,14,45,7
3589261,0,11,0,40,2,1,2,1,14,35,7
3591176,0,11,0,40,3,1,2,1,19,54,7
3591624,0,11,0,40,3,1,2,1,13,39,7
3592209,0,11,0,40,3,1,2,1,12,34,7
3592665,0,11,0,40,2,1,2,1,9,30,7
3593032,0,11,0,40,2,1,2,1,15,38,7
3584841,0,11,0,40,2,2,2,1,9,51,7
3583829,0,11,0,40,3,1,2,1,14,96,7
3585533,0,11,0,40,2,1,2,1,14,49,7
3587882,0,11,0,40,3,1,2,1,11,66,7
3590552,0,11,0,40,3,1,2,1,12,52,7
3588360,0,11,0,40,2,2,2,1,11,51,7
3592188,0,11,0,40,3,2,2,1,15,8,7
3585650,0,11,0,40,2,1,2,1,10,35,7
3586265,0,11,0,40,3,1,2,1,18,35,7
3591405,0,11,0,40,3,1,2,1,15,29,7
3592932,0,11,0,40,2,1,2,1,17,60,7
3588359,0,11,0,40,2,1,2,1,16,42,7
3583446,0,11,0,40,2,1,2,1,8,63,7
3583810,0,11,0,40,2,1,2,1,5,72,7
3584096,0,11,0,40,2,1,2,1,8,29,7
3584223,0,11,0,40,3,1,2,1,6,28,7
3584576,0,11,0,40,3,1,2,1,9,25,7
3584870,0,11,0,40,2,1,2,1,19,13,7
3585578,0,11,0,40,2,1,2,1,7,48,7
3585844,0,11,0,40,3,1,2,1,9,47,7
3586510,0,11,0,40,2,1,2,1,15,61,7
3586618,0,11,0,40,3,1,2,1,14,80,7
3586972,0,11,0,40,3,1,2,1,5,32,7
3587393,0,11,0,40,3,1,2,1,9,51,7
3587517,0,11,0,40,3,1,2,1,4,20,7
3587727,0,11,0,40,3,1,2,1,9,81,7
3588132,0,11,0,40,2,1,2,1,9,98,7
3588688,0,11,0,40,2,1,2,1,9,102,7
3588953,0,11,0,40,3,1,2,1,5,31,7
3589411,0,11,0,40,3,1,2,1,7,38,7
3590087,0,11,0,40,2,1,2,1,9,36,7
3590208,0,11,0,40,2,1,2,1,14,35,7
3590575,0,11,0,40,2,1,2,1,11,62,7
3591391,0,11,0,40,2,1,2,1,5,66,7
3591422,0,11,0,40,2,1,2,1,7,16,7
3591610,0,11,0,40,2,1,2,1,5,42,7
3592240,0,11,0,40,3,1,2,1,12,50,7
3592679,0,11,0,40,3,1,2,1,18,33,7
3592735,0,11,0,40,3,1,2,1,5,63,7
3583213,0,11,0,40,2,1,2,1,7,43,7
3583668,0,11,0,40,3,1,2,1,12,50,7
3584082,0,11,0,40,2,1,2,1,6,38,7
3585463,0,11,0,40,3,1,2,1,11,58,7
3586126,0,11,0,40,3,1,2,1,16,57,7
3586409,0,11,0,40,2,1,2,1,10,56,7
3587075,0,11,0,40,3,1,2,1,18,100,7
3587296,0,11,0,40,2,1,2,1,10,54,7
3587726,0,11,0,40,2,1,2,1,6,56,7
3588047,0,11,0,40,2,1,2,1,5,14,7
3588248,0,11,0,40,3,1,2,1,8,34,7
3588362,0,11,0,40,2,1,2,1,8,37,7
3589146,0,11,0,40,2,1,2,1,21,87,7
3589512,0,11,0,40,2,1,2,1,5,70,7
3589802,0,11,0,40,2,1,2,1,23,58,7
3590621,0,11,0,40,3,1,2,1,16,35,7
3590656,0,11,0,40,3,1,2,1,6,36,7
3590958,0,11,0,40,2,1,2,1,9,44,7
3591064,0,11,0,40,2,1,2,1,18,25,7
3591599,0,11,0,40,2,1,2,1,11,39,7
3591955,0,11,0,40,3,1,2,1,8,66,7
3592092,0,11,0,40,3,1,2,1,15,61,7
3592197,0,11,0,40,3,1,2,1,16,24,7
3592787,0,11,0,40,2,1,2,1,9,27,7
3583325,0,11,0,40,3,1,2,1,9,70,7
3583554,0,11,0,40,3,1,2,1,7,58,7
3584029,0,11,0,40,3,1,2,1,10,13,7
3584120,0,11,0,40,2,1,2,1,9,64,7
3584512,0,11,0,40,2,1,2,1,7,17,7
3585543,0,11,0,40,3,1,2,1,19,19,7
3585641,0,11,0,40,3,1,2,1,7,24,7
3585815,0,11,0,40,2,1,2,1,9,66,7
3586231,0,11,0,40,2,1,2,1,11,27,7
3586383,0,11,0,40,3,1,2,1,9,43,7
3586690,0,11,0,40,3,1,2,1,8,26,7
3587370,0,11,0,40,2,1,2,1,7,35,7
3588050,0,11,0,40,2,1,2,1,20,86,7
3588186,0,11,0,40,3,1,2,1,9,20,7
3588732,0,11,0,40,3,1,2,1,12,67,7
3589451,0,11,0,40,3,1,2,1,10,45,7
3589888,0,11,0,40,2,1,2,1,14,31,7
3590005,0,11,0,40,2,1,2,1,13,73,7
3590291,0,11,0,40,3,1,2,1,11,74,7
3590469,0,11,0,40,3,1,2,1,7,31,7
3590736,0,11,0,40,3,1,2,1,14,52,7
3591001,0,11,0,40,3,1,2,1,12,43,7
3591527,0,11,0,40,2,1,2,1,14,24,7
3592152,0,11,0,40,3,1,2,1,9,44,7
3592751,0,11,0,40,3,1,2,1,9,38,7
3583105,0,11,0,40,3,1,2,1,21,25,7
3583604,0,11,0,40,3,1,2,1,21,24,7
3583948,0,11,0,40,2,1,2,1,9,43,7
3584758,0,11,0,40,3,1,2,1,20,56,7
3585031,0,11,0,40,3,1,2,1,10,48,7
3585177,0,11,0,40,2,1,2,1,13,16,7
3585357,0,11,0,40,3,1,2,1,7,28,7
3585801,0,11,0,40,2,1,2,1,8,20,7
3586076,0,11,0,40,2,1,2,1,14,64,7
3586470,0,11,0,40,2,1,2,1,9,27,7
3586863,0,11,0,40,3,1,2,1,18,22,7
3586933,0,11,0,40,2,1,2,1,9,76,7
3587225,0,11,0,40,2,1,2,1,12,39,7
3587349,0,11,0,40,3,1,2,1,10,29,7
3588116,0,11,0,40,2,1,2,1,9,38,7
3588344,0,11,0,40,3,1,2,1,9,72,7
3588982,0,11,0,40,2,1,2,1,11,73,7
3589288,0,11,0,40,3,1,2,1,20,26,7
3589420,0,11,0,40,3,1,2,1,10,29,7
3589707,0,11,0,40,3,1,2,1,10,39,7
3590237,0,11,0,40,2,1,2,1,9,19,7
3590625,0,11,0,40,2,1,2,1,13,30,7
3590915,0,11,0,40,2,1,2,1,8,59,7
3591637,0,11,0,40,3,1,2,1,13,73,7
3591990,0,11,0,40,2,1,2,1,12,16,7
3592353,0,11,0,40,3,1,2,1,7,48,7
3592420,0,11,0,40,2,1,2,1,10,52,7
3586314,0,11,0,40,2,2,2,1,11,37,7
3585490,0,11,0,40,3,2,2,1,5,27,7
3583290,0,11,0,40,3,1,2,1,23,74,7
3583393,0,11,0,40,3,1,2,1,12,45,7
3583467,0,11,0,40,2,1,2,1,12,28,7
3584062,0,11,0,40,2,1,2,1,12,46,7
3584376,0,11,0,40,2,1,2,1,17,68,7
3585596,0,11,0,40,2,1,2,1,20,27,7
3585874,0,11,0,40,2,1,2,1,16,45,7
3587248,0,11,0,40,3,1,2,1,20,42,7
3588014,0,11,0,40,2,1,2,1,17,58,7
3589305,0,11,0,40,2,1,2,1,13,32,7
3589657,0,11,0,40,2,1,2,1,8,63,7
3590198,0,11,0,40,3,1,2,1,12,49,7
3591681,0,11,0,40,3,1,2,1,15,40,7
3585908,0,11,0,40,2,2,2,1,14,54,7
3587227,0,11,0,40,3,2,2,1,5,33,7
3590441,0,11,0,40,3,2,2,1,5,30,7
3585930,0,11,0,40,2,1,2,1,23,35,7
3586425,0,11,0,40,2,1,2,1,17,14,7
3588671,1,11,0,40,2,1,2,1,13,76,7
3589843,1,11,0,40,2,1,2,1,12,9,7
3592439,0,11,0,40,3,1,2,1,12,61,7
3592200,0,11,0,40,2,2,2,1,16,30,7
3587480,0,11,0,40,2,2,2,1,12,46,7
3586411,0,11,0,40,2,1,2,1,20,57,7
3591319,0,11,0,40,3,1,2,1,21,28,7
3583227,0,11,0,40,2,2,2,1,14,31,7
3585909,0,11,0,40,2,1,2,1,14,27,7
3593047,0,11,0,40,3,0,2,1,5,36,7
3583532,0,11,0,40,3,1,2,1,7,50,7
3583708,0,11,0,40,3,1,2,1,9,28,7
3584077,0,11,0,40,3,1,2,1,3,66,7
3584594,0,11,0,40,2,1,2,1,19,64,7
3585148,0,11,0,40,2,1,2,1,6,50,7
3585500,0,11,0,40,3,1,2,1,9,41,7
3585940,0,11,0,40,2,1,2,1,6,36,7
3586460,0,11,0,40,2,1,2,1,6,35,7
3586886,0,11,0,40,2,1,2,1,11,71,7
3587276,0,11,0,40,3,1,2,1,10,33,7
3587805,0,11,0,40,3,1,2,1,6,20,7
3588253,0,11,0,40,3,1,2,1,6,79,7
3588515,0,11,0,40,3,1,2,1,9,22,7
3588819,0,11,0,40,3,1,2,1,15,95,7
3589703,0,11,0,40,3,1,2,1,12,33,7
3590125,0,11,0,40,3,1,2,1,10,15,7
3590240,0,11,0,40,3,1,2,1,6,40,7
3590682,0,11,0,40,3,1,2,1,6,56,7
3591414,0,11,0,40,3,1,2,1,8,34,7
3591489,0,11,0,40,2,1,2,1,7,26,7
3592242,0,11,0,40,3,1,2,1,9,53,7
3592778,0,11,0,40,3,1,2,1,8,21,7
3584207,0,11,0,40,3,1,2,1,7,25,7
3585369,0,11,0,40,2,1,2,1,6,63,7
3586155,0,11,0,40,3,1,2,1,9,38,7
3586540,0,11,0,40,2,1,2,1,14,79,7
3586720,0,11,0,40,3,1,2,1,11,65,7
3586776,0,11,0,40,3,1,2,1,6,16,7
3587466,0,11,0,40,3,1,2,1,6,26,7
3587862,1,11,0,40,2,1,2,1,14,49,7
3588012,0,11,0,40,2,1,2,1,8,76,7
3588268,0,11,0,40,2,1,2,1,17,38,7
3588315,0,11,0,40,3,1,2,1,9,53,7
3589057,0,11,0,40,2,1,2,1,9,51,7
3589635,0,11,0,40,3,1,2,1,6,28,7
3589799,0,11,0,40,2,1,2,1,4,51,7
3590153,0,11,0,40,3,1,2,1,16,31,7
3590221,0,11,0,40,2,1,2,1,11,67,7
3590619,0,11,0,40,3,1,2,1,20,39,7
3590856,0,11,0,40,2,1,2,1,5,57,7
3591114,0,11,0,40,3,1,2,1,11,61,7
3591401,0,11,0,40,2,1,2,1,4,95,7
3592025,0,11,0,40,2,1,2,1,11,43,7
3592063,0,11,0,40,3,1,2,1,6,39,7
3592170,0,11,0,40,3,1,2,1,21,47,7
3592356,0,11,0,40,2,1,2,1,5,10,7
3592695,0,11,0,40,3,1,2,1,9,61,7
3592892,0,11,0,40,3,1,2,1,10,28,7
3583485,0,11,0,40,2,1,2,1,9,36,7
3583964,0,11,0,40,3,1,2,1,12,32,7
3584182,0,11,0,40,2,1,2,1,8,44,7
3584469,0,11,0,40,2,1,2,1,15,68,7
3586129,0,11,0,40,3,1,2,1,8,29,7
3586864,0,11,0,40,3,1,2,1,13,76,7
3587368,0,11,0,40,2,1,2,1,9,27,7
3587993,0,11,0,40,2,1,2,1,9,55,7
3588240,0,11,0,40,3,1,2,1,12,32,7
3588381,0,11,0,40,3,1,2,1,12,37,7
3588598,0,11,0,40,2,1,2,1,10,63,7
3588665,0,11,0,40,3,1,2,1,6,59,7
3589247,0,11,0,40,3,1,2,1,8,21,7
3589701,0,11,0,40,2,1,2,1,14,14,7
3590173,0,11,0,40,3,1,2,1,11,51,7
3590840,0,11,0,40,2,1,2,1,5,29,7
3591312,0,11,0,40,3,1,2,1,19,43,7
3591798,0,11,0,40,2,1,2,1,12,49,7
3592525,0,11,0,40,2,1,2,1,8,27,7
3592785,0,11,0,40,3,1,2,1,12,23,7
3583185,0,11,0,40,3,1,2,1,10,95,7
3583323,0,11,0,40,3,1,2,1,11,32,7
3583955,0,11,0,40,2,1,2,1,10,61,7
3584237,0,11,0,40,2,1,2,1,7,90,7
3584577,0,11,0,40,3,1,2,1,11,51,7
3584898,0,11,0,40,3,1,2,1,20,54,7
3585120,0,11,0,40,3,1,2,1,9,68,7
3585188,0,11,0,40,3,1,2,1,21,57,7
3585535,0,11,0,40,3,1,2,1,19,90,7
3585811,0,11,0,40,2,1,2,1,14,45,7
3586358,0,11,0,40,3,1,2,1,15,59,7
3586493,0,11,0,40,2,1,2,1,9,61,7
3586773,0,11,0,40,3,1,2,1,15,69,7
3587295,0,11,0,40,3,1,2,1,8,19,7
3587979,0,11,0,40,3,1,2,1,12,17,7
3588151,0,11,0,40,3,1,2,1,14,21,7
3588285,0,11,0,40,2,1,2,1,11,35,7
3588763,0,11,0,40,3,1,2,1,8,49,7
3588875,0,11,0,40,2,1,2,1,11,52,7
3589240,0,11,0,40,2,1,2,1,18,20,7
3589675,0,11,0,40,2,1,2,1,12,48,7
3590053,0,11,0,40,2,1,2,1,11,45,7
3591065,0,11,0,40,2,1,2,1,8,95,7
3591552,0,11,0,40,3,1,2,1,10,27,7
3591821,0,11,0,40,3,1,2,1,13,31,7
3591901,0,11,0,40,3,1,2,1,10,60,7
3592115,0,11,0,40,3,1,2,1,6,49,7
3592448,0,11,0,40,2,1,2,1,7,40,7
3592627,0,11,0,40,3,1,2,1,10,38,7
3592834,0,11,0,40,3,1,2,1,10,71,7
3590127,0,11,0,40,3,2,2,1,7,26,7
3589507,0,11,0,40,3,2,2,1,10,81,7
3583646,0,11,0,40,2,1,2,1,29,92,7
3583731,0,11,0,40,3,1,2,1,13,84,7
3584068,0,11,0,40,2,1,2,1,9,27,7
3584296,0,11,0,40,2,1,2,1,12,21,7
3585143,0,11,0,40,2,1,2,1,17,69,7
3585851,0,11,0,40,3,1,2,1,11,114,7
3585884,0,11,0,40,3,1,2,1,15,44,7
3586377,0,11,0,40,2,1,2,1,18,50,7
3586838,0,11,0,40,3,1,2,1,8,42,7
3587326,0,11,0,40,3,1,2,1,11,62,7
3587383,0,11,0,40,2,1,2,1,13,55,7
3587528,0,11,0,40,2,1,2,1,9,28,7
3588204,0,11,0,40,2,1,2,1,11,33,7
3589116,0,11,0,40,2,1,2,1,12,61,7
3589390,0,11,0,40,2,1,2,1,12,45,7
3590939,0,11,0,40,2,1,2,1,9,64,7
3591583,0,11,0,40,3,1,2,1,14,12,7
3592091,0,11,0,40,2,1,2,1,10,46,7
3592313,0,11,0,40,3,1,2,1,13,59,7
3592568,0,11,0,40,3,1,2,1,9,39,7
3592759,0,11,0,40,3,1,2,1,18,40,7
3593036,0,11,0,40,2,1,2,1,9,45,7
3584025,0,11,0,40,2,2,2,1,19,50,7
3584161,0,11,0,40,2,2,2,1,5,54,7
3589906,0,11,0,40,3,2,2,1,13,52,7
3590970,0,11,0,40,3,2,2,1,10,62,7
3585123,0,11,0,40,3,1,2,1,10,80,7
3585976,0,11,0,40,2,1,2,1,15,40,7
3586360,0,11,0,40,2,1,2,1,20,42,7
3587701,0,11,0,40,2,1,2,1,12,34,7
3588136,0,11,0,40,3,1,2,1,15,26,7
3590925,0,11,0,40,3,1,2,1,19,61,7
3591000,0,11,0,40,3,1,2,1,10,43,7
3591724,0,11,0,40,3,1,2,1,10,53,7
3583624,0,11,0,40,2,2,2,1,15,40,7
3587737,0,11,0,40,2,2,2,1,12,56,7
3583621,0,11,0,40,3,2,2,1,7,23,7
3584886,0,11,0,40,2,2,2,1,9,20,7
3585109,0,11,0,40,3,2,2,1,11,33,7
3590626,0,11,0,40,3,2,2,1,5,11,7
3583888,0,11,0,40,2,2,2,1,10,37,7
3588895,0,11,0,40,2,2,2,1,6,23,7
3590834,0,11,0,40,2,2,2,1,7,23,7
3583891,0,11,0,40,2,1,2,1,19,25,7
3587732,0,11,0,40,2,1,2,1,10,74,7
3589593,0,11,0,40,2,1,2,1,16,30,7
3589808,0,11,0,40,3,1,2,1,16,46,7
3589928,0,11,0,40,2,1,2,1,9,39,7
3590016,0,11,0,40,3,1,2,1,16,40,7
3590744,0,11,0,40,2,1,2,1,13,30,7
3591633,0,11,0,40,3,1,2,1,12,40,7
3592390,0,11,0,40,3,1,2,1,14,75,7
3585040,0,11,0,40,3,2,2,1,8,22,7
3591787,1,11,7,40,2,2,2,1,10,35,7
3589189,0,11,0,40,2,2,2,1,12,33,7
3589064,0,11,0,40,3,2,2,1,12,31,7
3583856,0,11,0,40,2,1,2,1,22,40,7
3584869,0,11,0,40,3,1,2,1,12,38,7
3586002,0,11,0,40,3,1,2,1,14,25,7
3589826,0,11,0,40,2,1,2,1,22,28,7
3591390,0,11,0,40,3,2,2,1,10,49,7
3592691,0,11,0,40,2,2,2,1,11,24,7
3592771,0,11,0,40,2,2,2,1,13,32,7
3591429,0,11,0,40,2,2,2,1,11,48,7
3592081,0,11,0,40,2,2,2,1,8,35,7
3593044,0,11,0,40,2,0,2,1,4,48,7
3593048,0,11,0,40,2,0,2,1,4,67,7
3583379,0,11,0,40,3,1,2,1,3,85,7
3583846,0,11,0,40,2,1,2,1,5,82,7
3584733,0,11,0,40,3,1,2,1,8,54,7
3584978,0,11,0,40,3,1,2,1,14,31,7
3585207,0,11,0,40,2,1,2,1,8,12,7
3585324,0,11,0,40,2,1,2,1,4,33,7
3585831,0,11,0,40,3,1,2,1,10,63,7
3586436,0,11,0,40,3,1,2,1,5,48,7
3586614,0,11,0,40,3,1,2,1,4,60,7
3586767,0,11,0,40,2,1,2,1,9,40,7
3587261,0,11,0,40,3,1,2,1,7,31,7
3587713,0,11,0,40,2,1,2,1,2,50,7
3588921,0,11,0,40,2,1,2,1,5,14,7
3589442,0,11,0,40,3,1,2,1,2,147,7
3589506,0,11,0,40,2,1,2,1,16,103,7
3589985,0,11,0,40,2,1,2,1,14,15,7
3590204,0,11,0,40,2,1,2,1,8,31,7
3590481,0,11,0,40,3,1,2,1,12,47,7
3591640,0,11,0,40,3,1,2,1,18,74,7
3592756,0,11,0,40,2,1,2,1,10,43,7
3583627,0,11,0,40,2,1,2,1,5,89,7
3584295,0,11,0,40,2,1,2,1,13,32,7
3585066,0,11,0,40,2,1,2,1,8,30,7
3585210,0,11,0,40,3,1,2,1,8,33,7
3585514,0,11,0,40,3,1,2,1,11,21,7
3586026,0,11,0,40,2,1,2,1,8,30,7
3586477,0,11,0,40,3,1,2,1,16,60,7
3586997,0,11,0,40,2,1,2,1,8,53,7
3587813,0,11,0,40,3,1,2,1,3,39,7
3588302,0,11,0,40,3,1,2,1,9,28,7
3588575,0,11,0,40,2,1,2,1,12,34,7
3588866,0,11,0,40,3,1,2,1,14,40,7
3589307,0,11,0,40,2,1,2,1,8,63,7
3589563,0,11,0,40,2,1,2,1,6,47,7
3589696,0,11,0,40,2,1,2,1,13,36,7
3590168,0,11,0,40,3,1,2,1,9,29,7
3590640,0,11,0,40,2,1,2,1,7,81,7
3591027,0,11,0,40,2,1,2,1,12,47,7
3591123,0,11,0,40,3,1,2,1,5,42,7
3591439,0,11,0,40,2,1,2,1,6,41,7
3591929,0,11,0,40,3,1,2,1,7,50,7
3592130,0,11,0,40,2,1,2,1,6,23,7
3592617,0,11,0,40,3,1,2,1,7,20,7
3592837,0,11,0,40,3,1,2,1,7,92,7
3593031,0,11,0,40,2,1,2,1,7,35,7
3584070,0,11,0,40,3,1,2,1,15,54,7
3584760,0,11,0,40,2,1,2,1,11,38,7
3584889,0,11,0,40,2,1,2,1,6,36,7
3585633,0,11,0,40,3,1,2,1,10,47,7
3585722,0,11,0,40,2,1,2,1,11,52,7
3585993,0,11,0,40,2,1,2,1,8,72,7
3586858,0,11,0,40,3,1,2,1,20,36,7
3587045,0,11,0,40,3,1,2,1,5,40,7
3587202,0,11,0,40,2,1,2,1,8,77,7
3587397,0,11,0,40,2,1,2,1,7,54,7
3587909,0,11,0,40,3,1,2,1,7,45,7
3588682,0,11,0,40,2,1,2,1,5,37,7
3589203,0,11,0,40,2,1,2,1,9,35,7
3589528,0,11,0,40,2,1,2,1,8,48,7
3590014,0,11,0,40,2,1,2,1,12,68,7
3590390,0,11,0,40,3,1,2,1,10,45,7
3590928,0,11,0,40,3,1,2,1,16,50,7
3591271,0,11,0,40,3,1,2,1,11,20,7
3591467,0,11,0,40,3,1,2,1,15,42,7
3592139,0,11,0,40,3,1,2,1,5,57,7
3592323,0,11,0,40,3,1,2,1,7,21,7
3592879,0,11,0,40,3,1,2,1,9,65,7
3593035,0,11,0,40,3,1,2,1,6,58,7
3583263,0,11,0,40,3,1,2,1,10,19,7
3583567,0,11,0,40,2,1,2,1,16,50,7
3584095,0,11,0,40,3,1,2,1,8,46,7
3584395,0,11,0,40,2,1,2,1,12,43,7
3584588,0,11,0,40,3,1,2,1,12,35,7
3584991,0,11,0,40,3,1,2,1,17,45,7
3585142,0,11,0,40,3,1,2,1,7,44,7
3585221,0,11,0,40,3,1,2,1,7,41,7
3585562,0,11,0,40,2,1,2,1,14,27,7
3585781,0,11,0,40,3,1,2,1,8,12,7
3586131,0,11,0,40,3,1,2,1,14,77,7
3586301,0,11,0,40,3,1,2,1,21,61,7
3586564,0,11,0,40,3,1,2,1,11,28,7
3586722,0,11,0,40,3,1,2,1,5,61,7
3587514,0,11,0,40,3,1,2,1,13,46,7
3587754,0,11,0,40,2,1,2,1,8,40,7
3588184,0,11,0,40,3,1,2,1,7,44,7
3588902,0,11,0,40,2,1,2,1,10,43,7
3589087,0,11,0,40,2,1,2,1,10,30,7
3590166,0,11,0,40,3,1,2,1,7,30,7
3590188,0,11,0,40,3,1,2,1,16,15,7
3590400,0,11,0,40,3,1,2,1,14,41,7
3591075,0,11,0,40,2,1,2,1,26,102,7
3591234,0,11,0,40,3,1,2,1,9,66,7
3591368,0,11,0,40,2,1,2,1,18,33,7
3591797,0,11,0,40,2,1,2,1,11,49,7
3591954,0,11,0,40,2,1,2,1,11,45,7
3592393,0,11,0,40,2,1,2,1,17,40,7
3592453,0,11,0,40,2,1,2,1,10,23,7
3592591,0,11,0,40,2,1,2,1,7,33,7
3592942,0,11,0,40,3,1,2,1,19,87,7
3589269,0,11,0,40,2,2,2,1,9,52,7
3583047,0,11,0,40,3,1,2,1,11,70,7
3583302,0,11,0,40,2,1,2,1,14,40,7
3583477,0,11,0,40,2,1,2,1,16,20,7
3583713,0,11,0,40,3,1,2,1,8,56,7
3583787,0,11,0,40,3,1,2,1,11,38,7
3583995,0,11,0,40,3,1,2,1,17,50,7
3584460,0,11,0,40,3,1,2,1,8,28,7
3584484,0,11,0,40,2,1,2,1,11,32,7
3584623,0,11,0,40,2,1,2,1,15,36,7
3584771,0,11,0,40,3,1,2,1,6,53,7
3584941,0,11,0,40,2,1,2,1,13,37,7
3585756,0,11,0,40,3,1,2,1,15,35,7
3586036,0,11,0,40,3,1,2,1,9,54,7
3586867,0,11,0,40,2,1,2,1,8,20,7
3587178,0,11,0,40,3,1,2,1,10,50,7
3587387,0,11,0,40,3,1,2,1,10,31,7
3587827,0,11,0,40,3,1,2,1,8,14,7
3588323,0,11,0,40,3,1,2,1,7,92,7
3588718,0,11,0,40,3,1,2,1,22,64,7
3588837,0,11,0,40,3,1,2,1,7,35,7
3589135,0,11,0,40,2,1,2,1,11,15,7
3589375,0,11,0,40,3,1,2,1,15,29,7
3589412,0,11,0,40,2,1,2,1,11,26,7
3589571,0,11,0,40,3,1,2,1,8,67,7
3589834,0,11,0,40,2,1,2,1,12,26,7
3590114,0,11,0,40,2,1,2,1,17,46,7
3590947,0,11,0,40,2,1,2,1,13,49,7
3592065,0,11,0,40,2,1,2,1,7,36,7
3592225,0,11,0,40,3,1,2,1,17,36,7
3592794,0,11,0,40,3,1,2,1,19,41,7
3592950,0,11,0,40,3,1,2,1,24,32,7
3585151,0,11,0,40,2,2,2,1,10,18,7
3587512,0,11,0,40,2,2,2,1,7,56,7
3583790,0,11,0,40,3,1,2,1,17,30,7
3584645,0,11,0,40,2,1,2,1,12,41,7
3585599,0,11,0,40,2,1,2,1,15,55,7
3585838,0,11,0,40,2,1,2,1,17,24,7
3586591,0,11,0,40,3,1,2,1,18,86,7
3587597,0,11,0,40,2,1,2,1,10,28,7
3587745,0,11,0,40,2,1,2,1,17,25,7
3588571,1,11,0,40,2,1,2,1,11,62,7
3589614,0,11,0,40,3,1,2,1,10,51,7
3590553,0,11,0,40,2,1,2,1,16,49,7
3591011,0,11,0,40,3,1,2,1,16,37,7
3591734,0,11,0,40,3,1,2,1,16,43,7
3592047,0,11,0,40,3,1,2,1,11,27,7
3592275,0,11,0,40,3,1,2,1,13,56,7
3592418,0,11,0,40,2,1,2,1,10,70,7
3592648,0,11,0,40,2,1,2,1,12,38,7
3592779,0,11,0,40,3,1,2,1,22,22,7
3593002,0,11,0,40,2,1,2,1,10,41,7
3585814,0,11,0,40,3,2,2,1,11,40,7
3585721,0,11,0,40,2,2,2,1,9,61,7
3583102,0,11,0,40,3,2,2,1,9,70,7
3592287,0,11,0,40,3,2,2,1,6,36,7
3589497,0,11,0,40,2,2,2,1,7,87,7
3586186,0,11,0,40,2,2,2,1,11,46,7
3592079,0,11,0,40,3,2,2,1,7,54,7
3585011,0,11,0,40,2,2,2,1,20,48,7
3592882,0,11,0,40,2,2,2,1,18,24,7
3590603,0,11,0,40,3,2,2,1,9,51,7
3583140,0,11,0,40,3,1,2,1,14,68,7
3583285,0,11,0,40,3,1,2,1,12,47,7
3584579,0,11,0,40,3,1,2,1,11,61,7
3585064,1,11,0,40,3,1,2,1,13,60,7
3586123,0,11,0,40,3,1,2,1,16,55,7
3588695,0,11,0,40,2,1,2,1,9,49,7
3590669,0,11,0,40,2,1,2,1,8,66,7
3592050,0,11,0,40,3,1,2,1,17,26,7
3592173,0,11,0,40,2,1,2,1,28,16,7
3585273,0,11,0,40,2,2,2,1,14,25,7
3592298,0,11,0,40,3,2,2,1,14,47,7
3587143,0,11,0,40,2,2,2,1,7,35,7
3585421,0,11,0,40,2,2,2,1,9,25,7
3587264,0,11,0,40,3,2,2,1,9,48,7
3589731,0,11,0,40,3,2,2,1,10,76,7
3587136,0,11,0,40,3,2,2,1,7,49,7
3587681,0,11,0,40,2,2,2,1,4,37,7
3590937,0,11,0,40,3,2,2,1,15,26,7
3592027,0,11,0,40,2,2,2,1,7,40,7
3585198,0,11,0,40,2,2,2,1,4,72,7
3584671,0,11,0,40,3,2,2,1,7,16,7
3588936,0,11,0,40,3,2,2,1,9,52,7
3586481,0,11,0,40,3,1,2,1,12,29,7
3587320,0,11,0,40,3,1,2,1,12,31,7
3587942,0,11,0,40,2,1,2,1,26,29,7
3588291,0,11,0,40,3,1,2,1,13,72,7
3589062,0,11,0,40,3,1,2,1,15,12,7
3591195,0,11,0,40,3,1,2,1,16,41,7
3591834,0,11,0,40,3,1,2,1,12,23,7
3584294,0,11,0,40,3,2,2,1,20,26,7
3585060,0,11,0,40,3,2,2,1,7,82,7
3592935,0,11,0,40,2,2,2,1,22,64,7
3588645,0,11,0,40,3,2,2,1,6,33,7
3590766,0,11,0,40,3,3,2,1,11,28,7
3591342,0,11,0,40,2,1,2,1,18,28,7
3588311,0,11,0,40,3,2,2,1,16,82,7
3587089,0,11,0,40,2,2,2,1,8,29,7
3583558,0,11,0,40,3,2,2,1,14,60,7
3587208,0,11,0,40,2,2,2,1,9,19,7
3591773,0,11,0,40,3,2,2,1,12,42,7
3590498,0,11,0,40,3,2,2,1,15,39,7
3593046,0,11,0,40,3,0,2,1,3,46,7
3593054,0,11,0,40,3,0,2,1,3,29,7
3593056,0,11,0,40,3,0,2,1,3,26,7
3583613,0,11,0,40,3,1,2,1,6,54,7
3584359,0,11,0,40,2,1,2,1,6,46,7
3584844,0,11,0,40,3,1,2,1,12,10,7
3585169,0,11,0,40,3,1,2,1,10,34,7
3585444,0,11,0,40,3,1,2,1,2,60,7
3585970,0,11,0,40,2,1,2,1,5,42,7
3586798,0,11,0,40,3,1,2,1,3,22,7
3587355,0,11,0,40,2,1,2,1,4,49,7
3587918,0,11,0,40,2,1,2,1,28,68,7
3588461,0,11,0,40,3,1,2,1,3,31,7
3589109,0,11,0,40,2,1,2,1,2,38,7
3590399,0,11,0,40,3,1,2,1,6,23,7
3591536,0,11,0,40,3,1,2,1,12,43,7
3591925,0,11,0,40,3,1,2,1,8,32,7
3592560,0,11,0,40,3,1,2,1,10,60,7
3583437,0,11,0,40,2,1,2,1,5,16,7
3584192,0,11,0,40,2,1,2,1,10,90,7
3584497,0,11,0,40,2,1,2,1,5,87,7
3585107,0,11,0,40,3,1,2,1,3,27,7
3585750,0,11,0,40,3,1,2,1,4,47,7
3586121,0,11,0,40,2,1,2,1,7,65,7
3586681,0,11,0,40,3,1,2,1,6,30,7
3587120,0,11,0,40,3,1,2,1,12,23,7
3587675,0,11,0,40,2,1,2,1,16,35,7
3588142,0,11,0,40,2,1,2,1,7,43,7
3588491,0,11,0,40,2,1,2,1,4,22,7
3589167,0,11,0,40,2,1,2,1,5,35,7
3589661,0,11,0,40,2,1,2,1,14,27,7
3590138,0,11,0,40,3,1,2,1,6,24,7
3590788,0,11,0,40,3,1,2,1,2,52,7
3592041,0,11,0,40,2,1,2,1,5,46,7
3592221,0,11,0,40,3,1,2,1,4,65,7
3592774,0,11,0,40,3,1,2,1,12,58,7
3583198,0,11,0,40,3,1,2,1,10,56,7
3583546,0,11,0,40,2,1,2,1,9,34,7
3584137,0,11,0,40,2,1,2,1,7,62,7
3584600,0,11,0,40,3,1,2,1,9,36,7
3584839,0,11,0,40,3,1,2,1,5,29,7
3584902,0,11,0,40,2,1,2,1,3,18,7
3585270,0,11,0,40,3,1,2,1,17,73,7
3585717,0,11,0,40,3,1,2,1,18,29,7
3585863,0,11,0,40,2,1,2,1,10,71,7
3586373,0,11,0,40,2,1,2,1,8,53,7
3586902,0,11,0,40,3,1,2,1,5,65,7
3587107,0,11,0,40,2,1,2,1,7,41,7
3587323,0,11,0,40,2,1,2,1,4,46,7
3587720,0,11,0,40,3,1,2,1,3,91,7
3588153,0,11,0,40,3,1,2,1,10,18,7
3588619,0,11,0,40,2,1,2,1,5,37,7
3589005,0,11,0,40,2,1,2,1,5,33,7
3589973,0,11,0,40,2,1,2,1,9,35,7
3590414,1,11,0,40,3,1,2,1,9,50,7
3591305,0,11,0,40,3,1,2,1,3,27,7
3591875,0,11,0,40,3,1,2,1,10,65,7
3592222,0,11,0,40,3,1,2,1,14,61,7
3592672,0,11,0,40,2,1,2,1,9,11,7
3583057,0,11,0,40,2,1,2,1,6,86,7
3583334,0,11,0,40,3,1,2,1,11,43,7
3583590,0,11,0,40,2,1,2,1,7,52,7
3584201,0,11,0,40,3,1,2,1,5,75,7
3584548,0,11,0,40,2,1,2,1,14,43,7
3584820,0,11,0,40,3,1,2,1,5,55,7
3585067,0,11,0,40,2,1,2,1,12,51,7
3585313,0,11,0,40,3,1,2,1,8,24,7
3585611,0,11,0,40,2,1,2,1,13,23,7
3586445,0,11,0,40,3,1,2,1,7,42,7
3586597,0,11,0,40,2,1,2,1,6,29,7
3587573,0,11,0,40,3,1,2,1,15,39,7
3587757,0,11,0,40,3,1,2,1,8,44,7
3587954,0,11,0,40,2,1,2,1,11,30,7
3588123,0,11,0,40,3,1,2,1,13,49,7
3588793,0,11,0,40,2,1,2,1,7,12,7
3589045,0,11,0,40,3,1,2,1,12,21,7
3589140,0,11,0,40,2,1,2,1,9,8,7
3589457,0,11,0,40,3,1,2,1,12,57,7
3590281,0,11,0,40,3,1,2,1,8,42,7
3590598,0,11,0,40,2,1,2,1,11,50,7
3591014,0,11,0,40,3,1,2,1,13,44,7
3591187,0,11,0,40,2,1,2,1,4,71,7
3591459,0,11,0,40,2,1,2,1,15,31,7
3591693,0,11,0,40,2,1,2,1,11,47,7
3591862,0,11,0,40,3,1,2,1,28,60,7
3592163,0,11,0,40,3,1,2,1,7,43,7
3592404,0,11,0,40,2,1,2,1,13,51,7
3587596,0,11,0,40,3,2,2,1,9,39,7
3589988,0,11,0,40,2,2,2,1,9,25,7
3583123,0,11,0,40,2,1,2,1,5,41,7
3583335,0,11,0,40,2,1,2,1,31,26,7
3583588,0,11,0,40,3,1,2,1,12,53,7
3583978,0,11,0,40,3,1,2,1,8,46,7
3584331,0,11,0,40,2,1,2,1,9,79,7
3584616,0,11,0,40,2,1,2,1,8,21,7
3585315,0,11,0,40,2,1,2,1,10,63,7
3585343,0,11,0,40,3,1,2,1,9,56,7
3586024,0,11,0,40,2,1,2,1,6,42,7
3586446,0,11,0,40,2,1,2,1,7,71,7
3587117,0,11,0,40,3,1,2,1,10,67,7
3587583,0,11,0,40,3,1,2,1,11,63,7
3587949,0,11,0,40,3,1,2,1,14,44,7
3588046,0,11,0,40,3,1,2,1,8,57,7
3588686,0,11,0,40,2,1,2,1,6,12,7
3588740,0,11,0,40,2,1,2,1,11,43,7
3588907,0,11,0,40,3,1,2,1,7,46,7
3589401,0,11,0,40,2,1,2,1,17,44,7
3589650,0,11,0,40,2,1,2,1,8,36,7
3589924,0,11,0,40,2,1,2,1,6,44,7
3590303,0,11,0,40,3,1,2,1,8,62,7
3590492,0,11,0,40,2,1,2,1,14,33,7
3591143,0,11,0,40,2,1,2,1,12,28,7
3591270,0,11,0,40,3,1,2,1,9,52,7
3591820,0,11,0,40,2,1,2,1,9,30,7
3592143,0,11,0,40,2,1,2,1,6,20,7
3592714,0,11,0,40,2,1,2,1,10,45,7
3592940,0,11,0,40,2,1,2,1,6,42,7
3587792,0,11,0,40,3,2,2,1,6,43,7
3591297,0,11,0,40,3,2,2,1,5,61,7
3583371,0,11,0,40,3,2,2,1,8,39,7
3588555,0,11,0,40,3,2,2,1,18,48,7
3591686,0,11,0,40,2,2,2,1,6,45,7
3583306,0,11,0,40,2,1,2,1,8,62,7
3583633,0,11,0,40,3,1,2,1,14,51,7
3583772,0,11,0,40,2,1,2,1,9,26,7
3584252,0,11,0,40,2,1,2,1,15,122,7
3584537,0,11,0,40,3,1,2,1,7,37,7
3584766,0,11,0,40,3,1,2,1,12,25,7
3584948,0,11,0,40,2,1,2,1,7,28,7
3585719,0,11,0,40,3,1,2,1,8,41,7
3586045,0,11,0,40,2,1,2,1,15,45,7
3586497,0,11,0,40,2,1,2,1,10,63,7
3586667,0,11,0,40,2,1,2,1,8,30,7
3586819,0,11,0,40,3,1,2,1,15,26,7
3587406,0,11,0,40,3,1,2,1,9,31,7
3587823,0,11,0,40,2,1,2,1,9,79,7
3588303,0,11,0,40,2,1,2,1,13,40,7
3588513,0,11,0,40,2,1,2,1,9,81,7
3588737,0,11,0,40,2,1,2,1,11,33,7
3589227,0,11,0,40,3,1,2,1,7,50,7
3589406,0,11,0,40,3,1,2,1,21,60,7
3589774,0,11,0,40,2,1,2,1,11,18,7
3590365,0,11,0,40,2,1,2,1,7,29,7
3590503,0,11,0,40,2,1,2,1,13,55,7
3590590,0,11,0,40,2,1,2,1,9,56,7
3590916,0,11,0,40,2,1,2,1,8,28,7
3591037,0,11,0,40,3,1,2,1,8,46,7
3591251,0,11,0,40,2,1,2,1,7,73,7
3591284,0,11,0,40,2,1,2,1,7,60,7
3591551,0,11,0,40,2,1,2,1,8,81,7
3591887,0,11,0,40,3,1,2,1,11,36,7
3592446,0,11,0,40,3,1,2,1,12,46,7
3592580,0,11,0,40,2,1,2,1,13,62,7
3592712,0,11,0,40,3,1,2,1,7,50,7
3592901,0,11,0,40,3,1,2,1,14,37,7
3592214,0,11,0,40,2,2,2,1,11,53,7
3586847,0,11,0,40,3,2,2,1,7,14,7
3592160,0,11,0,40,3,2,2,1,9,43,7
3589136,0,11,0,40,2,2,2,1,16,74,7
3589439,0,11,0,40,3,2,2,1,3,52,7
3586466,0,11,0,40,2,2,2,1,10,78,7
3589127,0,11,0,40,2,2,2,1,6,46,7
3587390,0,11,0,40,2,2,2,1,7,57,7
3591203,0,11,0,40,2,2,2,1,7,95,7
3583848,0,11,0,40,2,1,2,1,16,54,7
3584646,0,11,0,40,2,1,2,1,9,63,7
3584837,0,11,0,40,2,1,2,1,9,50,7
3584958,0,11,0,40,3,1,2,1,33,43,7
3585187,0,11,0,40,3,1,2,1,10,68,7
3585410,0,11,0,40,2,1,2,1,9,66,7
3585617,0,11,0,40,2,1,2,1,11,46,7
3585812,0,11,0,40,2,1,2,1,14,64,7
3586008,0,11,0,40,2,1,2,1,11,49,7
3586097,0,11,0,40,3,1,2,1,11,35,7
3586153,0,11,0,40,2,1,2,1,11,57,7
3586665,0,11,0,40,2,1,2,1,11,75,7
3587610,0,11,0,40,3,1,2,1,11,83,7
3588606,0,11,0,40,3,1,2,1,8,39,7
3588804,0,11,0,40,2,1,2,1,12,31,7
3589294,0,11,0,40,2,1,2,1,11,30,7
3589530,0,11,0,40,3,1,2,1,12,44,7
3590271,0,11,0,40,2,1,2,1,10,49,7
3590624,0,11,0,40,3,1,2,1,9,59,7
3591071,0,11,0,40,2,1,2,1,13,18,7
3592862,0,11,0,40,2,1,2,1,13,43,7
3585093,0,11,0,40,2,2,2,1,15,37,7
3592769,0,11,0,40,3,2,2,1,8,61,7
3587551,0,11,0,40,3,2,2,1,5,98,7
3584775,0,11,0,40,2,2,2,1,15,49,7
3585590,0,11,0,40,2,2,2,1,15,31,7
3586821,0,11,0,40,3,2,2,1,14,53,7
3589552,0,11,0,40,2,2,2,1,10,60,7
3591581,0,11,0,40,2,2,2,1,4,41,7
3583491,0,11,0,40,2,2,2,1,7,34,7
3589904,0,11,0,40,2,2,2,1,13,30,7
3583068,0,11,0,40,3,2,2,1,7,51,7
3584367,0,11,0,40,2,2,2,1,8,66,7
3588365,0,11,0,40,2,2,2,1,3,54,7
3591117,0,11,0,40,2,2,2,1,8,71,7
3592117,0,11,0,40,2,2,2,1,7,26,7
3586016,0,11,0,40,2,2,2,1,8,55,7
3587245,0,11,0,40,2,2,2,1,4,57,7
3589944,0,11,0,40,3,2,2,1,12,24,7
3592252,0,11,0,40,3,2,2,1,4,60,7
3589474,0,11,0,40,3,2,2,1,9,72,7
3583742,0,11,0,40,2,1,2,1,10,35,7
3583992,1,11,8,36.0897,2,1,2,1,16,80,7
3584074,0,11,0,40,2,1,2,1,14,28,7
3585160,0,11,0,40,3,1,2,1,16,55,7
3587010,0,11,0,40,3,1,2,1,15,57,7
3587820,0,11,0,40,3,1,2,1,12,47,7
3588164,0,11,0,40,2,1,2,1,15,78,7
3589115,0,11,0,40,3,1,2,1,12,21,7
3589337,0,11,0,40,2,1,2,1,10,54,7
3589950,0,11,0,40,2,1,2,1,14,68,7
3591748,0,11,0,40,3,1,2,1,13,37,7
3592505,0,11,0,40,3,1,2,1,10,39,7
3592854,0,11,0,40,2,1,2,1,18,62,7
3590118,0,11,0,40,2,2,2,1,13,91,7
3584411,0,11,0,40,3,2,2,1,9,23,7
3585332,0,11,0,40,3,2,2,1,12,38,7
3590313,0,11,0,40,2,2,2,1,21,36,7
3588435,0,11,0,40,3,2,2,1,12,53,7
3589421,0,11,0,40,3,2,2,1,7,40,7
3592441,0,11,0,40,2,2,2,1,5,30,7
3588287,0,11,0,40,3,2,2,1,11,26,7
3592499,0,11,0,40,2,2,2,1,18,38,7
3583363,0,11,0,40,2,2,2,1,9,23,7
3589086,0,11,0,40,3,2,2,1,8,23,7
3590238,1,11,0,40,2,2,2,1,3,74,7
3591010,0,11,0,40,2,2,2,1,5,65,7
3587105,0,11,0,40,2,2,2,1,5,36,7
3588870,0,11,0,40,3,2,2,1,9,80,7
3583153,0,11,0,40,3,2,2,1,7,41,7
3585643,0,11,0,40,3,2,2,1,13,25,7
3592613,0,11,0,40,2,2,2,1,6,43,7
3584083,0,11,0,40,3,1,2,1,10,47,7
3585548,0,11,0,40,2,1,2,1,12,33,7
3587284,0,11,0,40,3,1,2,1,16,61,7
3589835,0,11,0,40,3,1,2,1,13,14,7
3591743,0,11,0,40,3,1,2,1,14,108,7
3591791,0,11,0,40,3,1,2,1,18,39,7
3592236,0,11,0,40,2,1,2,1,15,42,7
3592931,0,11,0,40,2,1,2,1,11,15,7
3585214,0,11,0,40,3,2,2,1,13,52,7
3589236,0,11,0,40,3,2,2,1,12,45,7
3583904,0,11,0,40,2,2,2,1,11,84,7
3592524,0,11,0,40,2,2,2,1,6,47,7
3589076,0,11,0,40,2,2,2,1,11,30,7
3590373,0,11,0,40,3,2,2,1,14,88,7
3584090,0,11,0,40,2,2,2,1,6,57,7
3588947,0,11,0,40,2,2,2,1,10,60,7
3589861,0,11,0,40,2,2,2,1,7,52,7
3590797,0,11,0,40,3,2,2,1,6,66,7
3585946,0,11,0,40,2,2,2,1,6,43,7
3588995,0,11,0,40,3,2,2,1,7,22,7
3592601,0,11,0,40,3,2,2,1,8,59,7
3589051,0,11,0,40,3,3,2,1,16,43,7
3583654,0,11,0,40,2,1,2,1,11,41,7
3584066,0,11,0,40,2,1,2,1,18,83,7
3585920,0,11,0,40,2,1,2,1,17,26,7
3590746,0,11,0,40,2,2,2,1,20,34,7
3586589,0,11,0,40,3,2,2,1,17,46,7
3587546,0,11,0,40,2,2,2,1,8,44,7
3583299,0,11,0,40,2,2,2,1,20,27,7
3590183,0,11,0,40,2,2,2,1,16,95,7
3589043,0,11,0,40,3,2,2,1,6,32,7
3585111,0,11,0,40,2,2,2,1,11,62,7
3583158,0,11,0,40,2,2,2,1,18,45,7
3590654,0,11,0,40,3,2,2,1,10,41,7
3589177,0,11,0,40,2,3,2,1,17,44,7
3591737,0,11,0,40,3,2,2,1,11,54,7
3593049,0,11,0,40,2,0,2,1,2,35,7
3593055,0,11,0,40,2,0,2,1,2,44,7
3593060,0,11,0,40,3,0,2,1,2,24,7
