id,inf_state,current_time,infected_time,ct_value,ct_type_method,number_of_bites,species,sex,current_age,death_day,sim_number,
228089,0,1015,0,40,2,12,2,1,134,32,8
305188,0,1015,0,40,2,1,2,1,43,83,8
290835,0,1015,0,40,2,3,2,1,56,69,8
307207,0,1015,0,40,2,0,2,1,41,74,8
308843,0,1015,0,40,3,0,2,1,39,34,8
291172,0,1015,0,40,2,4,2,1,61,33,8
270760,0,1015,0,40,3,6,2,1,85,18,8
309129,0,1015,0,40,3,0,2,1,36,32,8
309101,0,1015,0,40,3,0,2,1,35,55,8
309460,0,1015,0,40,3,0,2,1,35,53,8
310230,0,1015,0,40,3,0,2,1,35,54,8
249278,0,1015,0,40,3,11,2,1,111,37,8
276315,0,1015,0,40,3,5,2,1,82,91,8
293367,0,1015,0,40,3,4,2,1,64,41,8
307550,0,1015,0,40,3,1,2,1,33,77,8
307099,0,1015,0,40,3,1,2,1,36,15,8
254166,0,1015,0,40,3,11,2,1,100,25,8
310883,0,1015,0,40,2,0,2,1,32,41,8
311168,0,1015,0,40,2,0,2,1,32,24,8
225055,0,1015,0,40,3,18,2,1,149,60,8
224221,0,1015,0,40,3,17,2,1,100,40,8
308260,0,1015,0,40,3,1,2,1,35,53,8
247848,0,1015,0,40,3,14,2,1,91,23,8
269951,1,1015,977,40,3,10,2,1,75,70,8
312409,0,1015,0,40,2,0,2,1,30,95,8
302819,0,1015,0,40,3,3,2,1,36,18,8
262728,0,1015,0,40,3,11,2,1,83,35,8
295178,0,1015,0,40,2,4,2,1,54,33,8
287055,0,1015,0,40,2,5,2,1,67,46,8
312524,0,1015,0,40,2,0,2,1,29,25,8
284930,0,1015,0,40,3,5,2,1,52,79,8
308573,0,1015,0,40,2,1,2,1,30,28,8
307024,0,1015,0,40,3,1,2,1,35,29,8
294835,0,1015,0,40,3,5,2,1,50,46,8
226558,0,1015,0,40,3,18,2,1,144,31,8
308788,0,1015,0,40,3,1,2,1,32,61,8
312561,0,1015,0,40,2,0,2,1,28,29,8
276385,1,1015,924,40,3,6,2,1,74,42,8
297358,0,1015,0,40,2,4,2,1,45,29,8
304587,0,1015,0,40,2,3,2,1,38,37,8
301367,0,1015,0,40,2,3,2,1,48,35,8
303379,0,1015,0,40,2,2,2,1,44,53,8
312960,0,1015,0,40,3,0,2,1,27,23,8
313298,0,1015,0,40,2,0,2,1,27,27,8
313392,0,1015,0,40,2,0,2,1,27,35,8
308035,0,1015,0,40,2,1,2,1,28,46,8
301632,0,1015,0,40,2,3,2,1,35,49,8
310570,0,1015,0,40,2,1,2,1,30,41,8
300592,0,1015,0,40,2,4,2,1,40,26,8
263396,0,1015,0,40,2,8,2,1,78,78,8
312853,0,1015,0,40,2,0,2,1,26,56,8
313679,0,1015,0,40,3,0,2,1,26,73,8
280531,0,1015,0,40,2,8,2,1,56,75,8
294646,0,1015,0,40,2,4,2,1,52,14,8
295660,0,1015,0,40,2,5,2,1,43,63,8
265458,0,1015,0,40,2,7,2,1,87,26,8
300848,0,1015,0,40,3,4,2,1,43,71,8
289419,0,1015,0,40,2,5,2,1,56,36,8
234077,0,1015,0,40,2,15,2,1,114,50,8
301923,0,1015,0,40,3,3,2,1,45,42,8
314081,0,1015,0,40,3,0,2,1,25,21,8
314207,0,1015,0,40,3,0,2,1,25,52,8
266456,0,1015,0,40,2,10,2,1,76,64,8
288456,0,1015,0,40,3,4,2,1,65,31,8
249535,0,1015,0,40,3,13,2,1,93,20,8
289858,0,1015,0,40,3,4,2,1,58,42,8
240929,0,1015,0,40,3,11,2,1,133,54,8
307100,0,1015,0,40,2,3,2,1,35,46,8
313555,0,1015,0,40,3,0,2,1,24,41,8
314010,0,1015,0,40,3,0,2,1,24,10,8
314114,0,1015,0,40,2,0,2,1,24,47,8
307174,0,1015,0,40,2,1,2,1,33,31,8
292253,0,1015,0,40,3,4,2,1,51,44,8
310697,0,1015,0,40,3,1,2,1,26,33,8
256736,0,1015,0,40,2,9,2,1,97,60,8
306639,0,1015,0,40,2,3,2,1,26,26,8
274664,0,1015,0,40,2,9,2,1,51,43,8
294925,0,1015,0,40,2,5,2,1,50,35,8
307800,0,1015,0,40,2,1,2,1,38,60,8
281770,0,1015,0,40,3,7,2,1,64,73,8
310925,0,1015,0,40,3,1,2,1,30,63,8
291250,0,1015,0,40,2,6,2,1,57,39,8
307716,0,1015,0,40,3,2,2,1,32,29,8
311732,0,1015,0,40,3,1,2,1,29,41,8
244780,0,1015,0,40,2,14,2,1,97,13,8
283314,0,1015,0,40,2,8,2,1,57,74,8
285268,0,1015,0,40,3,6,2,1,57,28,8
313108,0,1015,0,40,3,1,2,1,26,46,8
314451,0,1015,0,40,2,0,2,1,23,26,8
314571,0,1015,0,40,3,0,2,1,23,39,8
314629,0,1015,0,40,3,0,2,1,23,55,8
314819,0,1015,0,40,2,0,2,1,23,42,8
223690,0,1015,0,40,2,14,2,1,107,39,8
296542,0,1015,0,40,3,4,2,1,45,34,8
308692,0,1015,0,40,3,2,2,1,29,22,8
307386,0,1015,0,40,3,2,2,1,30,41,8
305733,0,1015,0,40,3,2,2,1,34,53,8
302364,0,1015,0,40,2,3,2,1,41,29,8
261563,0,1015,0,40,3,10,2,1,80,21,8
280502,0,1015,0,40,2,7,2,1,62,49,8
268864,0,1015,0,40,2,8,2,1,70,79,8
233565,0,1015,0,40,2,14,2,1,130,46,8
311084,0,1015,0,40,3,2,2,1,24,31,8
237338,0,1015,0,40,2,17,2,1,112,62,8
245252,0,1015,0,40,3,16,2,1,96,30,8
314658,0,1015,0,40,3,0,2,1,22,16,8
314969,0,1015,0,40,3,0,2,1,22,65,8
315177,0,1015,0,40,3,0,2,1,22,41,8
253265,0,1015,0,40,3,11,2,1,86,47,8
289639,0,1015,0,40,2,5,2,1,51,88,8
279973,0,1015,0,40,3,6,2,1,62,68,8
292556,0,1015,0,40,2,6,2,1,54,86,8
299420,0,1015,0,40,2,5,2,1,38,84,8
303431,0,1015,0,40,3,2,2,1,39,35,8
312416,0,1015,0,40,3,1,2,1,23,39,8
278770,0,1015,0,40,2,8,2,1,45,22,8
277202,0,1015,0,40,2,7,2,1,63,76,8
293876,0,1015,0,40,2,6,2,1,52,30,8
282180,0,1015,0,40,2,6,2,1,65,23,8
243209,0,1015,0,40,2,12,2,1,119,54,8
309636,0,1015,0,40,3,2,2,1,31,25,8
302213,0,1015,0,40,2,3,2,1,41,52,8
294488,0,1015,0,40,2,4,2,1,50,27,8
285099,0,1015,0,40,3,8,2,1,49,27,8
313348,0,1015,0,40,3,1,2,1,25,37,8
314008,0,1015,0,40,2,0,2,1,21,71,8
314632,0,1015,0,40,2,0,2,1,21,47,8
314720,0,1015,0,40,3,0,2,1,21,61,8
314916,0,1015,0,40,3,0,2,1,21,17,8
315120,0,1015,0,40,2,0,2,1,21,35,8
315307,0,1015,0,40,2,0,2,1,21,32,8
315379,0,1015,0,40,2,0,2,1,21,17,8
315429,0,1015,0,40,3,0,2,1,21,33,8
315577,0,1015,0,40,3,0,2,1,21,32,8
285982,0,1015,0,40,2,4,2,1,51,41,8
299319,0,1015,0,40,3,3,2,1,46,42,8
249604,0,1015,0,40,3,10,2,1,103,33,8
240244,0,1015,0,40,2,12,2,1,117,48,8
280783,0,1015,0,40,2,7,2,1,53,45,8
277873,0,1015,0,40,3,9,2,1,56,33,8
256223,0,1015,0,40,2,10,2,1,98,18,8
311697,0,1015,0,40,3,1,2,1,28,47,8
312279,0,1015,0,40,3,1,2,1,26,61,8
312824,0,1015,0,40,3,1,2,1,25,36,8
268373,1,1015,910,40,3,8,2,1,72,56,8
310806,0,1015,0,40,2,1,2,1,31,38,8
304834,0,1015,0,40,3,3,2,1,39,30,8
307127,0,1015,0,40,3,3,2,1,28,20,8
307361,0,1015,0,40,2,3,2,1,34,73,8
248014,0,1015,0,40,2,11,2,1,107,43,8
226970,0,1015,0,40,2,18,2,1,129,29,8
314276,0,1015,0,40,2,1,2,1,22,74,8
300233,0,1015,0,40,3,3,2,1,48,50,8
313982,0,1015,0,40,2,1,2,1,23,43,8
314702,0,1015,0,40,3,1,2,1,21,43,8
313792,0,1015,0,40,2,0,2,1,20,47,8
315240,0,1015,0,40,2,0,2,1,20,29,8
315396,0,1015,0,40,2,0,2,1,20,56,8
315607,0,1015,0,40,3,0,2,1,20,72,8
315671,0,1015,0,40,3,0,2,1,20,79,8
315695,0,1015,0,40,2,0,2,1,20,34,8
315755,0,1015,0,40,2,0,2,1,20,45,8
315835,0,1015,0,40,2,0,2,1,20,46,8
280825,0,1015,0,40,3,5,2,1,69,58,8
305446,0,1015,0,40,2,2,2,1,33,59,8
299021,0,1015,0,40,2,5,2,1,36,26,8
259762,0,1015,0,40,2,9,2,1,84,21,8
311062,0,1015,0,40,3,1,2,1,23,43,8
311808,0,1015,0,40,2,1,2,1,22,34,8
278869,0,1015,0,40,2,10,2,1,56,82,8
310381,0,1015,0,40,3,1,2,1,26,21,8
287726,0,1015,0,40,3,6,2,1,59,43,8
311368,0,1015,0,40,3,1,2,1,26,67,8
312363,0,1015,0,40,3,1,2,1,24,36,8
252271,0,1015,0,40,3,15,2,1,92,22,8
283512,0,1015,0,40,3,5,2,1,60,29,8
306670,0,1015,0,40,2,3,2,1,33,42,8
272401,0,1015,0,40,2,6,2,1,76,55,8
278828,0,1015,0,40,3,9,2,1,65,22,8
282724,0,1015,0,40,2,7,2,1,64,29,8
305668,0,1015,0,40,3,2,2,1,31,63,8
310573,0,1015,0,40,3,1,2,1,28,22,8
227926,0,1015,0,40,3,21,2,1,115,19,8
242262,0,1015,0,40,2,15,2,1,100,64,8
314046,0,1015,0,40,2,1,2,1,21,66,8
239826,0,1015,0,40,2,12,2,1,123,40,8
310458,0,1015,0,40,2,2,2,1,30,40,8
299213,0,1015,0,40,3,4,2,1,41,26,8
272221,0,1015,0,40,3,11,2,1,66,24,8
291365,0,1015,0,40,3,5,2,1,54,22,8
292940,0,1015,0,40,3,6,2,1,40,23,8
315310,0,1015,0,40,3,0,2,1,19,68,8
315824,0,1015,0,40,3,0,2,1,19,36,8
316157,0,1015,0,40,3,0,2,1,19,19,8
290475,0,1015,0,40,3,5,2,1,44,15,8
281979,0,1015,0,40,2,6,2,1,49,41,8
305360,0,1015,0,40,3,2,2,1,35,132,8
264539,0,1015,0,40,2,11,2,1,78,25,8
311202,0,1015,0,40,2,1,2,1,23,33,8
305155,0,1015,0,40,3,3,2,1,24,26,8
302758,0,1015,0,40,2,5,2,1,30,89,8
308077,0,1015,0,40,2,1,2,1,32,61,8
283037,0,1015,0,40,2,5,2,1,59,43,8
307137,0,1015,0,40,2,2,2,1,32,57,8
298602,0,1015,0,40,2,4,2,1,37,32,8
288203,0,1015,0,40,3,8,2,1,56,63,8
261776,0,1015,0,40,2,12,2,1,85,46,8
290016,0,1015,0,40,2,7,2,1,50,14,8
314404,0,1015,0,40,3,1,2,1,19,33,8
308881,0,1015,0,40,3,2,2,1,28,56,8
312695,0,1015,0,40,2,1,2,1,24,23,8
314494,0,1015,0,40,2,1,2,1,20,50,8
311775,0,1015,0,40,2,2,2,1,24,52,8
307781,0,1015,0,40,3,4,2,1,28,67,8
294208,0,1015,0,40,2,6,2,1,39,33,8
314824,0,1015,0,40,3,1,2,1,19,54,8
243789,0,1015,0,40,2,13,2,1,94,43,8
303774,0,1015,0,40,3,4,2,1,44,26,8
315322,0,1015,0,40,2,0,2,1,18,46,8
315466,0,1015,0,40,3,0,2,1,18,42,8
315498,0,1015,0,40,3,0,2,1,18,55,8
316156,0,1015,0,40,3,0,2,1,18,27,8
316269,0,1015,0,40,2,0,2,1,18,30,8
316325,0,1015,0,40,2,0,2,1,18,85,8
316393,0,1015,0,40,2,0,2,1,18,68,8
316397,0,1015,0,40,2,0,2,1,18,7,8
316443,0,1015,0,40,3,0,2,1,18,69,8
272211,0,1015,0,40,2,7,2,1,72,36,8
309823,0,1015,0,40,2,2,2,1,23,25,8
299631,0,1015,0,40,3,4,2,1,37,41,8
258082,0,1015,0,40,2,13,2,1,67,22,8
291236,0,1015,0,40,2,4,2,1,51,36,8
306115,0,1015,0,40,2,3,2,1,29,44,8
259511,0,1015,0,40,3,11,2,1,75,82,8
307341,0,1015,0,40,2,2,2,1,30,36,8
221021,0,1015,0,40,3,12,2,1,108,25,8
311432,0,1015,0,40,3,1,2,1,24,27,8
279491,0,1015,0,40,3,8,2,1,45,27,8
302009,0,1015,0,40,2,3,2,1,42,40,8
215321,1,1015,896,40,2,19,2,1,143,32,8
257644,1,1015,928,40,3,7,2,1,83,21,8
297169,0,1015,0,40,3,4,2,1,44,37,8
310493,0,1015,0,40,3,2,2,1,28,40,8
310974,0,1015,0,40,3,2,2,1,25,37,8
313598,0,1015,0,40,2,1,2,1,20,37,8
275379,0,1015,0,40,2,7,2,1,74,100,8
302803,0,1015,0,40,3,4,2,1,38,36,8
306872,0,1015,0,40,2,2,2,1,30,43,8
292649,0,1015,0,40,3,5,2,1,47,46,8
300921,0,1015,0,40,3,3,2,1,39,38,8
304725,0,1015,0,40,3,5,2,1,31,24,8
314258,0,1015,0,40,3,1,2,1,20,58,8
313259,0,1015,0,40,2,1,2,1,19,23,8
314657,0,1015,0,40,2,1,2,1,19,48,8
279041,0,1015,0,40,2,9,2,1,58,51,8
266235,0,1015,0,40,2,9,2,1,70,60,8
314689,0,1015,0,40,2,1,2,1,20,45,8
260272,1,1015,965,40,3,12,2,1,82,21,8
314878,0,1015,0,40,2,1,2,1,19,26,8
311457,0,1015,0,40,3,3,2,1,24,41,8
301324,0,1015,0,40,3,3,2,1,48,23,8
263527,0,1015,0,40,2,11,2,1,92,39,8
288411,0,1015,0,40,3,6,2,1,53,36,8
284050,0,1015,0,40,2,10,2,1,51,23,8
313518,0,1015,0,40,3,2,2,1,21,48,8
303497,0,1015,0,40,3,4,2,1,35,21,8
314740,0,1015,0,40,3,0,2,1,17,28,8
315654,0,1015,0,40,3,0,2,1,17,29,8
316194,0,1015,0,40,2,0,2,1,17,29,8
316240,0,1015,0,40,3,0,2,1,17,28,8
316280,0,1015,0,40,3,0,2,1,17,119,8
316526,0,1015,0,40,3,0,2,1,17,29,8
316624,0,1015,0,40,3,0,2,1,17,17,8
242686,0,1015,0,40,3,11,2,1,122,41,8
293502,0,1015,0,40,3,5,2,1,42,38,8
260449,0,1015,0,40,2,11,2,1,76,44,8
294145,0,1015,0,40,3,6,2,1,50,54,8
295163,0,1015,0,40,3,4,2,1,42,55,8
299867,0,1015,0,40,3,4,2,1,46,41,8
311751,0,1015,0,40,2,2,2,1,21,30,8
313249,0,1015,0,40,2,1,2,1,19,42,8
304581,0,1015,0,40,3,3,2,1,24,63,8
311387,0,1015,0,40,3,2,2,1,22,84,8
312311,0,1015,0,40,2,1,2,1,24,40,8
311334,0,1015,0,40,2,1,2,1,23,38,8
290623,0,1015,0,40,3,6,2,1,53,58,8
299929,0,1015,0,40,3,4,2,1,37,49,8
299065,0,1015,0,40,2,4,2,1,50,29,8
227120,0,1015,0,40,2,19,2,1,133,17,8
276753,0,1015,0,40,2,9,2,1,71,36,8
275467,0,1015,0,40,2,10,2,1,63,30,8
224363,0,1015,0,40,3,23,2,1,126,31,8
313537,0,1015,0,40,2,1,2,1,21,6,8
253452,0,1015,0,40,2,10,2,1,94,58,8
314045,0,1015,0,40,3,1,2,1,20,32,8
282642,0,1015,0,40,3,9,2,1,39,55,8
247065,1,1015,922,40,3,14,2,1,94,44,8
285766,0,1015,0,40,3,9,2,1,45,19,8
259818,0,1015,0,40,2,13,2,1,65,46,8
272728,0,1015,0,40,2,7,2,1,72,32,8
259410,0,1015,0,40,3,9,2,1,75,75,8
304651,0,1015,0,40,3,3,2,1,30,55,8
314831,0,1015,0,40,3,1,2,1,19,47,8
271464,0,1015,0,40,2,9,2,1,76,19,8
294997,0,1015,0,40,3,4,2,1,48,74,8
314975,0,1015,0,40,2,1,2,1,19,43,8
256623,0,1015,0,40,2,14,2,1,93,78,8
315361,0,1015,0,40,3,1,2,1,18,51,8
264928,0,1015,0,40,2,13,2,1,70,31,8
304234,0,1015,0,40,3,3,2,1,34,42,8
297129,0,1015,0,40,3,5,2,1,48,57,8
286879,0,1015,0,40,3,8,2,1,47,41,8
299154,0,1015,0,40,2,5,2,1,39,56,8
315673,0,1015,0,40,3,1,2,1,18,69,8
302563,0,1015,0,40,3,3,2,1,42,40,8
313186,0,1015,0,40,3,1,2,1,22,20,8
309052,0,1015,0,40,2,2,2,1,35,31,8
315758,0,1015,0,40,2,0,2,1,16,68,8
316054,0,1015,0,40,2,0,2,1,16,61,8
316661,0,1015,0,40,2,0,2,1,16,44,8
316697,0,1015,0,40,3,0,2,1,16,45,8
316725,0,1015,0,40,2,0,2,1,16,78,8
316803,0,1015,0,40,2,0,2,1,16,49,8
316809,0,1015,0,40,2,0,2,1,16,63,8
316825,0,1015,0,40,2,0,2,1,16,53,8
316841,0,1015,0,40,2,0,2,1,16,33,8
316865,0,1015,0,40,3,0,2,1,16,45,8
316925,0,1015,0,40,3,0,2,1,16,58,8
316935,0,1015,0,40,3,0,2,1,16,41,8
316939,0,1015,0,40,3,0,2,1,16,78,8
316949,0,1015,0,40,2,0,2,1,16,82,8
316959,0,1015,0,40,3,0,2,1,16,77,8
316985,0,1015,0,40,3,0,2,1,16,36,8
317055,0,1015,0,40,2,0,2,1,16,31,8
220185,1,1015,921,40,2,16,2,1,120,28,8
313623,0,1015,0,40,3,1,2,1,18,48,8
218593,1,1015,935,40,3,11,2,1,98,34,8
296982,0,1015,0,40,2,4,2,1,48,32,8
231626,0,1015,0,40,3,16,2,1,129,65,8
312278,0,1015,0,40,2,1,2,1,18,22,8
301458,0,1015,0,40,3,4,2,1,26,38,8
285158,0,1015,0,40,3,7,2,1,50,33,8
305934,0,1015,0,40,2,3,2,1,29,53,8
240615,0,1015,0,40,3,14,2,1,106,26,8
233110,0,1015,0,40,2,20,2,1,93,66,8
301141,0,1015,0,40,2,4,2,1,38,39,8
297885,0,1015,0,40,3,3,2,1,49,70,8
311316,0,1015,0,40,3,1,2,1,27,42,8
291019,0,1015,0,40,3,7,2,1,49,21,8
313546,0,1015,0,40,3,1,2,1,22,18,8
301738,0,1015,0,40,2,4,2,1,33,44,8
313427,0,1015,0,40,3,1,2,1,19,53,8
311507,0,1015,0,40,2,2,2,1,24,34,8
307523,0,1015,0,40,2,1,2,1,38,52,8
272939,0,1015,0,40,2,9,2,1,69,31,8
312401,0,1015,0,40,2,1,2,1,26,44,8
300296,0,1015,0,40,3,4,2,1,40,30,8
314895,0,1015,0,40,3,1,2,1,19,22,8
306973,0,1015,0,40,3,4,2,1,28,89,8
314734,0,1015,0,40,2,1,2,1,18,85,8
303518,0,1015,0,40,2,4,2,1,33,24,8
266643,0,1015,0,40,3,10,2,1,70,28,8
296578,0,1015,0,40,2,5,2,1,47,77,8
313289,0,1015,0,40,3,1,2,1,23,60,8
223494,0,1015,0,40,3,13,2,1,105,33,8
302159,0,1015,0,40,3,4,2,1,26,49,8
306326,0,1015,0,40,2,4,2,1,32,18,8
309093,0,1015,0,40,2,3,2,1,31,58,8
312399,0,1015,0,40,3,1,2,1,28,43,8
275332,0,1015,0,40,2,7,2,1,62,68,8
188677,0,1015,0,40,3,21,2,1,178,74,8
296320,0,1015,0,40,2,6,2,1,43,82,8
273509,0,1015,0,40,3,10,2,1,63,40,8
315716,0,1015,0,40,2,1,2,1,17,40,8
306993,0,1015,0,40,2,3,2,1,34,51,8
314580,0,1015,0,40,2,1,2,1,23,27,8
312727,0,1015,0,40,2,2,2,1,20,61,8
316410,0,1015,0,40,3,0,2,1,15,49,8
316471,0,1015,0,40,3,0,2,1,15,53,8
316479,0,1015,0,40,2,0,2,1,15,24,8
316559,0,1015,0,40,3,0,2,1,15,63,8
316647,0,1015,0,40,2,0,2,1,15,26,8
316751,0,1015,0,40,3,0,2,1,15,65,8
316848,0,1015,0,40,3,0,2,1,15,95,8
316884,0,1015,0,40,2,0,2,1,15,41,8
316940,0,1015,0,40,2,0,2,1,15,78,8
316968,0,1015,0,40,3,0,2,1,15,58,8
317052,0,1015,0,40,2,0,2,1,15,29,8
317153,0,1015,0,40,2,0,2,1,15,22,8
317157,0,1015,0,40,2,0,2,1,15,52,8
317225,0,1015,0,40,3,0,2,1,15,37,8
317239,0,1015,0,40,3,0,2,1,15,74,8
317307,0,1015,0,40,3,0,2,1,15,16,8
317325,0,1015,0,40,2,0,2,1,15,36,8
317341,0,1015,0,40,2,0,2,1,15,22,8
263110,0,1015,0,40,3,10,2,1,66,61,8
289044,0,1015,0,40,2,7,2,1,35,6,8
311806,0,1015,0,40,2,1,2,1,20,61,8
230090,0,1015,0,40,3,17,2,1,128,54,8
314318,0,1015,0,40,2,1,2,1,15,83,8
312321,0,1015,0,40,2,1,2,1,22,35,8
312740,0,1015,0,40,3,1,2,1,21,49,8
282220,0,1015,0,40,3,7,2,1,52,24,8
267509,0,1015,0,40,2,9,2,1,56,30,8
306615,0,1015,0,40,2,1,2,1,36,29,8
295716,0,1015,0,40,3,4,2,1,46,44,8
294728,0,1015,0,40,3,5,2,1,40,45,8
284232,0,1015,0,40,3,7,2,1,50,25,8
272890,0,1015,0,40,3,11,2,1,69,39,8
302038,0,1015,0,40,3,4,2,1,34,33,8
315125,0,1015,0,40,2,1,2,1,15,27,8
278165,0,1015,0,40,3,5,2,1,66,67,8
310411,0,1015,0,40,3,1,2,1,28,34,8
279158,0,1015,0,40,3,9,2,1,56,59,8
229906,0,1015,0,40,3,15,2,1,120,44,8
225482,1,1015,951,40,2,20,2,1,134,27,8
308447,0,1015,0,40,2,3,2,1,23,36,8
300236,0,1015,0,40,2,4,2,1,37,43,8
311211,0,1015,0,40,2,3,2,1,21,38,8
309458,0,1015,0,40,3,1,2,1,31,32,8
281039,0,1015,0,40,2,7,2,1,63,47,8
312455,0,1015,0,40,2,1,2,1,25,77,8
227640,0,1015,0,40,3,18,2,1,117,37,8
303951,0,1015,0,40,2,3,2,1,37,79,8
293569,0,1015,0,40,2,6,2,1,39,32,8
306810,0,1015,0,40,2,3,2,1,24,87,8
310634,0,1015,0,40,2,2,2,1,25,46,8
223656,1,1015,938,40,3,17,2,1,118,22,8
306756,0,1015,0,40,3,5,2,1,24,55,8
279405,0,1015,0,40,2,12,2,1,48,22,8
313205,0,1015,0,40,3,2,2,1,18,42,8
305957,0,1015,0,40,3,1,2,1,42,68,8
264099,0,1015,0,40,3,10,2,1,88,22,8
222942,0,1015,0,40,2,15,2,1,161,34,8
225629,0,1015,0,40,3,23,2,1,121,84,8
307164,0,1015,0,40,3,3,2,1,29,20,8
307643,0,1015,0,40,2,3,2,1,29,67,8
307633,0,1015,0,40,2,3,2,1,29,19,8
297001,0,1015,0,40,2,5,2,1,40,26,8
270528,0,1015,0,40,2,14,2,1,60,18,8
297806,0,1015,0,40,2,5,2,1,34,46,8
285667,0,1015,0,40,2,6,2,1,54,64,8
315864,0,1015,0,40,3,1,2,1,15,102,8
306879,0,1015,0,40,2,2,2,1,35,21,8
310110,0,1015,0,40,2,2,2,1,32,72,8
312875,0,1015,0,40,3,1,2,1,25,45,8
315036,0,1015,0,40,3,1,2,1,18,34,8
240457,0,1015,0,40,2,11,2,1,121,19,8
262865,0,1015,0,40,2,12,2,1,76,51,8
274667,0,1015,0,40,2,10,2,1,67,64,8
314452,0,1015,0,40,3,2,2,1,18,44,8
260571,0,1015,0,40,2,13,2,1,66,68,8
314397,0,1015,0,40,3,1,2,1,15,25,8
313146,0,1015,0,40,3,1,2,1,23,40,8
245553,0,1015,0,40,3,17,2,1,87,33,8
313067,0,1015,0,40,3,3,2,1,21,17,8
309076,0,1015,0,40,2,4,2,1,26,21,8
286619,0,1015,0,40,2,5,2,1,69,34,8
264647,0,1015,0,40,3,9,2,1,85,46,8
313167,0,1015,0,40,3,2,2,1,18,73,8
308152,0,1015,0,40,3,4,2,1,24,17,8
280093,0,1015,0,40,3,8,2,1,70,55,8
309786,0,1015,0,40,3,2,2,1,30,33,8
304801,0,1015,0,40,2,3,2,1,38,35,8
261162,0,1015,0,40,3,11,2,1,67,51,8
314646,0,1015,0,40,2,2,2,1,20,19,8
284562,0,1015,0,40,3,7,2,1,51,68,8
314224,0,1015,0,40,2,2,2,1,18,37,8
298991,0,1015,0,40,2,5,2,1,43,66,8
315943,0,1015,0,40,2,1,2,1,19,35,8
316515,0,1015,0,40,3,0,2,1,14,47,8
316691,0,1015,0,40,2,0,2,1,14,36,8
316894,0,1015,0,40,3,0,2,1,14,53,8
317114,0,1015,0,40,2,0,2,1,14,43,8
317214,0,1015,0,40,2,0,2,1,14,27,8
317226,0,1015,0,40,3,0,2,1,14,27,8
317246,0,1015,0,40,3,0,2,1,14,33,8
317258,0,1015,0,40,3,0,2,1,14,35,8
317358,0,1015,0,40,2,0,2,1,14,49,8
317374,0,1015,0,40,2,0,2,1,14,34,8
317388,0,1015,0,40,2,0,2,1,14,54,8
317396,0,1015,0,40,3,0,2,1,14,84,8
317422,0,1015,0,40,3,0,2,1,14,37,8
317466,0,1015,0,40,2,0,2,1,14,38,8
317536,0,1015,0,40,2,0,2,1,14,30,8
317546,0,1015,0,40,3,0,2,1,14,23,8
317618,0,1015,0,40,3,0,2,1,14,49,8
313637,0,1015,0,40,3,1,2,1,14,51,8
301390,0,1015,0,40,3,5,2,1,27,125,8
278423,0,1015,0,40,2,7,2,1,63,69,8
253149,0,1015,0,40,3,13,2,1,82,30,8
302871,0,1015,0,40,3,4,2,1,29,45,8
284810,0,1015,0,40,2,7,2,1,59,31,8
308991,0,1015,0,40,2,2,2,1,27,53,8
302214,0,1015,0,40,3,4,2,1,33,31,8
314303,0,1015,0,40,3,1,2,1,14,63,8
287121,0,1015,0,40,2,7,2,1,60,47,8
291821,0,1015,0,40,2,5,2,1,48,28,8
314745,0,1015,0,40,2,1,2,1,15,49,8
313531,0,1015,0,40,2,1,2,1,14,35,8
314718,0,1015,0,40,2,1,2,1,14,27,8
299764,0,1015,0,40,2,4,2,1,41,40,8
306214,0,1015,0,40,2,2,2,1,29,33,8
284225,0,1015,0,40,2,8,2,1,54,75,8
252706,0,1015,0,40,2,13,2,1,81,60,8
307858,0,1015,0,40,3,3,2,1,28,26,8
303339,0,1015,0,40,3,3,2,1,35,26,8
308552,0,1015,0,40,2,2,2,1,29,54,8
308529,0,1015,0,40,2,2,2,1,30,35,8
279294,0,1015,0,40,3,8,2,1,52,88,8
283003,2,1015,0,40,2,9,2,1,44,37,8
301810,0,1015,0,40,2,5,2,1,30,53,8
303413,0,1015,0,40,2,3,2,1,31,20,8
278432,0,1015,0,40,3,9,2,1,60,46,8
312004,0,1015,0,40,2,1,2,1,25,47,8
257650,0,1015,0,40,3,15,2,1,78,66,8
306114,0,1015,0,40,2,3,2,1,26,17,8
313398,0,1015,0,40,2,1,2,1,22,24,8
270426,0,1015,0,40,3,10,2,1,71,32,8
291690,0,1015,0,40,2,8,2,1,40,87,8
315217,0,1015,0,40,2,1,2,1,17,64,8
314667,0,1015,0,40,2,2,2,1,17,17,8
315408,0,1015,0,40,3,1,2,1,15,87,8
313719,0,1015,0,40,2,2,2,1,18,63,8
312059,0,1015,0,40,2,1,2,1,27,25,8
282546,0,1015,0,40,2,7,2,1,49,50,8
297133,0,1015,0,40,2,4,2,1,41,19,8
292117,0,1015,0,40,2,6,2,1,52,38,8
272842,0,1015,0,40,3,8,2,1,67,40,8
302544,0,1015,0,40,3,5,2,1,39,24,8
256034,0,1015,0,40,2,11,2,1,81,61,8
301946,0,1015,0,40,3,4,2,1,33,12,8
282725,0,1015,0,40,3,8,2,1,62,58,8
315151,0,1015,0,40,3,1,2,1,18,23,8
315427,0,1015,0,40,3,1,2,1,17,32,8
315541,0,1015,0,40,3,1,2,1,17,84,8
286313,0,1015,0,40,3,8,2,1,56,125,8
315869,0,1015,0,40,3,1,2,1,16,64,8
226217,0,1015,0,40,3,23,2,1,125,72,8
299702,0,1015,0,40,3,5,2,1,30,58,8
242224,0,1015,0,40,3,17,2,1,81,41,8
307964,0,1015,0,40,3,3,2,1,31,67,8
302132,0,1015,0,40,2,3,2,1,41,23,8
291797,0,1015,0,40,2,8,2,1,51,24,8
293896,0,1015,0,40,3,6,2,1,44,74,8
284588,0,1015,0,40,3,5,2,1,62,65,8
308712,0,1015,0,40,3,3,2,1,27,21,8
313275,0,1015,0,40,3,1,2,1,19,51,8
301113,0,1015,0,40,2,6,2,1,30,41,8
305829,0,1015,0,40,2,4,2,1,33,54,8
308710,0,1015,0,40,2,2,2,1,27,36,8
299369,0,1015,0,40,2,6,2,1,34,39,8
291752,0,1015,0,40,3,7,2,1,41,60,8
303555,0,1015,0,40,3,3,2,1,28,24,8
305946,0,1015,0,40,2,4,2,1,23,58,8
313412,0,1015,0,40,3,2,2,1,24,59,8
302160,0,1015,0,40,3,4,2,1,42,28,8
260534,0,1015,0,40,3,8,2,1,93,51,8
232941,0,1015,0,40,2,19,2,1,107,102,8
305219,0,1015,0,40,3,3,2,1,28,41,8
315792,0,1015,0,40,2,1,2,1,17,22,8
274232,0,1015,0,40,2,10,2,1,66,33,8
310499,0,1015,0,40,3,2,2,1,21,58,8
294237,0,1015,0,40,3,4,2,1,58,115,8
316408,0,1015,0,40,2,1,2,1,15,65,8
313440,0,1015,0,40,3,3,2,1,18,80,8
305524,0,1015,0,40,3,2,2,1,41,57,8
313891,0,1015,0,40,3,2,2,1,18,50,8
223315,0,1015,0,40,2,17,2,1,106,38,8
316292,0,1015,0,40,2,1,2,1,16,20,8
317183,0,1015,0,40,2,1,2,1,14,13,8
240095,0,1015,0,40,3,17,2,1,99,105,8
270744,1,1015,934,40,2,10,2,1,69,70,8
316210,0,1015,0,40,3,0,2,1,13,37,8
317172,0,1015,0,40,2,0,2,1,13,46,8
317224,0,1015,0,40,2,0,2,1,13,25,8
317415,0,1015,0,40,2,0,2,1,13,52,8
317583,0,1015,0,40,3,0,2,1,13,31,8
317611,0,1015,0,40,3,0,2,1,13,47,8
317623,0,1015,0,40,3,0,2,1,13,26,8
317707,0,1015,0,40,3,0,2,1,13,96,8
317773,0,1015,0,40,3,0,2,1,13,38,8
317777,0,1015,0,40,3,0,2,1,13,38,8
317913,0,1015,0,40,3,0,2,1,13,56,8
317919,0,1015,0,40,2,0,2,1,13,32,8
296052,0,1015,0,40,3,3,2,1,38,34,8
223077,0,1015,0,40,3,10,2,1,79,51,8
263739,0,1015,0,40,2,12,2,1,71,69,8
308489,0,1015,0,40,2,2,2,1,25,23,8
284061,0,1015,0,40,3,7,2,1,50,57,8
301620,0,1015,0,40,3,5,2,1,33,32,8
286243,0,1015,0,40,3,5,2,1,53,70,8
314016,0,1015,0,40,2,1,2,1,13,89,8
261333,0,1015,0,40,2,9,2,1,96,14,8
309307,0,1015,0,40,2,2,2,1,29,20,8
314675,0,1015,0,40,3,1,2,1,15,38,8
314441,0,1015,0,40,3,1,2,1,14,41,8
313273,0,1015,0,40,3,2,2,1,14,59,8
238828,1,1015,966,40,3,13,2,1,122,23,8
266743,0,1015,0,40,3,11,2,1,66,83,8
313997,0,1015,0,40,2,1,2,1,18,48,8
297246,0,1015,0,40,3,6,2,1,36,42,8
311711,0,1015,0,40,2,2,2,1,22,62,8
277958,0,1015,0,40,2,11,2,1,51,20,8
313253,0,1015,0,40,2,2,2,1,14,62,8
315723,0,1015,0,40,3,1,2,1,13,27,8
304791,0,1015,0,40,2,2,2,1,35,108,8
312308,0,1015,0,40,2,1,2,1,23,58,8
289142,0,1015,0,40,2,6,2,1,55,39,8
306220,0,1015,0,40,3,4,2,1,29,61,8
283063,0,1015,0,40,2,8,2,1,38,71,8
300983,0,1015,0,40,3,6,2,1,32,44,8
296101,0,1015,0,40,2,6,2,1,33,32,8
293150,0,1015,0,40,2,6,2,1,35,30,8
289608,0,1015,0,40,3,6,2,1,48,21,8
284402,0,1015,0,40,3,8,2,1,57,40,8
311893,0,1015,0,40,2,1,2,1,26,21,8
293897,0,1015,0,40,3,4,2,1,44,44,8
307983,0,1015,0,40,2,2,2,1,31,59,8
293428,0,1015,0,40,3,5,2,1,45,30,8
314669,0,1015,0,40,2,1,2,1,18,50,8
314369,0,1015,0,40,2,1,2,1,17,59,8
308102,0,1015,0,40,3,3,2,1,25,29,8
315239,0,1015,0,40,3,1,2,1,16,45,8
286265,0,1015,0,40,2,8,2,1,40,30,8
315689,0,1015,0,40,2,1,2,1,15,33,8
287190,0,1015,0,40,2,8,2,1,35,28,8
290596,0,1015,0,40,2,8,2,1,48,48,8
304572,0,1015,0,40,3,4,2,1,26,42,8
303283,0,1015,0,40,2,3,2,1,39,32,8
304465,0,1015,0,40,2,2,2,1,39,11,8
278566,0,1015,0,40,2,7,2,1,61,36,8
295984,0,1015,0,40,3,5,2,1,44,58,8
282504,0,1015,0,40,3,9,2,1,46,48,8
249819,0,1015,0,40,3,15,2,1,81,13,8
307986,0,1015,0,40,3,3,2,1,31,73,8
260471,0,1015,0,40,2,11,2,1,91,41,8
254742,0,1015,0,40,2,12,2,1,74,35,8
286998,0,1015,0,40,3,10,2,1,42,36,8
242878,0,1015,0,40,3,17,2,1,104,42,8
306298,0,1015,0,40,3,5,2,1,24,42,8
295269,0,1015,0,40,2,6,2,1,50,75,8
253471,0,1015,0,40,2,12,2,1,82,55,8
245108,0,1015,0,40,2,14,2,1,100,33,8
282375,0,1015,0,40,3,10,2,1,47,53,8
238163,0,1015,0,40,2,19,2,1,88,50,8
300007,0,1015,0,40,3,5,2,1,31,56,8
307864,0,1015,0,40,2,5,2,1,21,54,8
316034,0,1015,0,40,2,1,2,1,13,28,8
316416,0,1015,0,40,3,1,2,1,13,45,8
316476,0,1015,0,40,3,1,2,1,13,48,8
234432,0,1015,0,40,3,16,2,1,109,82,8
312922,0,1015,0,40,2,1,2,1,22,47,8
314300,0,1015,0,40,2,1,2,1,21,63,8
312239,0,1015,0,40,2,2,2,1,22,46,8
315097,0,1015,0,40,3,1,2,1,19,25,8
315531,0,1015,0,40,3,1,2,1,18,16,8
310023,0,1015,0,40,2,2,2,1,22,20,8
312433,0,1015,0,40,3,2,2,1,25,26,8
316079,0,1015,0,40,2,1,2,1,16,36,8
221721,0,1015,0,40,2,12,2,1,97,40,8
273331,0,1015,0,40,3,10,2,1,53,31,8
297082,0,1015,0,40,3,7,2,1,37,25,8
300990,0,1015,0,40,3,5,2,1,38,57,8
311193,0,1015,0,40,3,3,2,1,17,35,8
313839,0,1015,0,40,3,3,2,1,17,35,8
316312,0,1015,0,40,2,1,2,1,14,28,8
316616,0,1015,0,40,3,1,2,1,14,49,8
308179,0,1015,0,40,2,4,2,1,18,40,8
273542,0,1015,0,40,3,11,2,1,62,41,8
315163,0,1015,0,40,3,2,2,1,14,39,8
314388,0,1015,0,40,2,3,2,1,16,43,8
294755,0,1015,0,40,2,3,2,1,58,25,8
285067,0,1015,0,40,2,6,2,1,58,46,8
312713,0,1015,0,40,2,1,2,1,25,53,8
285751,0,1015,0,40,2,7,2,1,57,37,8
311647,0,1015,0,40,2,2,2,1,23,67,8
233696,1,1015,926,40,3,17,2,1,121,66,8
279373,0,1015,0,40,2,12,2,1,50,17,8
312602,0,1015,0,40,2,2,2,1,22,34,8
313651,0,1015,0,40,2,2,2,1,20,63,8
304768,0,1015,0,40,2,3,2,1,30,60,8
315787,0,1015,0,40,2,2,2,1,17,102,8
312173,0,1015,0,40,3,3,2,1,23,36,8
309424,0,1015,0,40,3,3,2,1,25,32,8
310683,0,1015,0,40,3,4,2,1,21,45,8
308705,0,1015,0,40,3,3,2,1,21,46,8
308069,0,1015,0,40,2,3,2,1,21,57,8
315270,0,1015,0,40,3,1,2,1,19,25,8
289875,0,1015,0,40,3,8,2,1,50,48,8
316850,0,1015,0,40,2,0,2,1,12,18,8
317128,0,1015,0,40,2,0,2,1,12,45,8
317473,0,1015,0,40,3,0,2,1,12,26,8
317601,0,1015,0,40,2,0,2,1,12,41,8
317641,0,1015,0,40,2,0,2,1,12,47,8
317646,0,1015,0,40,2,0,2,1,12,40,8
317690,0,1015,0,40,2,0,2,1,12,41,8
317718,0,1015,0,40,2,0,2,1,12,37,8
317726,0,1015,0,40,2,0,2,1,12,52,8
317734,0,1015,0,40,2,0,2,1,12,29,8
317822,0,1015,0,40,3,0,2,1,12,97,8
317854,0,1015,0,40,3,0,2,1,12,57,8
317878,0,1015,0,40,2,0,2,1,12,38,8
317949,0,1015,0,40,2,0,2,1,12,27,8
317959,0,1015,0,40,3,0,2,1,12,72,8
317967,0,1015,0,40,3,0,2,1,12,36,8
317983,0,1015,0,40,3,0,2,1,12,52,8
318007,0,1015,0,40,3,0,2,1,12,46,8
318017,0,1015,0,40,2,0,2,1,12,44,8
318051,0,1015,0,40,3,0,2,1,12,69,8
318105,0,1015,0,40,3,0,2,1,12,36,8
318131,0,1015,0,40,3,0,2,1,12,17,8
307954,0,1015,0,40,2,1,2,1,28,42,8
309169,0,1015,0,40,2,2,2,1,22,81,8
312176,0,1015,0,40,3,1,2,1,18,45,8
237385,0,1015,0,40,2,13,2,1,105,42,8
271807,0,1015,0,40,3,7,2,1,75,72,8
301652,0,1015,0,40,2,4,2,1,32,153,8
300356,0,1015,0,40,3,5,2,1,32,52,8
302666,0,1015,0,40,2,4,2,1,31,30,8
294434,0,1015,0,40,3,6,2,1,43,42,8
310930,0,1015,0,40,2,2,2,1,21,31,8
247166,0,1015,0,40,2,12,2,1,98,58,8
309705,0,1015,0,40,2,2,2,1,28,34,8
225005,0,1015,0,40,2,18,2,1,146,37,8
264806,0,1015,0,40,2,8,2,1,79,61,8
279218,0,1015,0,40,2,10,2,1,59,36,8
310057,0,1015,0,40,3,3,2,1,18,45,8
248233,0,1015,0,40,2,12,2,1,94,30,8
315435,0,1015,0,40,2,1,2,1,13,23,8
298241,0,1015,0,40,3,4,2,1,42,44,8
299757,0,1015,0,40,2,3,2,1,47,7,8
312624,0,1015,0,40,3,1,2,1,22,61,8
314570,0,1015,0,40,2,1,2,1,17,20,8
287046,0,1015,0,40,2,7,2,1,51,46,8
314209,0,1015,0,40,3,2,2,1,15,114,8
301353,0,1015,0,40,3,4,2,1,34,44,8
292930,0,1015,0,40,2,7,2,1,36,26,8
315326,0,1015,0,40,3,1,2,1,12,27,8
255209,0,1015,0,40,3,14,2,1,87,69,8
253409,0,1015,0,40,2,16,2,1,75,26,8
303261,0,1015,0,40,2,3,2,1,39,18,8
313064,0,1015,0,40,2,1,2,1,21,37,8
306846,0,1015,0,40,3,4,2,1,28,51,8
286942,0,1015,0,40,2,9,2,1,39,65,8
298759,0,1015,0,40,3,4,2,1,42,40,8
293750,0,1015,0,40,2,5,2,1,37,67,8
304150,0,1015,0,40,3,7,2,1,30,76,8
315650,0,1015,0,40,3,1,2,1,12,42,8
280867,0,1015,0,40,3,5,2,1,72,75,8
308194,0,1015,0,40,2,1,2,1,36,31,8
311270,0,1015,0,40,2,1,2,1,24,50,8
293388,0,1015,0,40,3,5,2,1,47,16,8
256130,0,1015,0,40,3,11,2,1,73,26,8
313591,0,1015,0,40,2,1,2,1,21,27,8
308802,0,1015,0,40,3,2,2,1,30,69,8
306762,0,1015,0,40,2,3,2,1,33,44,8
245001,0,1015,0,40,3,14,2,1,99,55,8
276984,0,1015,0,40,3,9,2,1,66,65,8
250426,0,1015,0,40,3,13,2,1,74,37,8
310292,0,1015,0,40,3,4,2,1,20,44,8
314028,0,1015,0,40,3,2,2,1,15,55,8
273219,0,1015,0,40,2,9,2,1,70,43,8
310891,0,1015,0,40,2,2,2,1,14,62,8
311500,0,1015,0,40,2,2,2,1,19,46,8
315626,0,1015,0,40,3,1,2,1,13,39,8
306294,0,1015,0,40,2,3,2,1,29,23,8
304518,0,1015,0,40,2,3,2,1,34,42,8
274188,0,1015,0,40,3,9,2,1,65,47,8
316448,0,1015,0,40,3,1,2,1,12,67,8
308564,0,1015,0,40,3,2,2,1,32,44,8
299632,0,1015,0,40,3,3,2,1,43,33,8
300493,0,1015,0,40,3,4,2,1,48,34,8
296540,0,1015,0,40,2,4,2,1,49,65,8
274831,0,1015,0,40,3,8,2,1,72,19,8
285788,0,1015,0,40,2,6,2,1,62,45,8
266997,0,1015,0,40,3,12,2,1,66,36,8
314961,0,1015,0,40,3,1,2,1,18,42,8
306515,0,1015,0,40,2,3,2,1,27,27,8
267796,0,1015,0,40,2,10,2,1,71,72,8
267976,0,1015,0,40,2,12,2,1,57,16,8
306184,0,1015,0,40,3,3,2,1,33,46,8
281580,0,1015,0,40,3,8,2,1,60,38,8
316309,0,1015,0,40,3,1,2,1,14,27,8
303586,0,1015,0,40,3,5,2,1,27,44,8
312836,0,1015,0,40,2,2,2,1,21,32,8
262806,0,1015,0,40,2,10,2,1,76,18,8
270373,0,1015,0,40,2,7,2,1,79,62,8
269032,1,1015,961,40,2,11,2,1,71,31,8
296279,0,1015,0,40,3,7,2,1,39,63,8
316897,0,1015,0,40,3,1,2,1,12,35,8
272645,0,1015,0,40,3,8,2,1,75,84,8
238666,0,1015,0,40,2,16,2,1,98,62,8
302283,0,1015,0,40,2,4,2,1,39,35,8
293401,0,1015,0,40,2,6,2,1,50,86,8
313564,0,1015,0,40,3,2,2,1,20,50,8
258763,0,1015,0,40,2,13,2,1,77,66,8
215767,0,1015,895,40,2,20,2,1,104,15,8
282416,0,1015,0,40,2,10,2,1,54,74,8
282341,0,1015,0,40,3,5,2,1,67,86,8
295531,0,1015,0,40,2,4,2,1,47,56,8
264682,0,1015,0,40,3,12,2,1,69,45,8
262692,0,1015,0,40,2,11,2,1,64,29,8
315898,0,1015,0,40,3,1,2,1,14,25,8
316598,0,1015,0,40,2,1,2,1,14,29,8
315093,0,1015,0,40,2,2,2,1,14,38,8
287955,0,1015,0,40,2,10,2,1,41,36,8
316881,0,1015,0,40,2,1,2,1,13,39,8
306709,0,1015,0,40,3,2,2,1,26,31,8
275290,0,1015,0,40,2,11,2,1,52,16,8
308416,0,1015,0,40,2,3,2,1,30,30,8
300309,0,1015,0,40,2,4,2,1,35,40,8
251036,0,1015,0,40,2,12,2,1,103,54,8
290086,0,1015,0,40,3,5,2,1,58,31,8
311228,0,1015,0,40,3,2,2,1,25,33,8
267557,0,1015,0,40,2,10,2,1,77,26,8
282197,1,1015,952,40,3,8,2,1,61,69,8
310244,0,1015,0,40,3,3,2,1,26,29,8
315578,0,1015,0,40,2,1,2,1,17,30,8
246307,0,1015,0,40,3,14,2,1,103,68,8
298421,0,1015,0,40,2,5,2,1,44,31,8
270366,0,1015,0,40,3,10,2,1,56,22,8
234567,0,1015,0,40,2,15,2,1,109,39,8
269036,0,1015,0,40,3,11,2,1,64,30,8
313309,0,1015,0,40,2,3,2,1,19,54,8
257952,0,1015,0,40,3,10,2,1,71,21,8
311188,0,1015,0,40,3,3,2,1,17,92,8
303511,0,1015,0,40,3,4,2,1,36,40,8
311725,0,1015,0,40,2,2,2,1,26,11,8
314915,0,1015,0,40,2,2,2,1,15,42,8
312468,0,1015,0,40,3,3,2,1,21,68,8
300010,0,1015,0,40,3,4,2,1,41,66,8
305160,0,1015,0,40,3,5,2,1,36,61,8
286553,0,1015,0,40,3,8,2,1,48,27,8
280044,0,1015,0,40,3,9,2,1,63,65,8
307440,0,1015,0,40,2,5,2,1,23,27,8
285351,0,1015,0,40,2,8,2,1,37,64,8
317606,0,1015,0,40,3,1,2,1,14,55,8
316466,0,1015,0,40,2,0,2,1,11,35,8
316571,0,1015,0,40,2,0,2,1,11,12,8
316898,0,1015,0,40,2,0,2,1,11,28,8
317252,0,1015,0,40,3,0,2,1,11,21,8
317493,0,1015,0,40,2,0,2,1,11,61,8
317808,0,1015,0,40,3,0,2,1,11,57,8
317896,0,1015,0,40,2,0,2,1,11,91,8
317978,0,1015,0,40,2,0,2,1,11,35,8
318042,0,1015,0,40,3,0,2,1,11,35,8
318066,0,1015,0,40,3,0,2,1,11,35,8
318106,0,1015,0,40,3,0,2,1,11,43,8
318138,0,1015,0,40,3,0,2,1,11,71,8
318146,0,1015,0,40,2,0,2,1,11,33,8
318227,0,1015,0,40,2,0,2,1,11,43,8
318231,0,1015,0,40,3,0,2,1,11,42,8
318249,0,1015,0,40,3,0,2,1,11,70,8
318263,0,1015,0,40,2,0,2,1,11,40,8
318317,0,1015,0,40,2,0,2,1,11,45,8
318333,0,1015,0,40,2,0,2,1,11,73,8
318361,0,1015,0,40,3,0,2,1,11,29,8
318379,0,1015,0,40,2,0,2,1,11,54,8
318391,0,1015,0,40,3,0,2,1,11,46,8
318407,0,1015,0,40,2,0,2,1,11,29,8
318427,0,1015,0,40,2,0,2,1,11,87,8
318441,0,1015,0,40,2,0,2,1,11,42,8
314203,0,1015,0,40,2,1,2,1,13,34,8
293838,0,1015,0,40,2,5,2,1,38,21,8
291757,0,1015,0,40,2,5,2,1,45,34,8
303767,0,1015,0,40,3,2,2,1,40,39,8
283716,0,1015,0,40,3,5,2,1,57,44,8
233284,0,1015,0,40,3,15,2,1,116,73,8
287117,0,1015,0,40,2,7,2,1,47,37,8
313105,0,1015,0,40,3,2,2,1,15,31,8
248183,0,1015,0,40,2,13,2,1,88,84,8
295348,0,1015,0,40,2,4,2,1,46,53,8
302793,0,1015,0,40,2,3,2,1,31,39,8
271036,0,1015,0,40,2,9,2,1,67,68,8
311339,0,1015,0,40,2,2,2,1,19,38,8
221818,0,1015,0,40,2,16,2,1,127,69,8
248632,0,1015,0,40,2,11,2,1,88,22,8
296766,0,1015,0,40,3,5,2,1,34,33,8
257210,0,1015,0,40,3,10,2,1,86,51,8
308498,0,1015,0,40,2,3,2,1,26,48,8
308865,0,1015,0,40,2,3,2,1,27,37,8
314832,0,1015,0,40,2,1,2,1,14,63,8
251061,1,1015,903,40,2,12,2,1,86,74,8
315951,0,1015,0,40,3,1,2,1,12,12,8
279728,0,1015,0,40,3,9,2,1,48,28,8
311928,0,1015,0,40,3,3,2,1,14,30,8
316407,0,1015,0,40,2,1,2,1,11,48,8
297531,0,1015,0,40,2,3,2,1,37,41,8
306818,0,1015,0,40,3,2,2,1,34,32,8
311122,0,1015,0,40,2,1,2,1,24,62,8
288281,0,1015,0,40,3,6,2,1,47,20,8
246768,0,1015,0,40,3,14,2,1,85,45,8
301705,0,1015,0,40,3,4,2,1,37,32,8
242924,0,1015,0,40,2,10,2,1,100,26,8
311310,0,1015,0,40,3,2,2,1,24,62,8
314191,0,1015,0,40,3,1,2,1,19,46,8
289440,1,1015,953,40,3,8,2,1,42,87,8
296701,0,1015,0,40,2,3,2,1,42,22,8
228699,0,1015,0,40,2,18,2,1,119,19,8
290382,0,1015,0,40,3,6,2,1,44,65,8
313768,0,1015,0,40,2,1,2,1,17,71,8
314951,0,1015,0,40,2,1,2,1,16,26,8
315133,0,1015,0,40,2,1,2,1,16,18,8
299694,0,1015,0,40,2,5,2,1,35,28,8
315309,0,1015,0,40,2,1,2,1,15,37,8
212622,0,1015,0,40,3,24,2,1,133,19,8
298442,0,1015,0,40,2,7,2,1,32,29,8
308950,0,1015,0,40,2,3,2,1,18,56,8
315772,0,1015,0,40,2,1,2,1,13,30,8
312575,0,1015,0,40,3,3,2,1,15,34,8
311212,0,1015,0,40,3,2,2,1,18,12,8
268090,1,1015,914,40,3,10,2,1,69,53,8
291453,0,1015,0,40,2,5,2,1,56,56,8
314063,0,1015,0,40,2,2,2,1,16,31,8
308863,0,1015,0,40,3,4,2,1,15,22,8
316384,0,1015,0,40,3,1,2,1,11,66,8
261040,0,1015,0,40,3,10,2,1,78,42,8
308119,0,1015,0,40,2,1,2,1,35,27,8
248791,0,1015,0,40,3,9,2,1,101,93,8
278101,0,1015,0,40,2,8,2,1,71,87,8
251371,1,1015,972,40,2,13,2,1,104,34,8
289123,0,1015,0,40,3,6,2,1,48,50,8
291504,0,1015,0,40,3,4,2,1,50,20,8
310249,0,1015,0,40,3,2,2,1,22,40,8
265688,0,1015,0,40,3,12,2,1,66,52,8
285845,0,1015,0,40,3,6,2,1,52,39,8
303570,0,1015,0,40,2,4,2,1,32,30,8
235404,0,1015,0,40,2,13,2,1,125,49,8
308368,0,1015,0,40,3,3,2,1,23,65,8
279523,0,1015,0,40,2,8,2,1,47,21,8
301503,0,1015,0,40,2,5,2,1,33,54,8
286949,0,1015,0,40,2,3,2,1,66,32,8
298798,0,1015,0,40,2,6,2,1,36,68,8
251256,0,1015,0,40,3,12,2,1,91,55,8
314809,0,1015,0,40,2,2,2,1,16,47,8
234822,0,1015,0,40,2,18,2,1,100,63,8
315298,0,1015,0,40,3,1,2,1,12,31,8
316658,0,1015,0,40,3,1,2,1,12,28,8
309419,0,1015,0,40,3,2,2,1,27,43,8
308015,0,1015,0,40,3,4,2,1,22,126,8
298189,0,1015,0,40,2,5,2,1,36,54,8
293111,0,1015,0,40,3,7,2,1,38,52,8
309882,0,1015,0,40,2,1,2,1,32,14,8
278335,0,1015,0,40,3,7,2,1,58,39,8
276603,0,1015,0,40,3,9,2,1,63,59,8
276935,0,1015,0,40,3,7,2,1,67,55,8
243242,1,1015,952,40,3,16,2,1,101,27,8
306456,0,1015,0,40,2,2,2,1,29,56,8
308324,0,1015,0,40,3,2,2,1,29,53,8
311027,0,1015,0,40,2,2,2,1,24,36,8
315340,0,1015,0,40,3,1,2,1,16,27,8
260326,0,1015,0,40,2,12,2,1,68,51,8
303819,0,1015,0,40,2,4,2,1,39,64,8
314183,0,1015,0,40,2,2,2,1,16,49,8
282568,0,1015,0,40,2,9,2,1,40,26,8
316381,0,1015,0,40,2,1,2,1,14,43,8
313799,0,1015,0,40,3,3,2,1,17,75,8
315978,0,1015,0,40,2,1,2,1,13,13,8
300551,0,1015,0,40,2,4,2,1,40,53,8
314026,0,1015,0,40,3,2,2,1,14,14,8
286042,0,1015,0,40,3,9,2,1,41,35,8
281429,0,1015,0,40,2,8,2,1,58,48,8
315918,0,1015,0,40,3,1,2,1,11,45,8
316599,0,1015,0,40,3,1,2,1,11,42,8
317161,0,1015,0,40,2,1,2,1,11,39,8
299203,0,1015,0,40,3,6,2,1,35,56,8
310830,0,1015,0,40,2,2,2,1,24,44,8
311506,0,1015,0,40,3,2,2,1,20,34,8
281885,0,1015,0,40,3,8,2,1,59,33,8
315112,0,1015,0,40,3,1,2,1,18,49,8
307344,0,1015,0,40,2,3,2,1,24,33,8
310277,0,1015,0,40,3,3,2,1,20,23,8
292709,0,1015,0,40,2,5,2,1,46,31,8
315302,0,1015,0,40,2,1,2,1,16,93,8
294666,0,1015,0,40,2,5,2,1,51,26,8
313194,0,1015,0,40,2,2,2,1,18,70,8
309812,0,1015,0,40,3,4,2,1,21,30,8
307728,0,1015,0,40,3,3,2,1,26,52,8
315892,0,1015,0,40,3,2,2,1,14,105,8
282267,0,1015,0,40,2,7,2,1,59,48,8
316772,0,1015,0,40,2,1,2,1,12,28,8
298317,0,1015,0,40,3,4,2,1,45,49,8
255136,0,1015,0,40,3,14,2,1,68,12,8
315781,0,1015,0,40,2,2,2,1,13,67,8
272868,0,1015,0,40,3,9,2,1,66,67,8
286188,0,1015,0,40,3,6,2,1,60,30,8
302209,0,1015,0,40,2,4,2,1,37,44,8
290269,0,1015,0,40,2,6,2,1,48,36,8
302769,0,1015,0,40,3,4,2,1,33,41,8
296018,0,1015,0,40,3,5,2,1,46,22,8
315677,0,1015,0,40,3,1,2,1,18,68,8
286542,0,1015,0,40,2,9,2,1,42,51,8
289344,0,1015,0,40,2,7,2,1,49,25,8
268720,1,1015,937,40,3,13,2,1,69,64,8
292288,0,1015,0,40,3,7,2,1,33,38,8
314193,0,1015,0,40,2,3,2,1,18,36,8
304770,0,1015,0,40,2,4,2,1,32,14,8
306052,0,1015,0,40,2,4,2,1,31,68,8
268976,0,1015,0,40,3,11,2,1,64,33,8
311668,0,1015,0,40,3,2,2,1,26,74,8
316873,0,1015,0,40,2,1,2,1,14,61,8
307912,0,1015,0,40,3,3,2,1,27,15,8
251173,0,1015,0,40,3,14,2,1,88,45,8
246722,0,1015,0,40,2,18,2,1,95,68,8
317592,0,1015,0,40,2,1,2,1,12,53,8
268627,0,1015,0,40,3,11,2,1,64,30,8
315700,0,1015,0,40,2,2,2,1,12,78,8
219675,0,1015,0,40,2,18,2,1,151,25,8
313515,0,1015,0,40,3,2,2,1,19,54,8
317164,0,1015,0,40,3,1,2,1,11,18,8
267132,0,1015,0,40,3,12,2,1,71,39,8
254171,0,1015,0,40,3,14,2,1,78,66,8
278012,0,1015,0,40,2,9,2,1,49,42,8
217610,0,1015,0,40,3,15,2,1,95,34,8
316250,0,1015,0,40,2,1,2,1,14,32,8
297993,0,1015,0,40,3,6,2,1,39,14,8
251539,0,1015,0,40,3,17,2,1,98,64,8
269942,0,1015,0,40,2,10,2,1,73,19,8
313811,0,1015,0,40,2,3,2,1,17,27,8
316930,0,1015,0,40,3,0,2,1,10,62,8
317236,0,1015,0,40,2,0,2,1,10,34,8
317485,0,1015,0,40,2,0,2,1,10,35,8
317581,0,1015,0,40,2,0,2,1,10,36,8
317676,0,1015,0,40,3,0,2,1,10,38,8
317952,0,1015,0,40,3,0,2,1,10,55,8
318000,0,1015,0,40,2,0,2,1,10,22,8
318064,0,1015,0,40,2,0,2,1,10,54,8
318184,0,1015,0,40,3,0,2,1,10,44,8
318256,0,1015,0,40,2,0,2,1,10,8,8
318280,0,1015,0,40,2,0,2,1,10,29,8
318308,0,1015,0,40,3,0,2,1,10,16,8
318348,0,1015,0,40,3,0,2,1,10,53,8
318364,0,1015,0,40,2,0,2,1,10,63,8
318376,0,1015,0,40,2,0,2,1,10,57,8
318396,0,1015,0,40,3,0,2,1,10,93,8
318412,0,1015,0,40,3,0,2,1,10,98,8
318416,0,1015,0,40,3,0,2,1,10,28,8
318456,0,1015,0,40,3,0,2,1,10,74,8
318480,0,1015,0,40,2,0,2,1,10,58,8
318488,0,1015,0,40,3,0,2,1,10,23,8
318494,0,1015,0,40,2,0,2,1,10,33,8
318500,0,1015,0,40,3,0,2,1,10,45,8
318502,0,1015,0,40,2,0,2,1,10,28,8
318510,0,1015,0,40,2,0,2,1,10,33,8
318532,0,1015,0,40,2,0,2,1,10,42,8
318536,0,1015,0,40,3,0,2,1,10,72,8
318546,0,1015,0,40,2,0,2,1,10,39,8
318570,0,1015,0,40,3,0,2,1,10,40,8
318592,0,1015,0,40,2,0,2,1,10,35,8
318600,0,1015,0,40,2,0,2,1,10,37,8
318622,0,1015,0,40,2,0,2,1,10,23,8
318624,0,1015,0,40,3,0,2,1,10,37,8
318656,0,1015,0,40,2,0,2,1,10,32,8
318670,0,1015,0,40,3,0,2,1,10,18,8
318682,0,1015,0,40,3,0,2,1,10,64,8
318686,0,1015,0,40,3,0,2,1,10,35,8
318688,0,1015,0,40,3,0,2,1,10,63,8
318698,0,1015,0,40,2,0,2,1,10,66,8
318706,0,1015,0,40,3,0,2,1,10,33,8
318714,0,1015,0,40,2,0,2,1,10,97,8
306701,0,1015,0,40,2,3,2,1,23,39,8
305261,0,1015,0,40,2,3,2,1,28,93,8
301200,0,1015,0,40,2,4,2,1,32,42,8
313612,0,1015,0,40,2,1,2,1,13,31,8
306069,0,1015,0,40,2,4,2,1,22,41,8
306659,0,1015,0,40,2,3,2,1,26,40,8
220305,0,1015,0,40,2,15,2,1,103,59,8
315108,0,1015,0,40,3,1,2,1,11,40,8
309818,0,1015,0,40,2,2,2,1,20,31,8
258871,1,1015,920,40,2,12,2,1,78,47,8
314254,0,1015,0,40,3,1,2,1,15,33,8
239014,1,1015,945,40,3,13,2,1,109,41,8
307694,0,1015,0,40,2,4,2,1,25,58,8
237963,0,1015,0,40,2,18,2,1,99,24,8
278334,0,1015,0,40,3,6,2,1,65,28,8
304548,0,1015,0,40,2,5,2,1,17,37,8
311352,0,1015,0,40,3,1,2,1,24,30,8
227691,0,1015,0,40,2,18,2,1,135,24,8
257055,0,1015,0,40,2,11,2,1,93,51,8
268830,0,1015,0,40,3,10,2,1,68,30,8
282600,0,1015,0,40,2,8,2,1,59,46,8
268139,0,1015,0,40,3,10,2,1,79,36,8
298746,0,1015,0,40,3,5,2,1,35,23,8
311254,0,1015,0,40,2,3,2,1,16,38,8
309583,0,1015,0,40,2,3,2,1,22,44,8
316313,0,1015,0,40,3,1,2,1,10,55,8
313415,0,1015,0,40,3,1,2,1,18,48,8
298875,0,1015,0,40,2,4,2,1,35,47,8
262913,0,1015,0,40,2,10,2,1,65,49,8
300019,0,1015,0,40,3,4,2,1,40,39,8
314883,0,1015,0,40,3,1,2,1,16,51,8
311082,0,1015,0,40,2,2,2,1,20,39,8
289478,0,1015,0,40,3,5,2,1,51,59,8
308204,0,1015,0,40,3,4,2,1,22,9,8
310607,0,1015,0,40,2,4,2,1,21,37,8
315496,0,1015,0,40,3,1,2,1,13,62,8
313102,0,1015,0,40,2,2,2,1,14,38,8
309074,0,1015,0,40,3,3,2,1,15,64,8
313906,0,1015,0,40,2,2,2,1,17,39,8
316225,0,1015,0,40,2,1,2,1,11,47,8
316130,0,1015,0,40,2,1,2,1,10,39,8
260048,0,1015,0,40,3,11,2,1,84,23,8
309332,0,1015,0,40,2,2,2,1,27,53,8
250684,0,1015,0,40,2,17,2,1,84,18,8
311098,0,1015,0,40,2,1,2,1,20,38,8
311388,0,1015,0,40,2,2,2,1,18,53,8
253961,0,1015,0,40,2,12,2,1,73,26,8
256139,0,1015,0,40,3,14,2,1,78,52,8
312122,0,1015,0,40,3,2,2,1,19,77,8
269295,0,1015,0,40,3,8,2,1,66,66,8
245889,0,1015,0,40,2,13,2,1,102,31,8
299557,0,1015,0,40,3,4,2,1,38,39,8
266317,0,1015,0,40,3,11,2,1,72,32,8
280566,0,1015,0,40,3,10,2,1,48,41,8
307106,0,1015,0,40,3,3,2,1,27,43,8
308004,0,1015,0,40,3,4,2,1,25,59,8
300961,0,1015,0,40,2,5,2,1,44,20,8
281351,0,1015,0,40,3,9,2,1,62,40,8
315802,0,1015,0,40,3,1,2,1,12,39,8
250113,0,1015,0,40,2,14,2,1,79,69,8
308943,0,1015,0,40,3,4,2,1,19,57,8
311046,0,1015,0,40,3,3,2,1,17,60,8
311770,0,1015,0,40,2,2,2,1,13,45,8
276765,0,1015,0,40,2,10,2,1,59,26,8
316681,0,1015,0,40,2,1,2,1,10,63,8
316795,0,1015,0,40,2,1,2,1,10,26,8
312648,0,1015,0,40,3,1,2,1,24,39,8
223241,0,1015,0,40,2,14,2,1,112,59,8
284798,0,1015,0,40,3,7,2,1,57,32,8
312048,0,1015,0,40,2,2,2,1,21,37,8
252858,0,1015,0,40,3,12,2,1,83,9,8
315015,0,1015,0,40,2,1,2,1,17,43,8
315533,0,1015,0,40,3,1,2,1,16,54,8
290418,0,1015,0,40,3,7,2,1,43,85,8
306073,0,1015,0,40,3,4,2,1,27,41,8
217317,0,1015,0,40,3,20,2,1,116,84,8
270190,0,1015,0,40,3,7,2,1,63,50,8
283722,0,1015,0,40,2,7,2,1,59,34,8
280049,0,1015,0,40,2,8,2,1,58,45,8
294457,0,1015,0,40,3,5,2,1,51,23,8
301762,0,1015,0,40,3,5,2,1,29,23,8
284165,0,1015,0,40,2,8,2,1,64,70,8
305860,0,1015,0,40,2,4,2,1,21,58,8
311683,0,1015,0,40,3,2,2,1,24,112,8
316584,0,1015,0,40,3,1,2,1,12,35,8
292614,0,1015,0,40,2,6,2,1,42,43,8
278664,0,1015,0,40,3,13,2,1,50,38,8
289835,0,1015,0,40,3,7,2,1,47,43,8
311353,0,1015,0,40,3,3,2,1,22,18,8
312489,0,1015,0,40,2,2,2,1,22,71,8
316326,0,1015,0,40,2,1,2,1,11,32,8
293974,0,1015,0,40,2,7,2,1,34,33,8
304412,0,1015,0,40,2,5,2,1,19,36,8
310355,0,1015,0,40,3,3,2,1,15,56,8
294469,0,1015,0,40,3,7,2,1,41,46,8
316976,0,1015,0,40,3,1,2,1,10,75,8
309577,0,1015,0,40,2,2,2,1,29,19,8
265126,0,1015,0,40,2,11,2,1,82,32,8
289498,0,1015,0,40,3,6,2,1,49,55,8
294921,0,1015,0,40,2,5,2,1,49,66,8
302190,0,1015,0,40,2,5,2,1,39,29,8
267899,0,1015,0,40,3,11,2,1,61,41,8
309661,0,1015,0,40,2,2,2,1,30,23,8
314479,0,1015,0,40,2,1,2,1,19,50,8
308764,0,1015,0,40,2,2,2,1,22,54,8
311437,0,1015,0,40,3,2,2,1,26,34,8
253189,1,1015,927,40,3,12,2,1,67,42,8
310939,0,1015,0,40,2,2,2,1,27,16,8
316067,0,1015,0,40,2,1,2,1,15,77,8
262657,0,1015,0,40,3,10,2,1,66,37,8
313557,0,1015,0,40,2,2,2,1,16,33,8
311631,0,1015,0,40,2,3,2,1,21,47,8
294545,0,1015,0,40,2,4,2,1,46,99,8
271581,0,1015,0,40,2,13,2,1,54,36,8
306053,0,1015,0,40,3,4,2,1,32,36,8
316010,0,1015,0,40,2,1,2,1,13,61,8
292944,0,1015,0,40,2,7,2,1,38,41,8
279185,0,1015,0,40,3,10,2,1,48,24,8
311539,0,1015,0,40,3,2,2,1,26,53,8
317017,0,1015,0,40,3,1,2,1,12,48,8
268387,0,1015,0,40,2,11,2,1,57,86,8
295569,0,1015,0,40,3,6,2,1,35,55,8
239191,0,1015,0,40,2,18,2,1,88,51,8
264683,0,1015,0,40,3,10,2,1,85,45,8
308850,0,1015,0,40,3,3,2,1,18,53,8
313050,0,1015,0,40,3,3,2,1,13,39,8
308203,0,1015,0,40,2,4,2,1,19,46,8
297308,0,1015,0,40,2,6,2,1,39,39,8
317322,0,1015,0,40,2,1,2,1,10,44,8
304270,0,1015,0,40,2,3,2,1,39,90,8
246571,0,1015,0,40,2,14,2,1,106,51,8
312662,0,1015,0,40,3,1,2,1,26,42,8
300589,0,1015,0,40,3,4,2,1,35,15,8
297139,0,1015,0,40,3,5,2,1,38,103,8
293042,0,1015,0,40,2,8,2,1,42,49,8
308412,0,1015,0,40,2,4,2,1,28,38,8
315067,0,1015,0,40,2,2,2,1,18,37,8
314245,0,1015,0,40,3,2,2,1,16,65,8
314538,0,1015,0,40,3,2,2,1,16,36,8
272125,0,1015,0,40,3,9,2,1,71,20,8
316376,0,1015,0,40,3,1,2,1,14,59,8
316578,0,1015,0,40,3,1,2,1,14,38,8
235925,0,1015,0,40,3,16,2,1,102,49,8
271772,0,1015,0,40,3,10,2,1,65,78,8
316905,0,1015,0,40,2,1,2,1,13,83,8
296931,0,1015,0,40,3,3,2,1,48,40,8
295401,0,1015,0,40,2,5,2,1,51,55,8
305053,0,1015,0,40,3,3,2,1,36,45,8
314100,0,1015,0,40,3,2,2,1,18,93,8
317151,0,1015,0,40,3,1,2,1,12,69,8
314853,0,1015,0,40,2,2,2,1,15,45,8
301563,0,1015,0,40,3,7,2,1,34,25,8
303445,0,1015,0,40,3,5,2,1,35,20,8
312427,0,1015,0,40,2,4,2,1,15,74,8
314275,0,1015,0,40,3,2,2,1,17,92,8
312963,0,1015,0,40,3,3,2,1,20,28,8
317328,0,1015,0,40,3,1,2,1,10,42,8
288372,0,1015,0,40,3,3,2,1,69,51,8
288263,0,1015,0,40,2,6,2,1,47,21,8
270083,0,1015,0,40,3,7,2,1,91,58,8
313824,0,1015,0,40,2,1,2,1,19,71,8
316656,0,1015,0,40,2,1,2,1,15,37,8
307544,0,1015,0,40,2,3,2,1,33,37,8
312877,0,1015,0,40,3,3,2,1,19,95,8
233273,0,1015,0,40,3,19,2,1,115,33,8
302958,0,1015,0,40,2,4,2,1,40,35,8
294977,0,1015,0,40,3,7,2,1,46,25,8
316406,0,1015,0,40,3,2,2,1,14,22,8
317227,0,1015,0,40,2,1,2,1,13,42,8
304183,0,1015,0,40,2,3,2,1,40,43,8
303394,0,1015,0,40,3,3,2,1,41,31,8
301941,0,1015,0,40,2,5,2,1,34,29,8
317624,0,1015,0,40,3,1,2,1,12,19,8
267921,0,1015,0,40,2,12,2,1,80,28,8
282632,0,1015,0,40,2,12,2,1,49,106,8
286266,0,1015,0,40,3,7,2,1,56,36,8
308353,0,1015,0,40,3,2,2,1,31,49,8
286670,0,1015,0,40,3,9,2,1,42,11,8
318011,0,1015,0,40,3,1,2,1,10,41,8
289194,0,1015,0,40,2,8,2,1,51,22,8
296169,0,1015,0,40,2,6,2,1,30,40,8
286357,0,1015,0,40,3,10,2,1,44,36,8
316379,0,1015,0,40,3,1,2,1,17,76,8
310401,0,1015,0,40,2,2,2,1,23,55,8
315877,0,1015,0,40,2,2,2,1,13,47,8
315323,0,1015,0,40,3,2,2,1,19,46,8
301477,0,1015,0,40,3,6,2,1,27,26,8
303766,1,1015,1007,17.1237,3,6,2,1,28,40,8
306131,0,1015,0,40,2,6,2,1,25,34,8
263807,0,1015,0,40,2,10,2,1,90,93,8
299501,0,1015,0,40,2,6,2,1,43,48,8
317437,0,1015,0,40,2,0,2,1,9,40,8
317533,0,1015,0,40,3,0,2,1,9,46,8
317652,0,1015,0,40,2,0,2,1,9,27,8
317772,0,1015,0,40,2,0,2,1,9,42,8
317836,0,1015,0,40,3,0,2,1,9,32,8
317996,0,1015,0,40,3,0,2,1,9,23,8
318012,0,1015,0,40,3,0,2,1,9,55,8
318092,0,1015,0,40,2,0,2,1,9,56,8
318188,0,1015,0,40,2,0,2,1,9,42,8
318238,0,1015,0,40,2,0,2,1,9,68,8
318278,0,1015,0,40,2,0,2,1,9,19,8
318310,0,1015,0,40,3,0,2,1,9,10,8
318318,0,1015,0,40,2,0,2,1,9,35,8
318366,0,1015,0,40,3,0,2,1,9,76,8
318382,0,1015,0,40,3,0,2,1,9,21,8
318446,0,1015,0,40,3,0,2,1,9,16,8
318511,0,1015,0,40,3,0,2,1,9,38,8
318555,0,1015,0,40,2,0,2,1,9,65,8
318575,0,1015,0,40,3,0,2,1,9,16,8
318599,0,1015,0,40,2,0,2,1,9,47,8
318639,0,1015,0,40,3,0,2,1,9,44,8
318651,0,1015,0,40,2,0,2,1,9,18,8
318655,0,1015,0,40,2,0,2,1,9,15,8
318679,0,1015,0,40,2,0,2,1,9,43,8
318719,0,1015,0,40,3,0,2,1,9,63,8
318735,0,1015,0,40,2,0,2,1,9,52,8
318739,0,1015,0,40,2,0,2,1,9,39,8
318743,0,1015,0,40,3,0,2,1,9,56,8
318753,0,1015,0,40,3,0,2,1,9,25,8
318759,0,1015,0,40,3,0,2,1,9,32,8
318769,0,1015,0,40,2,0,2,1,9,48,8
318787,0,1015,0,40,2,0,2,1,9,43,8
318791,0,1015,0,40,3,0,2,1,9,45,8
318795,0,1015,0,40,3,0,2,1,9,45,8
318821,0,1015,0,40,3,0,2,1,9,41,8
318829,0,1015,0,40,2,0,2,1,9,66,8
318845,0,1015,0,40,3,0,2,1,9,57,8
318847,0,1015,0,40,2,0,2,1,9,64,8
318875,0,1015,0,40,3,0,2,1,9,68,8
318883,0,1015,0,40,2,0,2,1,9,50,8
318889,0,1015,0,40,3,0,2,1,9,32,8
318899,0,1015,0,40,2,0,2,1,9,45,8
318917,0,1015,0,40,2,0,2,1,9,42,8
318921,0,1015,0,40,2,0,2,1,9,37,8
318925,0,1015,0,40,2,0,2,1,9,49,8
318935,0,1015,0,40,3,0,2,1,9,55,8
318939,0,1015,0,40,2,0,2,1,9,36,8
318941,0,1015,0,40,3,0,2,1,9,63,8
318945,0,1015,0,40,2,0,2,1,9,38,8
318957,0,1015,0,40,3,0,2,1,9,55,8
318983,0,1015,0,40,2,0,2,1,9,49,8
318985,0,1015,0,40,3,0,2,1,9,58,8
318987,0,1015,0,40,3,0,2,1,9,25,8
318993,0,1015,0,40,3,0,2,1,9,52,8
319007,0,1015,0,40,3,0,2,1,9,61,8
319009,0,1015,0,40,3,0,2,1,9,49,8
319027,0,1015,0,40,2,0,2,1,9,82,8
287648,0,1015,0,40,3,5,2,1,48,84,8
299652,0,1015,0,40,3,4,2,1,34,55,8
270616,0,1015,0,40,2,9,2,1,64,15,8
307354,0,1015,0,40,2,1,2,1,33,87,8
252410,0,1015,0,40,2,19,2,1,80,49,8
296828,0,1015,0,40,2,6,2,1,35,68,8
304260,0,1015,0,40,3,4,2,1,30,32,8
311514,0,1015,0,40,3,2,2,1,20,46,8
301981,0,1015,0,40,2,4,2,1,28,52,8
315668,0,1015,0,40,3,1,2,1,10,26,8
261985,0,1015,0,40,2,12,2,1,71,44,8
316144,0,1015,0,40,3,1,2,1,9,29,8
249389,0,1015,0,40,2,13,2,1,86,103,8
312834,0,1015,0,40,3,1,2,1,21,61,8
313047,0,1015,0,40,3,1,2,1,20,43,8
284803,1,1015,938,40,3,9,2,1,53,75,8
310322,0,1015,0,40,2,2,2,1,22,37,8
308226,0,1015,0,40,3,3,2,1,28,84,8
311385,0,1015,0,40,2,2,2,1,22,47,8
314668,0,1015,0,40,2,1,2,1,12,38,8
294242,0,1015,0,40,2,3,2,1,45,29,8
313077,0,1015,0,40,3,3,2,1,13,22,8
270117,1,1015,934,40,2,14,2,1,57,43,8
233730,0,1015,0,40,2,15,2,1,120,37,8
314737,0,1015,0,40,2,2,2,1,12,36,8
311495,0,1015,0,40,3,2,2,1,23,40,8
313166,0,1015,0,40,2,1,2,1,19,11,8
238687,0,1015,0,40,2,15,2,1,99,73,8
304875,0,1015,0,40,2,3,2,1,30,59,8
249137,0,1015,0,40,3,13,2,1,82,73,8
315636,0,1015,0,40,2,1,2,1,12,89,8
316177,0,1015,0,40,2,1,2,1,12,25,8
297213,0,1015,0,40,3,7,2,1,37,56,8
300607,0,1015,0,40,2,5,2,1,29,34,8
285701,0,1015,0,40,3,6,2,1,47,49,8
264251,0,1015,0,40,2,11,2,1,59,22,8
316452,0,1015,0,40,2,1,2,1,10,28,8
313065,0,1015,0,40,2,3,2,1,16,42,8
316589,0,1015,0,40,2,1,2,1,9,36,8
229440,0,1015,0,40,3,18,2,1,110,98,8
293322,0,1015,0,40,3,6,2,1,42,43,8
247356,0,1015,0,40,3,16,2,1,72,61,8
314227,0,1015,0,40,2,2,2,1,17,20,8
311794,0,1015,0,40,3,2,2,1,17,60,8
312687,0,1015,0,40,3,2,2,1,17,39,8
289045,0,1015,0,40,2,7,2,1,45,17,8
281651,0,1015,0,40,2,9,2,1,55,38,8
293346,1,1015,993,40,2,5,2,1,48,58,8
292205,0,1015,0,40,2,7,2,1,48,33,8
298845,0,1015,0,40,3,7,2,1,35,55,8
274521,0,1015,0,40,2,7,2,1,63,50,8
289725,0,1015,0,40,3,6,2,1,47,16,8
304926,0,1015,0,40,2,3,2,1,28,22,8
288568,0,1015,0,40,3,7,2,1,44,55,8
305236,0,1015,0,40,2,4,2,1,28,54,8
311524,0,1015,0,40,2,3,2,1,16,62,8
304428,0,1015,0,40,2,6,2,1,23,78,8
304815,0,1015,0,40,3,2,2,1,30,20,8
309007,0,1015,0,40,2,4,2,1,13,25,8
311296,0,1015,0,40,3,3,2,1,13,21,8
285532,0,1015,0,40,2,7,2,1,49,24,8
306575,0,1015,0,40,3,5,2,1,27,25,8
312886,0,1015,0,40,2,3,2,1,17,42,8
313570,0,1015,0,40,2,2,2,1,10,15,8
314953,0,1015,0,40,2,2,2,1,11,41,8
294077,0,1015,0,40,3,4,2,1,47,53,8
313878,0,1015,0,40,2,2,2,1,17,49,8
317303,0,1015,0,40,2,1,2,1,9,36,8
274523,0,1015,0,40,3,7,2,1,78,36,8
312067,0,1015,0,40,3,2,2,1,19,54,8
295328,0,1015,0,40,3,5,2,1,39,71,8
314859,0,1015,0,40,2,1,2,1,18,44,8
277647,0,1015,0,40,2,11,2,1,48,16,8
312597,0,1015,0,40,2,2,2,1,19,18,8
308074,0,1015,0,40,2,3,2,1,29,34,8
301243,0,1015,0,40,3,5,2,1,28,32,8
294180,0,1015,0,40,3,8,2,1,36,69,8
292652,0,1015,0,40,3,7,2,1,36,54,8
299772,0,1015,0,40,2,5,2,1,33,26,8
245212,0,1015,0,40,3,16,2,1,92,18,8
315714,0,1015,0,40,2,1,2,1,13,51,8
309935,0,1015,0,40,2,3,2,1,22,19,8
285729,0,1015,0,40,3,8,2,1,41,48,8
316042,0,1015,0,40,3,1,2,1,12,40,8
283679,0,1015,0,40,3,9,2,1,44,46,8
314067,0,1015,0,40,3,2,2,1,15,36,8
270907,0,1015,0,40,3,13,2,1,54,107,8
302427,0,1015,0,40,2,6,2,1,28,42,8
287124,1,1015,987,37.3301,3,10,2,1,41,42,8
304306,0,1015,0,40,3,5,2,1,28,40,8
273974,0,1015,0,40,3,9,2,1,77,30,8
309217,0,1015,0,40,3,3,2,1,18,53,8
312475,0,1015,0,40,3,2,2,1,15,20,8
297703,0,1015,0,40,3,4,2,1,37,36,8
286275,0,1015,0,40,3,7,2,1,45,43,8
310054,0,1015,0,40,3,3,2,1,26,44,8
317400,0,1015,0,40,2,1,2,1,9,80,8
297896,0,1015,0,40,2,8,2,1,39,48,8
286333,0,1015,0,40,3,7,2,1,48,34,8
259898,0,1015,0,40,3,12,2,1,66,24,8
299548,0,1015,0,40,2,4,2,1,34,26,8
258795,0,1015,0,40,3,8,2,1,77,40,8
314432,0,1015,0,40,3,2,2,1,19,32,8
300457,0,1015,0,40,2,5,2,1,33,38,8
232187,0,1015,0,40,3,15,2,1,121,66,8
304314,0,1015,0,40,3,3,2,1,37,19,8
271091,0,1015,0,40,3,9,2,1,70,30,8
221036,0,1015,0,40,3,14,2,1,107,54,8
303906,0,1015,0,40,2,6,2,1,31,30,8
273912,0,1015,0,40,2,10,2,1,70,51,8
286689,0,1015,0,40,2,6,2,1,59,17,8
301147,0,1015,0,40,3,5,2,1,32,45,8
303934,0,1015,0,40,3,3,2,1,28,59,8
269317,1,1015,908,40,2,15,2,1,46,34,8
229890,0,1015,0,40,2,20,2,1,111,54,8
256361,0,1015,0,40,2,11,2,1,85,51,8
278537,0,1015,0,40,2,9,2,1,61,55,8
315024,0,1015,0,40,2,2,2,1,13,87,8
281263,0,1015,0,40,2,9,2,1,56,64,8
297156,0,1015,0,40,3,6,2,1,47,52,8
316487,0,1015,0,40,3,1,2,1,11,8,8
317155,0,1015,0,40,3,1,2,1,11,70,8
317253,0,1015,0,40,3,1,2,1,11,69,8
281062,0,1015,0,40,3,10,2,1,60,52,8
297188,0,1015,0,40,2,5,2,1,42,28,8
276555,0,1015,0,40,2,9,2,1,69,24,8
299552,0,1015,0,40,3,5,2,1,29,29,8
303304,0,1015,0,40,3,4,2,1,33,57,8
286051,0,1015,0,40,3,9,2,1,45,57,8
291852,0,1015,0,40,2,9,2,1,31,42,8
310608,0,1015,0,40,2,4,2,1,19,58,8
290742,0,1015,0,40,3,8,2,1,46,39,8
299565,0,1015,0,40,3,6,2,1,24,116,8
317344,0,1015,0,40,3,1,2,1,9,33,8
317911,0,1015,0,40,2,1,2,1,9,86,8
270801,0,1015,0,40,2,8,2,1,74,29,8
302712,0,1015,0,40,2,3,2,1,39,30,8
305599,0,1015,0,40,3,3,2,1,32,87,8
254082,0,1015,0,40,2,12,2,1,87,49,8
308183,0,1015,0,40,2,2,2,1,32,49,8
289703,1,1015,944,40,3,6,2,1,52,52,8
306826,0,1015,0,40,2,3,2,1,27,27,8
249239,0,1015,0,40,3,14,2,1,81,53,8
282224,0,1015,0,40,3,9,2,1,59,12,8
268292,0,1015,0,40,3,9,2,1,68,91,8
301376,0,1015,0,40,2,4,2,1,45,29,8
314217,0,1015,0,40,3,2,2,1,16,43,8
314827,0,1015,0,40,3,2,2,1,16,64,8
287806,0,1015,0,40,3,9,2,1,51,32,8
316688,0,1015,0,40,2,1,2,1,14,27,8
250320,0,1015,0,40,3,12,2,1,84,35,8
303130,0,1015,0,40,2,6,2,1,41,65,8
316775,0,1015,0,40,3,1,2,1,13,22,8
255203,0,1015,0,40,2,12,2,1,87,23,8
310938,0,1015,0,40,3,4,2,1,22,30,8
316527,0,1015,0,40,3,1,2,1,12,39,8
298198,0,1015,0,40,3,7,2,1,31,26,8
314735,0,1015,0,40,3,2,2,1,13,41,8
304212,0,1015,0,40,3,6,2,1,22,41,8
317110,0,1015,0,40,3,1,2,1,11,17,8
317568,0,1015,0,40,2,1,2,1,11,66,8
287366,0,1015,0,40,3,8,2,1,50,45,8
262875,1,1015,913,40,3,12,2,1,63,11,8
282257,0,1015,0,40,3,10,2,1,52,48,8
317391,0,1015,0,40,2,1,2,1,10,79,8
317721,0,1015,0,40,2,1,2,1,10,66,8
317789,0,1015,0,40,3,1,2,1,10,34,8
301799,0,1015,0,40,3,4,2,1,38,52,8
312016,0,1015,0,40,3,3,2,1,19,56,8
316457,0,1015,0,40,2,2,2,1,12,45,8
317870,0,1015,0,40,3,1,2,1,9,34,8
294045,0,1015,0,40,3,4,2,1,63,27,8
278340,0,1015,0,40,2,9,2,1,62,46,8
314190,0,1015,0,40,2,1,2,1,22,22,8
282209,0,1015,0,40,2,8,2,1,65,42,8
314529,0,1015,0,40,2,1,2,1,20,48,8
305716,0,1015,0,40,2,2,2,1,38,29,8
234378,0,1015,0,40,3,18,2,1,116,54,8
315386,0,1015,0,40,3,1,2,1,16,44,8
292569,0,1015,0,40,2,6,2,1,51,33,8
306704,0,1015,0,40,3,5,2,1,18,32,8
316218,0,1015,0,40,3,1,2,1,13,58,8
317169,0,1015,0,40,2,1,2,1,13,48,8
314395,0,1015,0,40,3,2,2,1,15,34,8
315601,0,1015,0,40,2,2,2,1,16,67,8
314098,0,1015,0,40,3,2,2,1,21,57,8
306099,0,1015,0,40,2,4,2,1,25,24,8
311572,0,1015,0,40,2,3,2,1,19,23,8
291700,0,1015,0,40,3,6,2,1,44,32,8
138109,0,1015,0,40,2,41,2,1,192,33,8
293371,0,1015,0,40,2,6,2,1,48,60,8
274185,0,1015,0,40,3,11,2,1,68,29,8
258050,0,1015,0,40,3,15,2,1,68,43,8
315455,0,1015,0,40,2,2,2,1,12,27,8
254780,0,1015,0,40,3,14,2,1,82,82,8
282151,0,1015,0,40,3,9,2,1,64,42,8
310135,0,1015,0,40,3,4,2,1,18,47,8
317728,0,1015,0,40,2,1,2,1,9,25,8
318134,0,1015,0,40,2,1,2,1,9,39,8
278471,0,1015,0,40,3,7,2,1,63,47,8
304325,0,1015,0,40,2,6,2,1,33,22,8
278650,0,1015,0,40,2,6,2,1,68,55,8
296807,0,1015,0,40,3,5,2,1,38,18,8
302932,0,1015,0,40,2,5,2,1,36,47,8
299722,0,1015,0,40,2,7,2,1,35,35,8
315854,0,1015,0,40,3,1,2,1,15,36,8
294667,0,1015,0,40,3,7,2,1,45,12,8
309223,0,1015,0,40,3,3,2,1,26,63,8
305566,0,1015,0,40,3,5,2,1,25,49,8
256733,0,1015,0,40,3,12,2,1,92,71,8
317539,0,1015,0,40,2,1,2,1,12,91,8
291809,0,1015,0,40,3,7,2,1,40,82,8
316767,0,1015,0,40,2,2,2,1,14,32,8
278262,0,1015,0,40,3,9,2,1,53,36,8
252589,0,1015,0,40,3,14,2,1,86,64,8
225777,0,1015,0,40,3,24,2,1,124,36,8
318568,0,1015,0,40,2,1,2,1,9,17,8
309978,0,1015,0,40,2,4,2,1,22,33,8
311578,0,1015,0,40,3,2,2,1,27,67,8
318582,0,1015,0,40,2,1,2,1,10,61,8
297071,0,1015,0,40,2,6,2,1,42,41,8
316994,0,1015,0,40,3,0,2,1,8,51,8
317184,0,1015,0,40,2,0,2,1,8,44,8
317332,0,1015,0,40,2,0,2,1,8,24,8
317956,0,1015,0,40,3,0,2,1,8,26,8
318052,0,1015,0,40,3,0,2,1,8,38,8
318250,0,1015,0,40,3,0,2,1,8,43,8
318282,0,1015,0,40,2,0,2,1,8,17,8
318346,0,1015,0,40,2,0,2,1,8,55,8
318474,0,1015,0,40,3,0,2,1,8,22,8
318493,0,1015,0,40,3,0,2,1,8,119,8
318541,0,1015,0,40,2,0,2,1,8,46,8
318549,0,1015,0,40,2,0,2,1,8,28,8
318565,0,1015,0,40,2,0,2,1,8,58,8
318573,0,1015,0,40,3,0,2,1,8,36,8
318597,0,1015,0,40,3,0,2,1,8,72,8
318645,0,1015,0,40,3,0,2,1,8,22,8
318677,0,1015,0,40,2,0,2,1,8,17,8
318693,0,1015,0,40,3,0,2,1,8,30,8
318748,0,1015,0,40,2,0,2,1,8,20,8
318760,0,1015,0,40,3,0,2,1,8,43,8
318768,0,1015,0,40,2,0,2,1,8,21,8
318772,0,1015,0,40,3,0,2,1,8,32,8
318812,0,1015,0,40,3,0,2,1,8,52,8
318860,0,1015,0,40,2,0,2,1,8,42,8
318868,0,1015,0,40,2,0,2,1,8,15,8
318872,0,1015,0,40,2,0,2,1,8,30,8
318900,0,1015,0,40,3,0,2,1,8,21,8
318920,0,1015,0,40,2,0,2,1,8,50,8
318936,0,1015,0,40,3,0,2,1,8,57,8
318940,0,1015,0,40,2,0,2,1,8,26,8
318960,0,1015,0,40,3,0,2,1,8,32,8
318972,0,1015,0,40,3,0,2,1,8,39,8
319012,0,1015,0,40,3,0,2,1,8,38,8
319028,0,1015,0,40,2,0,2,1,8,76,8
319034,0,1015,0,40,2,0,2,1,8,29,8
319060,0,1015,0,40,2,0,2,1,8,20,8
319068,0,1015,0,40,2,0,2,1,8,23,8
319070,0,1015,0,40,2,0,2,1,8,55,8
319080,0,1015,0,40,3,0,2,1,8,9,8
319084,0,1015,0,40,2,0,2,1,8,52,8
319088,0,1015,0,40,2,0,2,1,8,38,8
319092,0,1015,0,40,3,0,2,1,8,50,8
319098,0,1015,0,40,2,0,2,1,8,61,8
319112,0,1015,0,40,3,0,2,1,8,59,8
319124,0,1015,0,40,3,0,2,1,8,34,8
319128,0,1015,0,40,3,0,2,1,8,32,8
319136,0,1015,0,40,2,0,2,1,8,41,8
319138,0,1015,0,40,2,0,2,1,8,46,8
319150,0,1015,0,40,3,0,2,1,8,6,8
319170,0,1015,0,40,2,0,2,1,8,45,8
319178,0,1015,0,40,3,0,2,1,8,53,8
319198,0,1015,0,40,2,0,2,1,8,21,8
319206,0,1015,0,40,2,0,2,1,8,5,8
319212,0,1015,0,40,2,0,2,1,8,15,8
319218,0,1015,0,40,3,0,2,1,8,54,8
319226,0,1015,0,40,3,0,2,1,8,48,8
319238,0,1015,0,40,3,0,2,1,8,45,8
319240,0,1015,0,40,3,0,2,1,8,66,8
319292,0,1015,0,40,3,0,2,1,8,88,8
319306,0,1015,0,40,3,0,2,1,8,35,8
319316,0,1015,0,40,3,0,2,1,8,52,8
319320,0,1015,0,40,3,0,2,1,8,37,8
310571,0,1015,0,40,2,2,2,1,16,68,8
309092,0,1015,0,40,3,3,2,1,19,26,8
292063,0,1015,0,40,2,3,2,1,57,23,8
289545,0,1015,0,40,2,7,2,1,51,34,8
304208,0,1015,0,40,3,5,2,1,20,64,8
312742,0,1015,0,40,2,2,2,1,10,48,8
312411,0,1015,0,40,3,1,2,1,21,32,8
315212,0,1015,0,40,2,1,2,1,12,56,8
268372,0,1015,0,40,3,11,2,1,64,64,8
288760,0,1015,0,40,2,5,2,1,51,18,8
311965,1,1015,991,40,3,3,2,1,19,74,8
316453,0,1015,0,40,3,1,2,1,9,14,8
241277,0,1015,0,40,3,12,2,1,86,45,8
282006,0,1015,0,40,3,8,2,1,51,29,8
296840,0,1015,0,40,2,5,2,1,46,75,8
296140,0,1015,0,40,2,4,2,1,38,32,8
297733,0,1015,0,40,2,6,2,1,36,30,8
311569,0,1015,0,40,2,2,2,1,17,64,8
307790,0,1015,0,40,3,4,2,1,18,73,8
312038,0,1015,0,40,2,2,2,1,15,48,8
304957,0,1015,0,40,2,6,2,1,17,30,8
290440,0,1015,0,40,2,7,2,1,35,69,8
288493,0,1015,0,40,2,8,2,1,40,24,8
309463,0,1015,0,40,3,3,2,1,23,45,8
302339,0,1015,0,40,3,2,2,1,41,66,8
289229,0,1015,0,40,3,5,2,1,54,59,8
279534,0,1015,0,40,2,6,2,1,59,32,8
270150,0,1015,0,40,2,9,2,1,72,21,8
214477,0,1015,0,40,2,15,2,1,63,49,8
311522,0,1015,0,40,3,2,2,1,19,43,8
292014,0,1015,0,40,2,6,2,1,37,53,8
254126,0,1015,0,40,2,13,2,1,85,61,8
314800,0,1015,0,40,2,1,2,1,14,35,8
303473,0,1015,0,40,3,4,2,1,27,60,8
315343,0,1015,0,40,2,2,2,1,14,27,8
304610,0,1015,0,40,3,5,2,1,24,34,8
312369,0,1015,0,40,3,2,2,1,18,27,8
272528,0,1015,0,40,3,11,2,1,57,44,8
298231,0,1015,0,40,3,5,2,1,35,44,8
281208,0,1015,0,40,3,7,2,1,65,78,8
304575,0,1015,0,40,3,6,2,1,28,54,8
305024,0,1015,0,40,3,3,2,1,27,11,8
222157,1,1015,975,40,3,17,2,1,112,37,8
312180,0,1015,0,40,3,3,2,1,13,27,8
305777,0,1015,0,40,3,2,2,1,35,26,8
264658,0,1015,0,40,3,12,2,1,66,23,8
291738,0,1015,0,40,2,7,2,1,40,55,8
309400,0,1015,0,40,2,4,2,1,12,99,8
317243,0,1015,0,40,2,1,2,1,8,32,8
284482,0,1015,0,40,2,7,2,1,58,28,8
302831,0,1015,0,40,2,4,2,1,29,56,8
294215,0,1015,0,40,3,6,2,1,44,62,8
300754,0,1015,0,40,3,4,2,1,36,12,8
305391,0,1015,0,40,3,3,2,1,27,43,8
288712,1,1015,976,40,3,5,2,1,48,48,8
291926,0,1015,0,40,2,6,2,1,40,29,8
311858,0,1015,0,40,3,2,2,1,16,56,8
240554,0,1015,0,40,3,11,2,1,115,54,8
315529,0,1015,0,40,2,1,2,1,15,35,8
289380,0,1015,0,40,2,6,2,1,56,46,8
255638,0,1015,0,40,2,12,2,1,82,61,8
299180,0,1015,0,40,3,2,2,1,45,23,8
313652,0,1015,0,40,3,2,2,1,15,32,8
292833,0,1015,0,40,2,5,2,1,50,24,8
296072,0,1015,0,40,2,5,2,1,40,55,8
314893,0,1015,0,40,3,2,2,1,16,44,8
288747,0,1015,0,40,2,4,2,1,52,41,8
289889,0,1015,0,40,3,7,2,1,46,60,8
287207,0,1015,0,40,3,7,2,1,50,30,8
312664,0,1015,0,40,2,2,2,1,21,77,8
315968,0,1015,0,40,2,1,2,1,12,43,8
316116,0,1015,0,40,2,1,2,1,12,89,8
298005,0,1015,0,40,2,3,2,1,43,61,8
289114,0,1015,0,40,3,8,2,1,47,54,8
239406,0,1015,0,40,2,14,2,1,106,46,8
313983,0,1015,0,40,2,2,2,1,15,65,8
314600,0,1015,0,40,2,2,2,1,11,37,8
295009,0,1015,0,40,3,5,2,1,49,74,8
306312,0,1015,0,40,3,4,2,1,18,54,8
296630,0,1015,0,40,3,8,2,1,23,27,8
314261,0,1015,0,40,2,2,2,1,11,80,8
273840,0,1015,0,40,2,10,2,1,66,69,8
292683,0,1015,0,40,2,8,2,1,39,53,8
257037,0,1015,0,40,2,14,2,1,87,46,8
287593,0,1015,0,40,2,5,2,1,55,64,8
312012,0,1015,0,40,2,1,2,1,25,47,8
276558,0,1015,0,40,2,13,2,1,62,98,8
313082,0,1015,0,40,3,1,2,1,20,36,8
312926,0,1015,0,40,3,2,2,1,19,19,8
293934,0,1015,0,40,3,4,2,1,39,26,8
293646,0,1015,0,40,2,4,2,1,44,32,8
299692,0,1015,0,40,2,5,2,1,34,73,8
312407,0,1015,0,40,3,2,2,1,21,22,8
309624,0,1015,0,40,2,2,2,1,21,29,8
309387,0,1015,0,40,3,3,2,1,22,56,8
208198,0,1015,0,40,3,22,2,1,111,88,8
283821,0,1015,0,40,2,9,2,1,55,56,8
314645,0,1015,0,40,3,2,2,1,15,79,8
316351,0,1015,0,40,3,1,2,1,13,50,8
294334,0,1015,0,40,2,6,2,1,33,28,8
311655,0,1015,0,40,3,3,2,1,27,88,8
314336,0,1015,0,40,3,2,2,1,12,35,8
313729,0,1015,0,40,2,2,2,1,17,68,8
309868,0,1015,0,40,2,4,2,1,20,37,8
303707,0,1015,0,40,2,4,2,1,34,30,8
316533,0,1015,0,40,2,1,2,1,11,53,8
222700,0,1015,0,40,3,18,2,1,112,41,8
308792,0,1015,0,40,2,4,2,1,17,46,8
268175,0,1015,0,40,3,10,2,1,55,10,8
314367,0,1015,0,40,2,2,2,1,15,38,8
256470,0,1015,0,40,3,11,2,1,83,43,8
286146,0,1015,0,40,3,8,2,1,51,35,8
289012,0,1015,0,40,2,7,2,1,48,27,8
302591,0,1015,0,40,3,5,2,1,26,23,8
303939,0,1015,0,40,2,5,2,1,23,76,8
229085,0,1015,0,40,2,20,2,1,120,22,8
291176,0,1015,0,40,3,9,2,1,41,55,8
315179,0,1015,0,40,2,3,2,1,12,43,8
310111,0,1015,0,40,3,4,2,1,20,24,8
316290,0,1015,0,40,2,1,2,1,9,43,8
308998,0,1015,0,40,2,3,2,1,19,21,8
265171,0,1015,0,40,3,12,2,1,65,66,8
222032,0,1015,0,40,2,20,2,1,107,40,8
305701,1,1015,976,40,3,5,2,1,17,36,8
274038,0,1015,0,40,2,10,2,1,69,32,8
266526,0,1015,0,40,3,12,2,1,81,39,8
317383,0,1015,0,40,3,1,2,1,8,49,8
317567,0,1015,0,40,2,1,2,1,8,50,8
317835,0,1015,0,40,2,1,2,1,8,27,8
228136,0,1015,0,40,3,21,2,1,118,55,8
308006,0,1015,0,40,2,2,2,1,33,81,8
285451,0,1015,0,40,3,6,2,1,45,22,8
294063,0,1015,0,40,3,5,2,1,43,32,8
252494,0,1015,0,40,2,11,2,1,76,31,8
222720,0,1015,0,40,2,14,2,1,113,15,8
278117,0,1015,0,40,2,9,2,1,53,43,8
306599,0,1015,0,40,3,4,2,1,26,34,8
314218,0,1015,0,40,2,2,2,1,17,30,8
289630,0,1015,0,40,3,7,2,1,49,37,8
313445,0,1015,0,40,2,2,2,1,16,29,8
298877,0,1015,0,40,3,6,2,1,42,16,8
313844,0,1015,0,40,2,2,2,1,18,54,8
298055,0,1015,0,40,3,6,2,1,33,58,8
285475,0,1015,0,40,3,8,2,1,56,100,8
291670,0,1015,0,40,2,7,2,1,36,50,8
316316,0,1015,0,40,2,1,2,1,13,25,8
316552,0,1015,0,40,3,1,2,1,13,54,8
313517,0,1015,0,40,3,2,2,1,19,47,8
229629,1,1015,955,40,2,17,2,1,126,37,8
313436,0,1015,0,40,2,2,2,1,22,40,8
316823,0,1015,0,40,3,1,2,1,12,15,8
317035,0,1015,0,40,3,1,2,1,12,41,8
305750,0,1015,0,40,2,3,2,1,23,43,8
310868,0,1015,0,40,3,3,2,1,15,46,8
228092,0,1015,0,40,2,20,2,1,104,57,8
314949,0,1015,0,40,2,2,2,1,15,39,8
280444,0,1015,0,40,2,9,2,1,57,33,8
316936,0,1015,0,40,3,1,2,1,11,29,8
312589,0,1015,0,40,3,2,2,1,18,27,8
284530,0,1015,0,40,3,8,2,1,49,64,8
304415,0,1015,0,40,3,4,2,1,23,52,8
301939,0,1015,0,40,2,3,2,1,40,47,8
315874,0,1015,0,40,3,2,2,1,12,58,8
284862,0,1015,0,40,3,8,2,1,53,46,8
302338,0,1015,0,40,3,6,2,1,31,42,8
296609,0,1015,0,40,2,6,2,1,28,32,8
306574,0,1015,0,40,3,3,2,1,31,69,8
316937,0,1015,0,40,3,2,2,1,10,71,8
317703,0,1015,0,40,3,1,2,1,9,32,8
287744,0,1015,0,40,2,6,2,1,43,55,8
305796,0,1015,0,40,2,4,2,1,22,24,8
305786,0,1015,0,40,2,6,2,1,20,42,8
281709,0,1015,0,40,3,8,2,1,57,29,8
268233,0,1015,0,40,3,12,2,1,72,42,8
297949,0,1015,0,40,3,5,2,1,41,65,8
255104,0,1015,0,40,2,14,2,1,84,67,8
310382,0,1015,0,40,3,4,2,1,22,66,8
292743,0,1015,0,40,3,8,2,1,40,27,8
317465,0,1015,0,40,2,1,2,1,8,26,8
318145,0,1015,0,40,3,1,2,1,8,16,8
292633,0,1015,0,40,2,6,2,1,41,32,8
296956,0,1015,0,40,2,3,2,1,56,16,8
229827,0,1015,0,40,2,17,2,1,111,13,8
257235,0,1015,0,40,3,12,2,1,83,118,8
315561,0,1015,0,40,3,1,2,1,18,35,8
220616,0,1015,0,40,3,20,2,1,118,22,8
301383,0,1015,0,40,3,4,2,1,39,65,8
316296,0,1015,0,40,3,1,2,1,14,49,8
275852,0,1015,0,40,3,9,2,1,44,50,8
303357,0,1015,0,40,3,3,2,1,34,45,8
302804,0,1015,0,40,2,6,2,1,30,29,8
252922,0,1015,0,40,2,12,2,1,99,74,8
295464,0,1015,0,40,2,8,2,1,35,40,8
280868,0,1015,0,40,2,9,2,1,53,74,8
273973,0,1015,0,40,2,9,2,1,49,34,8
286256,0,1015,0,40,3,8,2,1,58,31,8
316919,0,1015,0,40,2,2,2,1,13,18,8
316926,0,1015,0,40,3,1,2,1,11,48,8
317506,0,1015,0,40,2,1,2,1,11,42,8
269040,0,1015,0,40,2,11,2,1,56,62,8
267176,1,1015,944,40,3,11,2,1,72,27,8
316317,0,1015,0,40,2,2,2,1,11,24,8
289991,0,1015,0,40,3,6,2,1,47,49,8
310288,0,1015,0,40,3,4,2,1,19,54,8
317719,0,1015,0,40,2,1,2,1,10,53,8
317915,0,1015,0,40,3,1,2,1,10,62,8
300560,0,1015,0,40,3,4,2,1,34,38,8
236942,0,1015,0,40,3,18,2,1,95,16,8
318137,0,1015,0,40,3,1,2,1,9,42,8
318209,0,1015,0,40,2,1,2,1,9,26,8
262143,0,1015,0,40,2,12,2,1,74,63,8
228863,0,1015,0,40,3,21,2,1,114,66,8
218638,0,1015,0,40,2,12,2,1,77,71,8
313789,0,1015,0,40,3,3,2,1,17,29,8
290692,0,1015,0,40,3,8,2,1,46,43,8
279381,0,1015,0,40,2,12,2,1,49,51,8
262617,0,1015,0,40,2,13,2,1,74,32,8
305971,0,1015,0,40,3,5,2,1,24,55,8
317232,0,1015,0,40,2,2,2,1,9,55,8
316962,0,1015,0,40,2,1,2,1,8,35,8
309402,0,1015,0,40,2,1,2,1,34,36,8
306858,0,1015,0,40,3,3,2,1,35,36,8
273128,0,1015,0,40,2,8,2,1,76,88,8
312972,0,1015,0,40,2,1,2,1,25,25,8
292781,0,1015,0,40,2,6,2,1,44,69,8
314052,0,1015,0,40,2,1,2,1,21,34,8
272222,0,1015,0,40,2,8,2,1,67,31,8
256612,0,1015,0,40,2,12,2,1,71,35,8
313583,0,1015,0,40,2,2,2,1,20,71,8
270284,0,1015,0,40,2,11,2,1,60,61,8
300208,0,1015,0,40,2,5,2,1,38,47,8
309084,0,1015,0,40,2,4,2,1,26,73,8
248956,0,1015,0,40,3,13,2,1,96,72,8
317073,0,1015,0,40,2,1,2,1,13,38,8
247496,1,1015,883,40,3,13,2,1,99,54,8
294713,0,1015,0,40,3,8,2,1,38,44,8
283292,0,1015,0,40,3,8,2,1,62,56,8
317480,0,1015,0,40,3,1,2,1,12,53,8
229373,0,1015,0,40,2,18,2,1,122,35,8
315795,0,1015,0,40,2,2,2,1,12,42,8
246126,0,1015,0,40,3,14,2,1,87,64,8
290736,0,1015,0,40,2,9,2,1,52,51,8
317387,0,1015,0,40,2,1,2,1,11,37,8
310136,0,1015,0,40,3,3,2,1,20,15,8
317706,0,1015,0,40,2,1,2,1,10,32,8
294433,0,1015,0,40,2,8,2,1,28,74,8
298038,0,1015,0,40,3,7,2,1,30,28,8
307705,0,1015,0,40,2,6,2,1,23,48,8
307493,0,1015,0,40,3,5,2,1,22,104,8
299320,0,1015,0,40,2,6,2,1,30,56,8
317966,0,1015,0,40,2,1,2,1,9,38,8
318331,0,1015,0,40,3,1,2,1,9,33,8
277121,0,1015,0,40,3,9,2,1,57,36,8
311173,0,1015,0,40,3,4,2,1,15,42,8
287481,0,1015,0,40,3,8,2,1,55,63,8
317639,0,1015,0,40,2,2,2,1,11,34,8
317876,0,1015,0,40,3,1,2,1,8,10,8
318384,0,1015,0,40,3,1,2,1,8,57,8
318644,0,1015,0,40,3,1,2,1,8,51,8
254860,0,1015,0,40,3,9,2,1,97,69,8
304018,0,1015,0,40,2,3,2,1,35,52,8
273121,0,1015,0,40,3,9,2,1,67,44,8
304622,0,1015,0,40,2,3,2,1,39,28,8
309778,0,1015,0,40,3,4,2,1,24,64,8
316692,0,1015,0,40,3,1,2,1,16,25,8
302481,0,1015,0,40,2,4,2,1,34,18,8
310767,0,1015,0,40,2,2,2,1,23,78,8
243009,0,1015,0,40,2,17,2,1,95,45,8
305169,0,1015,0,40,3,3,2,1,34,51,8
313089,0,1015,0,40,3,3,2,1,18,33,8
318085,0,1015,0,40,3,1,2,1,11,34,8
296085,0,1015,0,40,3,8,2,1,38,68,8
314344,0,1015,0,40,3,2,2,1,17,45,8
317563,0,1015,0,40,2,1,2,1,13,25,8
226268,0,1015,0,40,2,25,2,1,113,39,8
310034,0,1015,0,40,3,3,2,1,29,73,8
318100,0,1015,0,40,2,0,2,1,7,31,8
318354,0,1015,0,40,2,0,2,1,7,47,8
318481,0,1015,0,40,2,0,2,1,7,14,8
318513,0,1015,0,40,3,0,2,1,7,48,8
318545,0,1015,0,40,3,0,2,1,7,70,8
318577,0,1015,0,40,2,0,2,1,7,88,8
318641,0,1015,0,40,2,0,2,1,7,53,8
318705,0,1015,0,40,3,0,2,1,7,54,8
318770,0,1015,0,40,3,0,2,1,7,22,8
318786,0,1015,0,40,2,0,2,1,7,28,8
318794,0,1015,0,40,2,0,2,1,7,40,8
318850,0,1015,0,40,3,0,2,1,7,42,8
318882,0,1015,0,40,3,0,2,1,7,32,8
318922,0,1015,0,40,3,0,2,1,7,36,8
318930,0,1015,0,40,2,0,2,1,7,25,8
318986,0,1015,0,40,3,0,2,1,7,53,8
318994,0,1015,0,40,3,0,2,1,7,81,8
319039,0,1015,0,40,3,0,2,1,7,53,8
319059,0,1015,0,40,3,0,2,1,7,57,8
319071,0,1015,0,40,3,0,2,1,7,46,8
319083,0,1015,0,40,3,0,2,1,7,36,8
319091,0,1015,0,40,3,0,2,1,7,20,8
319131,0,1015,0,40,3,0,2,1,7,27,8
319159,0,1015,0,40,2,0,2,1,7,22,8
319163,0,1015,0,40,3,0,2,1,7,83,8
319171,0,1015,0,40,3,0,2,1,7,24,8
319175,0,1015,0,40,2,0,2,1,7,61,8
319187,0,1015,0,40,3,0,2,1,7,29,8
319191,0,1015,0,40,3,0,2,1,7,35,8
319211,0,1015,0,40,3,0,2,1,7,44,8
319251,0,1015,0,40,2,0,2,1,7,38,8
319271,0,1015,0,40,2,0,2,1,7,44,8
319287,0,1015,0,40,2,0,2,1,7,44,8
319323,0,1015,0,40,3,0,2,1,7,54,8
319348,0,1015,0,40,2,0,2,1,7,28,8
319356,0,1015,0,40,3,0,2,1,7,63,8
319360,0,1015,0,40,2,0,2,1,7,70,8
319364,0,1015,0,40,3,0,2,1,7,50,8
319366,0,1015,0,40,2,0,2,1,7,41,8
319368,0,1015,0,40,3,0,2,1,7,79,8
319370,0,1015,0,40,3,0,2,1,7,33,8
319380,0,1015,0,40,3,0,2,1,7,42,8
319382,0,1015,0,40,2,0,2,1,7,40,8
319388,0,1015,0,40,2,0,2,1,7,85,8
319392,0,1015,0,40,3,0,2,1,7,27,8
319396,0,1015,0,40,2,0,2,1,7,16,8
319400,0,1015,0,40,3,0,2,1,7,36,8
319404,0,1015,0,40,3,0,2,1,7,60,8
319412,0,1015,0,40,3,0,2,1,7,54,8
319414,0,1015,0,40,2,0,2,1,7,27,8
319418,0,1015,0,40,2,0,2,1,7,84,8
319424,0,1015,0,40,2,0,2,1,7,13,8
319426,0,1015,0,40,3,0,2,1,7,49,8
319428,0,1015,0,40,3,0,2,1,7,68,8
319444,0,1015,0,40,2,0,2,1,7,71,8
319446,0,1015,0,40,3,0,2,1,7,41,8
319448,0,1015,0,40,3,0,2,1,7,19,8
319456,0,1015,0,40,3,0,2,1,7,68,8
319464,0,1015,0,40,2,0,2,1,7,46,8
319466,0,1015,0,40,3,0,2,1,7,57,8
319468,0,1015,0,40,3,0,2,1,7,21,8
319482,0,1015,0,40,2,0,2,1,7,36,8
319486,0,1015,0,40,2,0,2,1,7,67,8
319492,0,1015,0,40,2,0,2,1,7,20,8
319502,0,1015,0,40,2,0,2,1,7,76,8
319508,0,1015,0,40,3,0,2,1,7,21,8
319512,0,1015,0,40,3,0,2,1,7,33,8
319520,0,1015,0,40,3,0,2,1,7,37,8
319522,0,1015,0,40,2,0,2,1,7,41,8
319536,0,1015,0,40,2,0,2,1,7,50,8
319542,0,1015,0,40,3,0,2,1,7,56,8
319546,0,1015,0,40,3,0,2,1,7,52,8
319556,0,1015,0,40,2,0,2,1,7,24,8
319560,0,1015,0,40,2,0,2,1,7,35,8
319568,0,1015,0,40,2,0,2,1,7,22,8
319574,0,1015,0,40,2,0,2,1,7,20,8
319578,0,1015,0,40,3,0,2,1,7,30,8
228433,0,1015,0,40,2,21,2,1,113,36,8
315109,0,1015,0,40,3,1,2,1,9,45,8
315839,0,1015,0,40,3,1,2,1,7,24,8
283172,0,1015,0,40,2,6,2,1,59,52,8
292133,0,1015,0,40,2,8,2,1,29,24,8
278823,0,1015,0,40,3,9,2,1,56,31,8
260512,0,1015,0,40,2,11,2,1,75,49,8
294161,0,1015,0,40,3,4,2,1,38,7,8
279658,0,1015,0,40,3,6,2,1,55,59,8
306013,0,1015,0,40,3,4,2,1,20,41,8
304126,0,1015,0,40,2,5,2,1,25,73,8
315556,0,1015,0,40,3,1,2,1,10,105,8
315965,0,1015,0,40,3,1,2,1,9,29,8
299999,0,1015,0,40,3,5,2,1,29,56,8
292423,0,1015,0,40,2,7,2,1,44,24,8
304477,0,1015,0,40,3,3,2,1,31,64,8
291930,0,1015,0,40,3,8,2,1,34,40,8
269644,0,1015,0,40,2,8,2,1,70,48,8
234757,0,1015,0,40,2,18,2,1,102,47,8
310000,0,1015,0,40,2,3,2,1,16,38,8
313551,0,1015,0,40,2,2,2,1,10,12,8
314171,0,1015,0,40,2,2,2,1,11,27,8
232877,0,1015,0,40,3,18,2,1,113,22,8
314321,0,1015,0,40,2,2,2,1,9,34,8
315567,0,1015,0,40,2,2,2,1,9,36,8
236009,0,1015,0,40,3,18,2,1,110,42,8
251605,0,1015,0,40,3,11,2,1,93,53,8
310738,0,1015,0,40,3,3,2,1,19,23,8
277553,1,1015,918,40,2,9,2,1,60,89,8
293144,0,1015,0,40,2,6,2,1,40,49,8
291924,0,1015,0,40,2,5,2,1,41,46,8
287824,0,1015,0,40,2,8,2,1,37,30,8
313639,0,1015,0,40,3,2,2,1,15,53,8
299309,0,1015,0,40,3,6,2,1,31,20,8
313267,0,1015,0,40,2,2,2,1,11,45,8
310947,0,1015,0,40,2,3,2,1,17,20,8
303481,0,1015,0,40,3,3,2,1,35,62,8
316360,0,1015,0,40,3,1,2,1,9,31,8
316721,0,1015,0,40,2,1,2,1,8,80,8
306761,0,1015,0,40,3,3,2,1,21,70,8
305690,0,1015,0,40,3,5,2,1,22,27,8
309770,0,1015,0,40,2,4,2,1,18,62,8
276892,0,1015,0,40,2,8,2,1,69,26,8
316788,0,1015,0,40,3,1,2,1,7,17,8
305420,0,1015,0,40,3,2,2,1,35,20,8
293608,0,1015,0,40,3,4,2,1,45,97,8
300585,0,1015,0,40,3,4,2,1,39,21,8
271858,0,1015,0,40,2,10,2,1,69,70,8
314069,0,1015,0,40,2,1,2,1,18,68,8
314643,0,1015,0,40,2,1,2,1,16,50,8
261381,0,1015,0,40,2,12,2,1,75,85,8
301737,0,1015,0,40,3,4,2,1,34,30,8
312803,0,1015,0,40,2,2,2,1,14,72,8
260324,1,1015,898,40,3,13,2,1,63,89,8
276040,0,1015,0,40,3,6,2,1,74,66,8
309001,0,1015,0,40,2,3,2,1,24,53,8
290314,0,1015,0,40,2,6,2,1,37,62,8
309222,0,1015,0,40,2,5,2,1,23,48,8
230638,0,1015,0,40,3,19,2,1,111,35,8
310379,0,1015,0,40,2,2,2,1,17,35,8
291286,0,1015,0,40,3,6,2,1,39,72,8
315078,0,1015,0,40,2,2,2,1,11,38,8
298656,0,1015,0,40,2,5,2,1,39,44,8
251799,0,1015,0,40,3,12,2,1,82,49,8
312234,0,1015,0,40,3,2,2,1,17,83,8
283604,0,1015,0,40,2,8,2,1,56,29,8
311862,0,1015,0,40,3,4,2,1,18,55,8
308727,0,1015,0,40,3,4,2,1,20,20,8
309009,0,1015,0,40,2,3,2,1,22,22,8
247427,0,1015,0,40,2,15,2,1,89,31,8
316886,0,1015,0,40,3,1,2,1,7,44,8
317436,0,1015,0,40,3,1,2,1,7,35,8
306414,0,1015,0,40,3,1,2,1,36,25,8
309975,0,1015,0,40,2,2,2,1,25,78,8
310089,0,1015,0,40,2,3,2,1,24,43,8
314905,0,1015,0,40,2,1,2,1,17,64,8
303962,0,1015,0,40,2,3,2,1,26,39,8
305565,0,1015,0,40,3,4,2,1,26,28,8
275539,0,1015,0,40,3,10,2,1,62,21,8
307573,0,1015,0,40,3,5,2,1,23,61,8
242607,0,1015,0,40,2,17,2,1,92,29,8
315783,0,1015,0,40,2,1,2,1,14,50,8
305583,0,1015,0,40,2,4,2,1,26,18,8
234064,0,1015,0,40,3,14,2,1,113,12,8
315682,0,1015,0,40,3,1,2,1,12,63,8
314332,0,1015,0,40,3,2,2,1,15,33,8
303340,0,1015,0,40,2,4,2,1,33,56,8
282339,0,1015,0,40,2,6,2,1,55,54,8
316585,0,1015,0,40,2,1,2,1,10,29,8
305928,0,1015,0,40,2,4,2,1,25,23,8
309569,0,1015,0,40,2,4,2,1,17,32,8
224570,0,1015,0,40,3,20,2,1,136,61,8
282149,0,1015,0,40,2,7,2,1,52,111,8
257572,0,1015,0,40,2,12,2,1,80,56,8
311304,0,1015,0,40,3,4,2,1,17,26,8
317129,0,1015,0,40,2,1,2,1,9,29,8
282899,0,1015,0,40,3,9,2,1,41,27,8
247277,0,1015,0,40,3,11,2,1,106,52,8
316136,0,1015,0,40,2,2,2,1,9,46,8
296081,0,1015,0,40,2,7,2,1,36,24,8
317054,0,1015,0,40,2,1,2,1,8,37,8
306452,0,1015,0,40,3,4,2,1,18,49,8
292089,0,1015,0,40,2,6,2,1,37,38,8
311230,0,1015,0,40,3,3,2,1,14,58,8
305649,0,1015,0,40,3,4,2,1,25,24,8
312506,0,1015,0,40,2,3,2,1,15,60,8
305469,0,1015,0,40,2,6,2,1,18,94,8
314097,0,1015,0,40,3,3,2,1,11,51,8
304348,0,1015,0,40,3,6,2,1,24,39,8
304468,0,1015,0,40,3,5,2,1,28,27,8
222163,0,1015,0,40,3,23,2,1,88,42,8
296088,0,1015,0,40,3,4,2,1,47,63,8
281279,1,1015,939,40,2,7,2,1,64,26,8
270119,0,1015,0,40,3,9,2,1,67,19,8
270109,1,1015,947,40,3,9,2,1,81,44,8
308175,0,1015,0,40,3,3,2,1,27,45,8
248287,0,1015,0,40,3,15,2,1,83,45,8
310106,0,1015,0,40,2,3,2,1,18,48,8
307621,0,1015,0,40,3,4,2,1,24,30,8
294814,0,1015,0,40,3,6,2,1,51,47,8
287588,0,1015,0,40,3,7,2,1,42,38,8
283273,0,1015,0,40,3,6,2,1,58,26,8
289799,0,1015,0,40,2,8,2,1,51,65,8
300644,0,1015,0,40,2,5,2,1,44,34,8
315242,0,1015,0,40,2,1,2,1,13,34,8
316301,0,1015,0,40,3,1,2,1,13,31,8
273470,0,1015,0,40,2,7,2,1,62,54,8
311330,0,1015,0,40,2,4,2,1,16,49,8
316622,0,1015,0,40,3,1,2,1,12,46,8
303617,0,1015,0,40,3,5,2,1,26,11,8
311159,0,1015,0,40,2,2,2,1,21,22,8
311354,0,1015,0,40,2,2,2,1,23,76,8
317049,0,1015,0,40,3,1,2,1,11,32,8
292657,0,1015,0,40,2,7,2,1,38,16,8
314076,0,1015,0,40,3,2,2,1,12,31,8
312483,0,1015,0,40,3,2,2,1,22,21,8
306478,0,1015,0,40,2,4,2,1,24,66,8
316426,0,1015,0,40,3,1,2,1,10,33,8
316824,0,1015,0,40,2,1,2,1,10,24,8
317199,0,1015,0,40,2,1,2,1,10,19,8
310924,0,1015,0,40,2,4,2,1,19,56,8
310373,0,1015,0,40,2,4,2,1,13,59,8
292865,0,1015,0,40,3,7,2,1,42,57,8
315614,0,1015,0,40,3,1,2,1,9,35,8
316531,0,1015,0,40,2,1,2,1,9,71,8
317138,0,1015,0,40,3,1,2,1,9,82,8
317544,0,1015,0,40,3,1,2,1,9,18,8
305363,0,1015,0,40,3,3,2,1,16,35,8
246915,0,1015,0,40,3,14,2,1,99,53,8
298887,0,1015,0,40,3,5,2,1,39,38,8
301743,0,1015,0,40,3,5,2,1,28,45,8
317208,0,1015,0,40,2,1,2,1,8,41,8
317769,0,1015,0,40,3,1,2,1,8,37,8
290224,0,1015,0,40,2,8,2,1,41,72,8
280450,0,1015,0,40,2,9,2,1,48,44,8
310360,0,1015,0,40,3,3,2,1,23,56,8
269210,0,1015,0,40,2,9,2,1,71,63,8
318205,0,1015,0,40,2,1,2,1,7,30,8
302207,0,1015,0,40,3,3,2,1,41,42,8
311721,0,1015,0,40,3,1,2,1,28,42,8
288196,0,1015,0,40,3,8,2,1,48,37,8
313725,0,1015,0,40,3,1,2,1,22,25,8
259453,0,1015,0,40,3,10,2,1,85,43,8
313650,0,1015,0,40,3,1,2,1,21,53,8
314241,0,1015,0,40,3,1,2,1,21,33,8
312576,0,1015,0,40,3,2,2,1,21,67,8
314891,0,1015,0,40,2,1,2,1,19,33,8
248115,0,1015,0,40,3,11,2,1,107,78,8
279681,0,1015,0,40,3,8,2,1,55,58,8
307533,0,1015,0,40,2,2,2,1,30,33,8
262026,0,1015,0,40,2,10,2,1,82,81,8
287842,0,1015,0,40,2,7,2,1,47,81,8
221869,0,1015,0,40,3,17,2,1,118,47,8
281217,0,1015,0,40,2,8,2,1,61,41,8
242740,0,1015,0,40,2,16,2,1,103,65,8
314699,0,1015,0,40,3,2,2,1,13,34,8
238019,0,1015,0,40,3,16,2,1,112,45,8
306579,0,1015,0,40,3,4,2,1,19,14,8
220459,0,1015,0,40,3,14,2,1,111,54,8
299000,0,1015,0,40,2,6,2,1,37,41,8
295256,0,1015,0,40,2,5,2,1,47,71,8
241053,0,1015,0,40,3,16,2,1,110,87,8
316852,0,1015,0,40,3,1,2,1,11,15,8
317237,0,1015,0,40,3,1,2,1,11,36,8
306037,0,1015,0,40,3,5,2,1,26,61,8
276267,0,1015,0,40,2,10,2,1,61,68,8
278305,0,1015,0,40,2,8,2,1,51,25,8
316017,0,1015,0,40,3,2,2,1,12,21,8
280807,0,1015,0,40,2,9,2,1,56,81,8
315370,0,1015,0,40,3,2,2,1,12,43,8
283283,1,1015,949,40,3,9,2,1,50,67,8
317158,0,1015,0,40,2,1,2,1,10,51,8
317472,0,1015,0,40,2,1,2,1,10,65,8
268037,0,1015,0,40,3,12,2,1,71,35,8
309821,0,1015,0,40,3,3,2,1,16,59,8
305481,0,1015,0,40,3,6,2,1,17,38,8
315676,0,1015,0,40,2,2,2,1,12,50,8
317847,0,1015,0,40,2,1,2,1,9,78,8
313524,0,1015,0,40,2,2,2,1,13,55,8
228744,0,1015,0,40,2,17,2,1,121,38,8
304171,0,1015,0,40,3,4,2,1,32,51,8
312464,0,1015,0,40,2,2,2,1,22,72,8
312625,0,1015,0,40,3,3,2,1,17,50,8
298744,1,1015,1002,40,2,6,2,1,36,56,8
271064,0,1015,0,40,3,10,2,1,81,56,8
317609,0,1015,0,40,3,1,2,1,8,29,8
318001,0,1015,0,40,2,1,2,1,8,62,8
318045,0,1015,0,40,3,1,2,1,8,50,8
318123,0,1015,0,40,3,1,2,1,8,44,8
248241,0,1015,0,40,2,12,2,1,102,32,8
301628,0,1015,0,40,2,5,2,1,36,36,8
298635,0,1015,0,40,3,4,2,1,38,60,8
292586,0,1015,0,40,3,7,2,1,37,37,8
311203,0,1015,0,40,2,4,2,1,18,20,8
307226,0,1015,0,40,3,5,2,1,29,66,8
317429,0,1015,0,40,3,1,2,1,7,30,8
318090,0,1015,0,40,3,1,2,1,7,74,8
318345,0,1015,0,40,3,1,2,1,7,21,8
264150,1,1015,917,40,3,10,2,1,77,26,8
309452,0,1015,0,40,3,2,2,1,28,26,8
309825,0,1015,0,40,2,2,2,1,26,65,8
260655,0,1015,0,40,2,14,2,1,76,30,8
310528,0,1015,0,40,2,3,2,1,25,54,8
308182,0,1015,0,40,3,3,2,1,28,28,8
315785,0,1015,0,40,2,1,2,1,17,23,8
305606,0,1015,0,40,2,3,2,1,29,16,8
281221,0,1015,0,40,2,8,2,1,61,53,8
310653,0,1015,0,40,2,4,2,1,21,57,8
314692,0,1015,0,40,2,1,2,1,16,58,8
308038,0,1015,0,40,2,3,2,1,25,56,8
290616,0,1015,0,40,3,8,2,1,45,46,8
312063,0,1015,0,40,2,2,2,1,17,24,8
313203,0,1015,0,40,3,2,2,1,20,125,8
268984,0,1015,0,40,3,9,2,1,79,45,8
279833,0,1015,0,40,2,12,2,1,51,26,8
317025,0,1015,0,40,2,1,2,1,13,20,8
296568,0,1015,0,40,3,4,2,1,47,18,8
245261,0,1015,0,40,2,17,2,1,80,57,8
279238,0,1015,0,40,3,8,2,1,59,26,8
296743,0,1015,0,40,3,8,2,1,27,17,8
317090,0,1015,0,40,3,1,2,1,11,45,8
312903,0,1015,0,40,3,3,2,1,14,33,8
299673,0,1015,0,40,3,7,2,1,25,28,8
286840,0,1015,0,40,3,6,2,1,57,49,8
313340,0,1015,0,40,3,3,2,1,17,22,8
310727,0,1015,0,40,2,3,2,1,20,21,8
309242,0,1015,0,40,2,3,2,1,24,13,8
288801,0,1015,0,40,2,6,2,1,53,58,8
317495,0,1015,0,40,2,1,2,1,10,37,8
221566,0,1015,0,40,3,16,2,1,113,46,8
239573,1,1015,914,40,2,15,2,1,95,35,8
308971,0,1015,0,40,2,3,2,1,26,47,8
307860,0,1015,0,40,2,4,2,1,22,10,8
316714,0,1015,0,40,3,2,2,1,11,21,8
317369,0,1015,0,40,2,1,2,1,9,42,8
318213,0,1015,0,40,2,1,2,1,9,68,8
315851,0,1015,0,40,2,2,2,1,10,25,8
308674,0,1015,0,40,3,4,2,1,17,63,8
313529,0,1015,0,40,2,3,2,1,16,63,8
291839,0,1015,0,40,2,7,2,1,42,38,8
304184,0,1015,0,40,3,5,2,1,25,38,8
314155,0,1015,0,40,3,3,2,1,11,76,8
282744,0,1015,0,40,2,11,2,1,58,41,8
296216,0,1015,0,40,3,7,2,1,42,46,8
317637,0,1015,0,40,3,1,2,1,8,58,8
318299,0,1015,0,40,2,1,2,1,8,58,8
290600,0,1015,0,40,3,7,2,1,45,30,8
306422,0,1015,0,40,3,4,2,1,22,75,8
287203,0,1015,0,40,2,9,2,1,44,25,8
247831,0,1015,0,40,2,14,2,1,81,64,8
261935,0,1015,0,40,2,14,2,1,59,80,8
318160,0,1015,0,40,3,1,2,1,7,41,8
318284,0,1015,0,40,2,1,2,1,7,25,8
318720,0,1015,0,40,2,1,2,1,7,66,8
305114,0,1015,0,40,3,2,2,1,42,63,8
279375,0,1015,0,40,2,8,2,1,64,17,8
303454,0,1015,0,40,3,2,2,1,44,66,8
313980,0,1015,0,40,3,1,2,1,21,29,8
314765,0,1015,0,40,3,1,2,1,21,134,8
282845,0,1015,0,40,2,7,2,1,59,21,8
315020,0,1015,0,40,2,1,2,1,19,31,8
288723,0,1015,0,40,2,7,2,1,50,102,8
312682,0,1015,0,40,3,2,2,1,24,74,8
316138,0,1015,0,40,3,1,2,1,15,33,8
316710,0,1015,0,40,3,1,2,1,15,70,8
313697,0,1015,0,40,3,2,2,1,18,52,8
265279,0,1015,0,40,2,12,2,1,60,25,8
308339,0,1015,0,40,2,3,2,1,23,52,8
317089,0,1015,0,40,2,1,2,1,13,21,8
298589,0,1015,0,40,2,5,2,1,39,60,8
316012,0,1015,0,40,3,2,2,1,14,34,8
307980,0,1015,0,40,2,3,2,1,30,58,8
317555,0,1015,0,40,3,1,2,1,11,60,8
284095,0,1015,0,40,2,9,2,1,45,34,8
253910,0,1015,0,40,3,13,2,1,95,29,8
248609,0,1015,0,40,3,13,2,1,101,33,8
313046,0,1015,0,40,3,3,2,1,18,48,8
306581,0,1015,0,40,2,5,2,1,19,41,8
268167,0,1015,0,40,2,11,2,1,56,32,8
312668,0,1015,0,40,2,3,2,1,22,50,8
318383,0,1015,0,40,2,1,2,1,9,64,8
290615,0,1015,0,40,3,6,2,1,46,58,8
313245,0,1015,0,40,3,3,2,1,15,32,8
306378,0,1015,0,40,2,5,2,1,27,17,8
315176,0,1015,0,40,2,3,2,1,14,43,8
316005,0,1015,0,40,3,2,2,1,14,30,8
313339,0,1015,0,40,3,3,2,1,14,20,8
297492,0,1015,0,40,2,8,2,1,34,53,8
318025,0,1015,0,40,3,2,2,1,8,65,8
318775,0,1015,0,40,2,1,2,1,7,56,8
318857,0,1015,0,40,3,1,2,1,7,24,8
313080,0,1015,0,40,2,1,2,1,26,43,8
302120,0,1015,0,40,2,4,2,1,40,47,8
316059,0,1015,0,40,2,1,2,1,18,78,8
316716,0,1015,0,40,2,1,2,1,16,40,8
303625,0,1015,0,40,2,4,2,1,34,45,8
293585,0,1015,0,40,2,7,2,1,49,69,8
316495,0,1015,0,40,2,1,2,1,14,51,8
315257,0,1015,0,40,2,2,2,1,16,24,8
306374,0,1015,0,40,2,4,2,1,26,67,8
291313,0,1015,0,40,3,7,2,1,48,51,8
296461,0,1015,0,40,3,5,2,1,44,38,8
311376,0,1015,0,40,2,3,2,1,20,39,8
271486,0,1015,0,40,2,11,2,1,63,37,8
312142,0,1015,0,40,2,3,2,1,15,31,8
307019,0,1015,0,40,2,4,2,1,24,55,8
312814,0,1015,0,40,3,3,2,1,21,22,8
316876,0,1015,0,40,3,2,2,1,12,50,8
302970,0,1015,0,40,2,5,2,1,27,96,8
222998,0,1015,0,40,2,13,2,1,124,17,8
221574,1,1015,919,40,3,11,2,1,86,45,8
242259,1,1015,930,40,3,18,2,1,86,73,8
311771,0,1015,0,40,3,4,2,1,14,57,8
290478,0,1015,0,40,2,6,2,1,46,55,8
257051,0,1015,0,40,2,14,2,1,81,27,8
251719,0,1015,0,40,3,13,2,1,101,10,8
307437,0,1015,0,40,2,4,2,1,27,47,8
317988,0,1015,0,40,2,1,2,1,7,55,8
270938,0,1015,0,40,2,11,2,1,68,10,8
242576,0,1015,0,40,3,14,2,1,94,33,8
313592,0,1015,0,40,3,3,2,1,19,87,8
318057,0,1015,0,40,2,1,2,1,12,84,8
312685,0,1015,0,40,3,2,2,1,21,39,8
318915,0,1015,0,40,3,1,2,1,9,48,8
290497,1,1015,956,40,3,8,2,1,42,34,8
317732,0,1015,0,40,2,1,2,1,8,44,8
318956,0,1015,0,40,3,1,2,1,8,50,8
317884,0,1015,0,40,2,0,2,1,6,20,8
318489,0,1015,0,40,3,0,2,1,6,69,8
318553,0,1015,0,40,3,0,2,1,6,38,8
318681,0,1015,0,40,2,0,2,1,6,42,8
318742,0,1015,0,40,2,0,2,1,6,62,8
318758,0,1015,0,40,2,0,2,1,6,32,8
318790,0,1015,0,40,3,0,2,1,6,58,8
318806,0,1015,0,40,3,0,2,1,6,55,8
318870,0,1015,0,40,3,0,2,1,6,41,8
318886,0,1015,0,40,3,0,2,1,6,62,8
318966,0,1015,0,40,2,0,2,1,6,20,8
319014,0,1015,0,40,3,0,2,1,6,80,8
319033,0,1015,0,40,3,0,2,1,6,77,8
319057,0,1015,0,40,3,0,2,1,6,65,8
319097,0,1015,0,40,2,0,2,1,6,45,8
319137,0,1015,0,40,2,0,2,1,6,63,8
319145,0,1015,0,40,2,0,2,1,6,22,8
319153,0,1015,0,40,2,0,2,1,6,22,8
319201,0,1015,0,40,2,0,2,1,6,49,8
319209,0,1015,0,40,3,0,2,1,6,73,8
319233,0,1015,0,40,2,0,2,1,6,25,8
319241,0,1015,0,40,2,0,2,1,6,59,8
319273,0,1015,0,40,3,0,2,1,6,55,8
319289,0,1015,0,40,2,0,2,1,6,68,8
319343,0,1015,0,40,3,0,2,1,6,35,8
319355,0,1015,0,40,3,0,2,1,6,29,8
319359,0,1015,0,40,3,0,2,1,6,45,8
319363,0,1015,0,40,2,0,2,1,6,106,8
319371,0,1015,0,40,2,0,2,1,6,46,8
319403,0,1015,0,40,2,0,2,1,6,35,8
319407,0,1015,0,40,3,0,2,1,6,69,8
319415,0,1015,0,40,2,0,2,1,6,30,8
319419,0,1015,0,40,2,0,2,1,6,26,8
319423,0,1015,0,40,2,0,2,1,6,32,8
319447,0,1015,0,40,3,0,2,1,6,49,8
319455,0,1015,0,40,3,0,2,1,6,16,8
319459,0,1015,0,40,2,0,2,1,6,44,8
319463,0,1015,0,40,3,0,2,1,6,42,8
319467,0,1015,0,40,2,0,2,1,6,32,8
319471,0,1015,0,40,3,0,2,1,6,68,8
319487,0,1015,0,40,3,0,2,1,6,38,8
319491,0,1015,0,40,3,0,2,1,6,26,8
319499,0,1015,0,40,2,0,2,1,6,23,8
319519,0,1015,0,40,3,0,2,1,6,26,8
319531,0,1015,0,40,2,0,2,1,6,28,8
319539,0,1015,0,40,3,0,2,1,6,28,8
319559,0,1015,0,40,2,0,2,1,6,75,8
319567,0,1015,0,40,3,0,2,1,6,34,8
319575,0,1015,0,40,3,0,2,1,6,47,8
319583,0,1015,0,40,3,0,2,1,6,40,8
319603,0,1015,0,40,2,0,2,1,6,24,8
319605,0,1015,0,40,3,0,2,1,6,34,8
319609,0,1015,0,40,2,0,2,1,6,97,8
319613,0,1015,0,40,3,0,2,1,6,49,8
319625,0,1015,0,40,3,0,2,1,6,43,8
319627,0,1015,0,40,2,0,2,1,6,50,8
319631,0,1015,0,40,2,0,2,1,6,26,8
319635,0,1015,0,40,3,0,2,1,6,74,8
319637,0,1015,0,40,3,0,2,1,6,39,8
319639,0,1015,0,40,3,0,2,1,6,12,8
319645,0,1015,0,40,2,0,2,1,6,80,8
319651,0,1015,0,40,2,0,2,1,6,49,8
319655,0,1015,0,40,2,0,2,1,6,43,8
319657,0,1015,0,40,2,0,2,1,6,23,8
319671,0,1015,0,40,3,0,2,1,6,57,8
319697,0,1015,0,40,2,0,2,1,6,42,8
319703,0,1015,0,40,3,0,2,1,6,58,8
319705,0,1015,0,40,3,0,2,1,6,37,8
319709,0,1015,0,40,3,0,2,1,6,20,8
319713,0,1015,0,40,3,0,2,1,6,30,8
319721,0,1015,0,40,3,0,2,1,6,50,8
319723,0,1015,0,40,3,0,2,1,6,72,8
319731,0,1015,0,40,3,0,2,1,6,40,8
319733,0,1015,0,40,2,0,2,1,6,32,8
319735,0,1015,0,40,3,0,2,1,6,53,8
319737,0,1015,0,40,3,0,2,1,6,25,8
319745,0,1015,0,40,2,0,2,1,6,17,8
319757,0,1015,0,40,3,0,2,1,6,63,8
319769,0,1015,0,40,3,0,2,1,6,39,8
319773,0,1015,0,40,2,0,2,1,6,9,8
319777,0,1015,0,40,2,0,2,1,6,24,8
319779,0,1015,0,40,3,0,2,1,6,22,8
319787,0,1015,0,40,3,0,2,1,6,35,8
319795,0,1015,0,40,2,0,2,1,6,48,8
319797,0,1015,0,40,3,0,2,1,6,53,8
319811,0,1015,0,40,2,0,2,1,6,73,8
319813,0,1015,0,40,3,0,2,1,6,59,8
319815,0,1015,0,40,3,0,2,1,6,41,8
296480,0,1015,0,40,2,5,2,1,30,36,8
306619,0,1015,0,40,2,3,2,1,24,36,8
294112,0,1015,0,40,2,5,2,1,35,51,8
313321,0,1015,0,40,2,1,2,1,15,41,8
294036,0,1015,0,40,2,4,2,1,45,69,8
297544,0,1015,0,40,3,6,2,1,33,43,8
295651,0,1015,0,40,3,6,2,1,35,36,8
263668,0,1015,0,40,2,13,2,1,72,30,8
247590,0,1015,0,40,2,13,2,1,82,28,8
307183,0,1015,0,40,3,2,2,1,25,45,8
307945,0,1015,0,40,2,4,2,1,18,32,8
251106,0,1015,0,40,3,13,2,1,77,58,8
316204,0,1015,0,40,2,1,2,1,7,29,8
296144,0,1015,0,40,3,8,2,1,28,91,8
305492,0,1015,0,40,3,3,2,1,35,39,8
278666,0,1015,0,40,3,8,2,1,44,23,8
311053,0,1015,0,40,3,2,2,1,15,41,8
299786,0,1015,0,40,3,4,2,1,35,60,8
305174,0,1015,0,40,2,2,2,1,26,49,8
312688,0,1015,0,40,3,3,2,1,17,69,8
286978,0,1015,0,40,2,7,2,1,47,37,8
309361,0,1015,0,40,2,3,2,1,20,65,8
274404,0,1015,0,40,2,10,2,1,47,35,8
294405,0,1015,0,40,2,5,2,1,44,44,8
304971,0,1015,0,40,3,4,2,1,23,39,8
296229,0,1015,0,40,3,3,2,1,47,55,8
268691,0,1015,0,40,3,12,2,1,50,19,8
312080,0,1015,0,40,3,1,2,1,22,26,8
289568,0,1015,0,40,2,8,2,1,45,49,8
307991,0,1015,0,40,2,4,2,1,20,52,8
300458,0,1015,0,40,2,3,2,1,42,99,8
314604,0,1015,0,40,2,1,2,1,12,107,8
302506,0,1015,0,40,2,4,2,1,22,38,8
315860,0,1015,0,40,2,1,2,1,11,46,8
291215,0,1015,0,40,2,5,2,1,48,15,8
302376,0,1015,0,40,2,4,2,1,25,40,8
314424,0,1015,0,40,3,2,2,1,10,61,8
316646,0,1015,0,40,2,1,2,1,9,33,8
314174,0,1015,0,40,2,2,2,1,10,40,8
312050,0,1015,0,40,3,2,2,1,10,38,8
299593,0,1015,0,40,3,6,2,1,29,27,8
267264,0,1015,0,40,3,11,2,1,66,26,8
315276,0,1015,0,40,3,2,2,1,8,37,8
296459,0,1015,0,40,3,6,2,1,30,20,8
291231,0,1015,0,40,2,7,2,1,29,54,8
315837,0,1015,0,40,2,2,2,1,11,67,8
242889,0,1015,0,40,2,16,2,1,102,40,8
267488,0,1015,0,40,3,8,2,1,75,79,8
252098,0,1015,0,40,3,12,2,1,97,39,8
295436,0,1015,0,40,3,6,2,1,34,98,8
251656,0,1015,0,40,2,12,2,1,81,38,8
280467,0,1015,0,40,3,6,2,1,63,33,8
310176,0,1015,0,40,3,4,2,1,19,32,8
305758,0,1015,0,40,3,3,2,1,24,58,8
248219,0,1015,0,40,3,14,2,1,98,29,8
271582,0,1015,0,40,2,9,2,1,61,32,8
315535,0,1015,0,40,3,2,2,1,13,55,8
287401,0,1015,0,40,2,6,2,1,53,62,8
308456,0,1015,0,40,2,4,2,1,20,55,8
266384,0,1015,0,40,2,12,2,1,67,45,8
315226,0,1015,0,40,2,1,2,1,11,46,8
291855,0,1015,0,40,2,4,2,1,44,17,8
303638,0,1015,0,40,3,4,2,1,33,21,8
316432,0,1015,0,40,2,1,2,1,10,43,8
307582,0,1015,0,40,2,2,2,1,31,50,8
315662,0,1015,0,40,2,1,2,1,9,20,8
310186,0,1015,0,40,2,3,2,1,17,45,8
309970,0,1015,0,40,2,2,2,1,23,24,8
313355,0,1015,0,40,3,2,2,1,11,71,8
315501,0,1015,0,40,2,2,2,1,11,43,8
313225,0,1015,0,40,2,2,2,1,12,74,8
308288,0,1015,0,40,2,2,2,1,26,80,8
293593,0,1015,0,40,2,8,2,1,41,58,8
282807,1,1015,934,40,3,10,2,1,41,69,8
281558,0,1015,0,40,2,9,2,1,61,27,8
317230,0,1015,0,40,3,1,2,1,7,72,8
302417,0,1015,0,40,3,4,2,1,23,47,8
297116,0,1015,0,40,2,5,2,1,38,76,8
301586,0,1015,0,40,2,5,2,1,21,115,8
299506,0,1015,0,40,3,8,2,1,21,36,8
290772,0,1015,0,40,3,7,2,1,39,51,8
313818,0,1015,0,40,3,3,2,1,12,54,8
295194,0,1015,0,40,2,4,2,1,52,47,8
312403,0,1015,0,40,2,1,2,1,24,24,8
312731,0,1015,0,40,3,1,2,1,22,24,8
314036,0,1015,0,40,2,1,2,1,17,63,8
305512,0,1015,0,40,3,3,2,1,35,25,8
311783,0,1015,0,40,3,2,2,1,22,66,8
249100,0,1015,0,40,2,15,2,1,86,29,8
314636,0,1015,0,40,3,1,2,1,14,14,8
302710,0,1015,0,40,2,4,2,1,24,59,8
310636,0,1015,0,40,2,3,2,1,20,49,8
312610,0,1015,0,40,3,2,2,1,17,29,8
216539,0,1015,0,40,2,20,2,1,112,70,8
242302,0,1015,0,40,2,17,2,1,84,25,8
290743,0,1015,0,40,3,7,2,1,46,38,8
265980,0,1015,0,40,3,11,2,1,63,43,8
261907,0,1015,0,40,2,13,2,1,68,32,8
315374,0,1015,0,40,2,2,2,1,12,47,8
317007,0,1015,0,40,2,1,2,1,10,31,8
287018,0,1015,0,40,3,6,2,1,42,85,8
299760,0,1015,0,40,2,5,2,1,32,39,8
315840,0,1015,0,40,2,2,2,1,10,53,8
315488,0,1015,0,40,2,2,2,1,12,34,8
317097,0,1015,0,40,2,1,2,1,9,67,8
317167,0,1015,0,40,2,1,2,1,9,42,8
250052,0,1015,0,40,3,12,2,1,93,46,8
316403,0,1015,0,40,2,2,2,1,9,55,8
224577,0,1015,0,40,2,10,2,1,130,27,8
306913,0,1015,0,40,3,6,2,1,21,59,8
284536,0,1015,0,40,3,6,2,1,62,33,8
317070,0,1015,0,40,3,1,2,1,8,59,8
309888,0,1015,0,40,3,3,2,1,12,49,8
235097,0,1015,0,40,3,13,2,1,118,24,8
292897,0,1015,0,40,2,5,2,1,44,56,8
299308,0,1015,0,40,3,6,2,1,29,35,8
254210,0,1015,0,40,3,11,2,1,80,35,8
301700,0,1015,0,40,2,6,2,1,25,25,8
303720,0,1015,0,40,3,5,2,1,23,52,8
240391,0,1015,0,40,3,16,2,1,92,23,8
301824,0,1015,0,40,3,6,2,1,29,35,8
317697,0,1015,0,40,2,1,2,1,7,27,8
317797,0,1015,0,40,2,1,2,1,7,21,8
305532,0,1015,0,40,3,4,2,1,26,14,8
285973,0,1015,0,40,3,6,2,1,52,38,8
308472,0,1015,0,40,2,4,2,1,19,69,8
298925,0,1015,0,40,2,5,2,1,25,31,8
282767,0,1015,0,40,3,12,2,1,40,22,8
281232,0,1015,0,40,3,8,2,1,51,72,8
274279,0,1015,0,40,2,6,2,1,77,40,8
312420,0,1015,0,40,2,3,2,1,10,35,8
316072,0,1015,0,40,3,2,2,1,10,23,8
306346,0,1015,0,40,2,4,2,1,27,28,8
317441,0,1015,0,40,2,1,2,1,6,62,8
317969,0,1015,0,40,3,1,2,1,6,33,8
318195,0,1015,0,40,2,1,2,1,6,30,8
310872,0,1015,0,40,2,2,2,1,27,119,8
310603,0,1015,0,40,3,2,2,1,27,24,8
300618,0,1015,0,40,3,3,2,1,46,29,8
275250,0,1015,0,40,3,10,2,1,68,25,8
283359,0,1015,0,40,3,7,2,1,54,44,8
287876,0,1015,0,40,2,4,2,1,59,52,8
301955,0,1015,0,40,3,4,2,1,33,59,8
313788,0,1015,0,40,3,1,2,1,19,20,8
298426,0,1015,0,40,3,6,2,1,30,39,8
314228,0,1015,0,40,2,1,2,1,18,50,8
278853,0,1015,0,40,3,10,2,1,52,30,8
311981,0,1015,0,40,3,2,2,1,22,39,8
228651,0,1015,0,40,3,16,2,1,118,113,8
305405,0,1015,0,40,3,3,2,1,24,43,8
315336,0,1015,0,40,2,1,2,1,15,60,8
315791,0,1015,0,40,2,1,2,1,15,24,8
314298,0,1015,0,40,3,2,2,1,15,37,8
287329,0,1015,0,40,2,7,2,1,43,46,8
296856,0,1015,0,40,2,8,2,1,34,49,8
303970,1,1015,978,40,3,5,2,1,25,77,8
312899,0,1015,0,40,2,2,2,1,15,74,8
306896,0,1015,0,40,3,4,2,1,22,19,8
296290,0,1015,0,40,2,4,2,1,46,41,8
294912,0,1015,0,40,3,7,2,1,37,68,8
316252,0,1015,0,40,2,1,2,1,12,56,8
316644,0,1015,0,40,3,1,2,1,12,53,8
295737,0,1015,0,40,3,6,2,1,35,35,8
316230,0,1015,0,40,3,1,2,1,11,70,8
316763,0,1015,0,40,2,1,2,1,11,39,8
278067,0,1015,0,40,3,8,2,1,51,32,8
314553,0,1015,0,40,3,2,2,1,12,41,8
315557,0,1015,0,40,2,2,2,1,15,63,8
313629,0,1015,0,40,3,2,2,1,13,116,8
313399,0,1015,0,40,3,2,2,1,13,38,8
297195,0,1015,0,40,3,4,2,1,42,33,8
294255,0,1015,0,40,3,7,2,1,36,29,8
313772,0,1015,0,40,2,2,2,1,16,71,8
309622,0,1015,0,40,2,4,2,1,18,82,8
317458,0,1015,0,40,2,1,2,1,9,82,8
295145,0,1015,0,40,2,6,2,1,35,42,8
298139,0,1015,0,40,3,4,2,1,40,28,8
304141,0,1015,0,40,2,5,2,1,17,93,8
304580,0,1015,0,40,3,4,2,1,29,55,8
267319,0,1015,0,40,3,10,2,1,72,29,8
302928,0,1015,0,40,2,5,2,1,31,53,8
317657,0,1015,0,40,2,1,2,1,8,41,8
317775,0,1015,0,40,2,1,2,1,8,28,8
239019,0,1015,0,40,2,16,2,1,88,25,8
288837,0,1015,0,40,2,8,2,1,47,15,8
316049,0,1015,0,40,2,2,2,1,9,66,8
315980,0,1015,0,40,2,2,2,1,9,34,8
314012,0,1015,0,40,3,2,2,1,15,67,8
296093,0,1015,0,40,2,7,2,1,32,48,8
270754,0,1015,0,40,2,10,2,1,56,38,8
312165,0,1015,0,40,3,3,2,1,15,33,8
310103,0,1015,0,40,3,3,2,1,13,20,8
306366,0,1015,0,40,2,2,2,1,31,26,8
307379,0,1015,0,40,2,3,2,1,24,20,8
300231,0,1015,0,40,3,6,2,1,33,59,8
309961,0,1015,0,40,3,3,2,1,20,43,8
315635,0,1015,0,40,2,2,2,1,11,43,8
315963,0,1015,0,40,3,2,2,1,10,23,8
314330,0,1015,0,40,3,2,2,1,16,27,8
312346,0,1015,0,40,2,4,2,1,12,27,8
287428,0,1015,0,40,2,8,2,1,46,28,8
265572,0,1015,0,40,3,13,2,1,57,54,8
314866,0,1015,0,40,2,3,2,1,11,35,8
318401,0,1015,0,40,3,1,2,1,6,68,8
270612,0,1015,0,40,2,10,2,1,68,47,8
229486,1,1015,978,40,2,15,2,1,105,106,8
297575,0,1015,0,40,2,4,2,1,38,29,8
230612,0,1015,0,40,3,11,2,1,144,81,8
222483,0,1015,0,40,2,16,2,1,85,36,8
309526,0,1015,0,40,3,3,2,1,21,28,8
310989,0,1015,0,40,2,2,2,1,23,15,8
298943,0,1015,0,40,2,6,2,1,32,29,8
273141,0,1015,0,40,3,9,2,1,70,53,8
312992,0,1015,0,40,2,2,2,1,16,45,8
287966,0,1015,0,40,2,9,2,1,50,42,8
300619,0,1015,0,40,3,3,2,1,37,41,8
314899,0,1015,0,40,2,2,2,1,13,40,8
269571,0,1015,0,40,2,9,2,1,68,36,8
310533,0,1015,0,40,2,3,2,1,17,49,8
298700,0,1015,0,40,3,4,2,1,37,43,8
314370,0,1015,0,40,3,3,2,1,14,57,8
277487,0,1015,0,40,3,7,2,1,47,31,8
252158,0,1015,0,40,2,15,2,1,81,26,8
316735,0,1015,0,40,3,1,2,1,11,41,8
308290,0,1015,0,40,2,4,2,1,17,34,8
278712,0,1015,0,40,3,8,2,1,60,44,8
289557,0,1015,0,40,3,6,2,1,45,24,8
282120,0,1015,0,40,2,10,2,1,62,16,8
316990,0,1015,0,40,2,1,2,1,10,23,8
317602,0,1015,0,40,2,1,2,1,10,28,8
311532,0,1015,0,40,3,2,2,1,17,28,8
304401,0,1015,0,40,3,5,2,1,27,52,8
274067,0,1015,0,40,3,7,2,1,69,6,8
287359,0,1015,0,40,2,9,2,1,41,43,8
316181,0,1015,0,40,3,2,2,1,12,19,8
237357,0,1015,0,40,3,15,2,1,103,31,8
218701,1,1015,971,40,2,17,2,1,99,59,8
258488,0,1015,0,40,2,11,2,1,82,18,8
316938,0,1015,0,40,2,1,2,1,9,31,8
317659,0,1015,0,40,2,1,2,1,9,44,8
315215,0,1015,0,40,2,2,2,1,9,60,8
286745,0,1015,0,40,3,6,2,1,46,23,8
249451,0,1015,0,40,3,15,2,1,80,32,8
299208,0,1015,0,40,2,5,2,1,33,48,8
275041,0,1015,0,40,2,13,2,1,65,49,8
308478,0,1015,0,40,2,3,2,1,23,27,8
294877,1,1015,949,40,2,6,2,1,37,54,8
314119,0,1015,0,40,3,3,2,1,13,65,8
268251,0,1015,0,40,2,10,2,1,64,20,8
297605,0,1015,0,40,2,5,2,1,34,78,8
296463,0,1015,0,40,2,7,2,1,34,20,8
285750,0,1015,0,40,3,8,2,1,58,42,8
317534,0,1015,0,40,2,2,2,1,8,20,8
301502,0,1015,0,40,2,8,2,1,29,25,8
318323,0,1015,0,40,2,1,2,1,7,25,8
313589,0,1015,0,40,3,3,2,1,11,59,8
223710,0,1015,0,40,3,18,2,1,96,48,8
248035,0,1015,0,40,3,12,2,1,86,61,8
317229,0,1015,0,40,3,2,2,1,7,29,8
311639,0,1015,0,40,2,4,2,1,16,40,8
316553,0,1015,0,40,3,2,2,1,11,40,8
317780,0,1015,0,40,3,1,2,1,6,30,8
318112,0,1015,0,40,2,1,2,1,6,42,8
221114,0,1015,0,40,3,12,2,1,114,24,8
311264,0,1015,0,40,2,2,2,1,22,103,8
307881,0,1015,0,40,3,3,2,1,24,36,8
295580,0,1015,0,40,2,7,2,1,48,28,8
272170,0,1015,0,40,2,9,2,1,59,26,8
307237,0,1015,0,40,3,3,2,1,28,97,8
295683,0,1015,0,40,2,8,2,1,45,55,8
265922,0,1015,0,40,3,11,2,1,60,41,8
315564,0,1015,0,40,3,1,2,1,17,83,8
272816,0,1015,0,40,2,9,2,1,70,30,8
309862,0,1015,0,40,3,3,2,1,28,41,8
306649,0,1015,0,40,2,4,2,1,31,28,8
278623,0,1015,0,40,2,8,2,1,76,14,8
291006,0,1015,0,40,2,7,2,1,46,34,8
315922,0,1015,0,40,2,1,2,1,14,53,8
309733,0,1015,0,40,3,4,2,1,23,28,8
274862,0,1015,0,40,3,9,2,1,73,39,8
244985,1,1015,885,40,2,13,2,1,96,65,8
288034,0,1015,0,40,3,7,2,1,51,68,8
315999,0,1015,0,40,3,2,2,1,13,47,8
309678,0,1015,0,40,2,3,2,1,20,49,8
314057,0,1015,0,40,3,2,2,1,15,69,8
243273,0,1015,0,40,2,14,2,1,91,55,8
304265,0,1015,0,40,2,6,2,1,30,49,8
317488,0,1015,0,40,2,1,2,1,11,51,8
312647,0,1015,0,40,2,2,2,1,19,49,8
268938,0,1015,0,40,3,12,2,1,70,36,8
296487,0,1015,0,40,3,7,2,1,37,122,8
290802,0,1015,0,40,3,8,2,1,37,19,8
315238,0,1015,0,40,2,2,2,1,14,65,8
307265,0,1015,0,40,2,4,2,1,24,31,8
315867,0,1015,0,40,3,2,2,1,11,21,8
305184,0,1015,0,40,3,4,2,1,33,114,8
289220,0,1015,0,40,2,8,2,1,44,122,8
317698,0,1015,0,40,3,1,2,1,9,19,8
278642,0,1015,0,40,3,7,2,1,52,90,8
247205,1,1015,876,40,3,12,2,1,99,23,8
310315,0,1015,0,40,3,4,2,1,13,82,8
304985,0,1015,0,40,3,6,2,1,21,44,8
309111,0,1015,0,40,2,3,2,1,26,40,8
316167,0,1015,0,40,3,2,2,1,13,11,8
290486,0,1015,0,40,2,8,2,1,41,73,8
239510,0,1015,0,40,3,16,2,1,105,30,8
317589,0,1015,0,40,3,1,2,1,8,25,8
318257,0,1015,0,40,3,1,2,1,8,28,8
318371,0,1015,0,40,3,1,2,1,8,63,8
318405,0,1015,0,40,3,1,2,1,8,52,8
220246,0,1015,0,40,3,20,2,1,72,49,8
257766,1,1015,893,40,3,12,2,1,79,31,8
273715,0,1015,0,40,2,9,2,1,56,26,8
313387,0,1015,0,40,3,3,2,1,11,37,8
292474,0,1015,0,40,2,7,2,1,38,55,8
314709,0,1015,0,40,3,3,2,1,12,43,8
287624,0,1015,0,40,3,8,2,1,43,19,8
240491,0,1015,0,40,3,19,2,1,96,95,8
276156,0,1015,0,40,2,11,2,1,54,20,8
249264,0,1015,0,40,2,14,2,1,94,55,8
317724,0,1015,0,40,2,1,2,1,7,30,8
313243,0,1015,0,40,3,2,2,1,10,17,8
284819,0,1015,0,40,2,9,2,1,45,73,8
295455,0,1015,0,40,3,7,2,1,42,20,8
313723,0,1015,0,40,2,2,2,1,17,34,8
309743,0,1015,0,40,2,4,2,1,18,27,8
272411,0,1015,0,40,3,11,2,1,50,60,8
289581,0,1015,0,40,2,6,2,1,49,39,8
295612,0,1015,0,40,2,8,2,1,37,28,8
292372,0,1015,0,40,3,7,2,1,50,33,8
277689,0,1015,0,40,3,11,2,1,67,60,8
317868,0,1015,0,40,2,1,2,1,6,88,8
318108,0,1015,0,40,3,1,2,1,6,47,8
318755,0,1015,0,40,3,1,2,1,6,47,8
318905,0,1015,0,40,3,1,2,1,6,35,8
319025,0,1015,0,40,2,1,2,1,6,53,8
253156,0,1015,0,40,3,8,2,1,96,20,8
230547,0,1015,0,40,3,15,2,1,134,33,8
307128,0,1015,0,40,3,3,2,1,31,51,8
299876,0,1015,0,40,2,6,2,1,37,65,8
293989,0,1015,0,40,3,8,2,1,42,21,8
310116,0,1015,0,40,3,5,2,1,23,20,8
237058,1,1015,909,40,2,17,2,1,89,31,8
305615,0,1015,0,40,3,5,2,1,33,42,8
275198,0,1015,0,40,2,13,2,1,65,66,8
314018,0,1015,0,40,3,2,2,1,18,80,8
307487,0,1015,0,40,2,4,2,1,22,38,8
315475,0,1015,0,40,3,2,2,1,16,57,8
314559,0,1015,0,40,3,2,2,1,14,41,8
312220,0,1015,0,40,3,3,2,1,23,92,8
307275,0,1015,0,40,3,3,2,1,28,47,8
317574,0,1015,0,40,2,1,2,1,12,47,8
263490,0,1015,0,40,3,13,2,1,79,13,8
315799,0,1015,0,40,2,2,2,1,13,49,8
313898,0,1015,0,40,2,2,2,1,19,67,8
315889,0,1015,0,40,2,2,2,1,14,57,8
307930,0,1015,0,40,2,4,2,1,19,97,8
271409,0,1015,0,40,3,12,2,1,58,21,8
286707,0,1015,0,40,3,8,2,1,60,61,8
296017,0,1015,0,40,2,5,2,1,47,31,8
295860,0,1015,0,40,2,6,2,1,29,44,8
313511,0,1015,0,40,3,3,2,1,17,25,8
249209,0,1015,0,40,2,11,2,1,85,41,8
305190,0,1015,0,40,2,5,2,1,29,52,8
305002,0,1015,0,40,2,3,2,1,42,56,8
295739,0,1015,0,40,2,5,2,1,42,38,8
305627,0,1015,0,40,2,6,2,1,23,54,8
316266,0,1015,0,40,2,2,2,1,9,24,8
308223,0,1015,0,40,3,4,2,1,31,37,8
318530,0,1015,0,40,3,1,2,1,8,40,8
318658,0,1015,0,40,3,1,2,1,8,36,8
314184,0,1015,0,40,2,2,2,1,9,28,8
299500,0,1015,0,40,2,6,2,1,29,55,8
317313,0,1015,0,40,2,2,2,1,8,53,8
289439,0,1015,0,40,3,8,2,1,48,45,8
239386,0,1015,0,40,3,18,2,1,98,40,8
249441,0,1015,0,40,2,18,2,1,73,34,8
248858,0,1015,0,40,3,19,2,1,79,76,8
311636,0,1015,0,40,2,6,2,1,15,47,8
291031,0,1015,0,40,2,9,2,1,31,36,8
316283,0,1015,0,40,2,2,2,1,11,98,8
311161,0,1015,0,40,2,4,2,1,21,59,8
307574,0,1015,0,40,2,6,2,1,21,48,8
229158,0,1015,0,40,2,20,2,1,116,66,8
318191,0,1015,0,40,3,2,2,1,8,77,8
315261,0,1015,0,40,3,3,2,1,16,65,8
318856,0,1015,0,40,3,1,2,1,6,61,8
319062,0,1015,0,40,2,1,2,1,6,23,8
319174,0,1015,0,40,3,1,2,1,6,23,8
319256,0,1015,0,40,3,1,2,1,6,58,8
315573,0,1015,0,40,3,1,2,1,20,20,8
275127,0,1015,0,40,3,8,2,1,61,42,8
310333,0,1015,0,40,3,3,2,1,21,37,8
276350,1,1015,935,40,3,11,2,1,60,51,8
270357,0,1015,0,40,3,11,2,1,68,32,8
306602,0,1015,0,40,2,5,2,1,27,66,8
317020,0,1015,0,40,3,1,2,1,14,55,8
260648,0,1015,0,40,3,15,2,1,70,64,8
278984,0,1015,0,40,2,7,2,1,64,91,8
308882,0,1015,0,40,2,4,2,1,23,79,8
318214,0,1015,0,40,3,1,2,1,10,55,8
289546,0,1015,0,40,2,6,2,1,48,35,8
304343,0,1015,0,40,3,5,2,1,25,27,8
306956,0,1015,0,40,2,3,2,1,20,25,8
237949,0,1015,0,40,2,16,2,1,96,73,8
317932,0,1015,0,40,3,1,2,1,8,20,8
315647,0,1015,0,40,3,3,2,1,11,51,8
307338,0,1015,0,40,2,4,2,1,25,43,8
229037,0,1015,0,40,3,15,2,1,140,99,8
314148,0,1015,0,40,2,3,2,1,13,27,8
303467,0,1015,0,40,3,6,2,1,20,54,8
302566,0,1015,0,40,2,5,2,1,37,28,8
240958,0,1015,0,40,3,15,2,1,108,65,8
316164,0,1015,0,40,3,2,2,1,15,41,8
319438,0,1015,0,40,3,1,2,1,6,10,8
317005,0,1015,0,40,3,2,2,1,10,18,8
303498,0,1015,0,40,2,4,2,1,38,62,8
316576,0,1015,0,40,2,3,2,1,13,41,8
275956,0,1015,0,40,2,10,2,1,48,31,8
307845,0,1015,0,40,2,2,2,1,33,41,8
287600,0,1015,0,40,3,6,2,1,54,16,8
318196,0,1015,0,40,2,0,2,1,5,34,8
318402,0,1015,0,40,3,0,2,1,5,49,8
318537,0,1015,0,40,3,0,2,1,5,88,8
318633,0,1015,0,40,3,0,2,1,5,27,8
318750,0,1015,0,40,3,0,2,1,5,50,8
318782,0,1015,0,40,3,0,2,1,5,81,8
318846,0,1015,0,40,3,0,2,1,5,29,8
319022,0,1015,0,40,2,0,2,1,5,55,8
319037,0,1015,0,40,2,0,2,1,5,42,8
319117,0,1015,0,40,3,0,2,1,5,44,8
319229,0,1015,0,40,2,0,2,1,5,50,8
319245,0,1015,0,40,2,0,2,1,5,49,8
319293,0,1015,0,40,3,0,2,1,5,58,8
319325,0,1015,0,40,2,0,2,1,5,43,8
319333,0,1015,0,40,2,0,2,1,5,62,8
319373,0,1015,0,40,2,0,2,1,5,31,8
319381,0,1015,0,40,3,0,2,1,5,48,8
319413,0,1015,0,40,2,0,2,1,5,37,8
319445,0,1015,0,40,3,0,2,1,5,39,8
319473,0,1015,0,40,3,0,2,1,5,52,8
319497,0,1015,0,40,2,0,2,1,5,60,8
319521,0,1015,0,40,2,0,2,1,5,51,8
319569,0,1015,0,40,3,0,2,1,5,54,8
319577,0,1015,0,40,3,0,2,1,5,42,8
319593,0,1015,0,40,3,0,2,1,5,31,8
319600,0,1015,0,40,2,0,2,1,5,62,8
319604,0,1015,0,40,3,0,2,1,5,35,8
319608,0,1015,0,40,3,0,2,1,5,50,8
319632,0,1015,0,40,2,0,2,1,5,79,8
319636,0,1015,0,40,3,0,2,1,5,55,8
319644,0,1015,0,40,3,0,2,1,5,31,8
319660,0,1015,0,40,3,0,2,1,5,53,8
319668,0,1015,0,40,2,0,2,1,5,57,8
319672,0,1015,0,40,2,0,2,1,5,19,8
319676,0,1015,0,40,3,0,2,1,5,25,8
319680,0,1015,0,40,2,0,2,1,5,27,8
319688,0,1015,0,40,2,0,2,1,5,47,8
319696,0,1015,0,40,3,0,2,1,5,31,8
319708,0,1015,0,40,2,0,2,1,5,28,8
319716,0,1015,0,40,2,0,2,1,5,22,8
319720,0,1015,0,40,3,0,2,1,5,31,8
319736,0,1015,0,40,2,0,2,1,5,31,8
319740,0,1015,0,40,3,0,2,1,5,17,8
319756,0,1015,0,40,3,0,2,1,5,41,8
319764,0,1015,0,40,3,0,2,1,5,51,8
319768,0,1015,0,40,3,0,2,1,5,21,8
319772,0,1015,0,40,3,0,2,1,5,30,8
319800,0,1015,0,40,2,0,2,1,5,47,8
319816,0,1015,0,40,2,0,2,1,5,37,8
319823,0,1015,0,40,2,0,2,1,5,88,8
319829,0,1015,0,40,3,0,2,1,5,38,8
319833,0,1015,0,40,2,0,2,1,5,59,8
319839,0,1015,0,40,3,0,2,1,5,43,8
319847,0,1015,0,40,2,0,2,1,5,32,8
319849,0,1015,0,40,2,0,2,1,5,40,8
319853,0,1015,0,40,2,0,2,1,5,25,8
319859,0,1015,0,40,3,0,2,1,5,38,8
319861,0,1015,0,40,2,0,2,1,5,71,8
319863,0,1015,0,40,3,0,2,1,5,32,8
319865,0,1015,0,40,3,0,2,1,5,28,8
319867,0,1015,0,40,3,0,2,1,5,24,8
319871,0,1015,0,40,2,0,2,1,5,40,8
319875,0,1015,0,40,3,0,2,1,5,49,8
319881,0,1015,0,40,2,0,2,1,5,46,8
319891,0,1015,0,40,3,0,2,1,5,61,8
319897,0,1015,0,40,2,0,2,1,5,31,8
319901,0,1015,0,40,2,0,2,1,5,18,8
319905,0,1015,0,40,2,0,2,1,5,22,8
319907,0,1015,0,40,3,0,2,1,5,30,8
319913,0,1015,0,40,2,0,2,1,5,50,8
319917,0,1015,0,40,2,0,2,1,5,84,8
319921,0,1015,0,40,3,0,2,1,5,88,8
319925,0,1015,0,40,3,0,2,1,5,37,8
319927,0,1015,0,40,2,0,2,1,5,46,8
319937,0,1015,0,40,3,0,2,1,5,59,8
319939,0,1015,0,40,2,0,2,1,5,23,8
319945,0,1015,0,40,2,0,2,1,5,18,8
319947,0,1015,0,40,3,0,2,1,5,71,8
319949,0,1015,0,40,3,0,2,1,5,22,8
319951,0,1015,0,40,2,0,2,1,5,55,8
319955,0,1015,0,40,3,0,2,1,5,47,8
319957,0,1015,0,40,3,0,2,1,5,41,8
319959,0,1015,0,40,3,0,2,1,5,21,8
319965,0,1015,0,40,2,0,2,1,5,55,8
319969,0,1015,0,40,2,0,2,1,5,33,8
319979,0,1015,0,40,2,0,2,1,5,80,8
319981,0,1015,0,40,2,0,2,1,5,38,8
319983,0,1015,0,40,3,0,2,1,5,38,8
319995,0,1015,0,40,3,0,2,1,5,72,8
320003,0,1015,0,40,3,0,2,1,5,39,8
320005,0,1015,0,40,3,0,2,1,5,55,8
320007,0,1015,0,40,3,0,2,1,5,30,8
320011,0,1015,0,40,2,0,2,1,5,66,8
320013,0,1015,0,40,2,0,2,1,5,38,8
320021,0,1015,0,40,2,0,2,1,5,35,8
320023,0,1015,0,40,3,0,2,1,5,37,8
320033,0,1015,0,40,3,0,2,1,5,44,8
305996,0,1015,0,40,2,3,2,1,21,19,8
290307,0,1015,0,40,3,6,2,1,39,83,8
315919,0,1015,0,40,3,1,2,1,5,44,8
313169,0,1015,0,40,2,1,2,1,16,9,8
306309,0,1015,0,40,3,3,2,1,27,53,8
310646,0,1015,0,40,3,3,2,1,20,42,8
296627,0,1015,0,40,3,6,2,1,32,43,8
248227,0,1015,0,40,2,13,2,1,89,54,8
256785,0,1015,0,40,3,16,2,1,58,38,8
298247,0,1015,0,40,3,3,2,1,43,45,8
274955,0,1015,0,40,3,7,2,1,64,54,8
269894,0,1015,0,40,3,8,2,1,70,68,8
284977,0,1015,0,40,3,7,2,1,36,59,8
270689,0,1015,0,40,3,10,2,1,53,80,8
316311,0,1015,0,40,2,1,2,1,8,37,8
296047,0,1015,0,40,3,6,2,1,39,42,8
277051,0,1015,0,40,2,8,2,1,49,29,8
249835,0,1015,0,40,3,13,2,1,77,26,8
316234,0,1015,0,40,2,1,2,1,5,69,8
288375,1,1015,949,40,3,7,2,1,47,51,8
256279,0,1015,0,40,2,12,2,1,72,80,8
283668,0,1015,0,40,3,6,2,1,60,32,8
296667,0,1015,0,40,3,4,2,1,32,28,8
264943,0,1015,0,40,3,10,2,1,65,51,8
267215,0,1015,0,40,3,8,2,1,69,60,8
308627,0,1015,0,40,3,3,2,1,16,28,8
310562,0,1015,0,40,2,3,2,1,12,57,8
306951,0,1015,0,40,2,3,2,1,23,41,8
301584,0,1015,0,40,2,4,2,1,23,24,8
312387,0,1015,0,40,2,2,2,1,15,40,8
307091,0,1015,0,40,2,4,2,1,11,36,8
296390,0,1015,0,40,2,7,2,1,23,23,8
282739,0,1015,0,40,3,10,2,1,43,52,8
311140,0,1015,0,40,2,4,2,1,16,42,8
309259,0,1015,0,40,2,1,2,1,29,30,8
276216,0,1015,0,40,2,8,2,1,60,50,8
313456,0,1015,0,40,3,1,2,1,19,34,8
228568,0,1015,0,40,3,19,2,1,115,39,8
278986,0,1015,0,40,2,11,2,1,56,26,8
309643,0,1015,0,40,2,3,2,1,23,38,8
315524,0,1015,0,40,3,1,2,1,12,70,8
290832,0,1015,0,40,2,6,2,1,40,30,8
256818,0,1015,0,40,2,11,2,1,85,17,8
307680,0,1015,0,40,2,4,2,1,25,35,8
273972,0,1015,0,40,3,9,2,1,65,29,8
292613,0,1015,0,40,2,7,2,1,28,56,8
233342,0,1015,0,40,3,15,2,1,109,68,8
307111,0,1015,0,40,3,3,2,1,25,63,8
313740,0,1015,0,40,3,2,2,1,13,32,8
316839,0,1015,0,40,2,1,2,1,8,35,8
212126,1,1015,884,40,2,19,2,1,116,63,8
314687,0,1015,0,40,2,2,2,1,9,22,8
296932,0,1015,0,40,3,7,2,1,35,52,8
314230,0,1015,0,40,2,3,2,1,11,60,8
271537,0,1015,0,40,3,10,2,1,45,35,8
293350,0,1015,0,40,3,7,2,1,36,31,8
303111,0,1015,0,40,3,4,2,1,28,54,8
295880,0,1015,0,40,2,5,2,1,41,48,8
309780,0,1015,0,40,2,4,2,1,14,34,8
260641,0,1015,0,40,2,11,2,1,75,47,8
287419,0,1015,0,40,3,8,2,1,34,12,8
287881,0,1015,0,40,3,8,2,1,49,31,8
263433,0,1015,0,40,3,5,2,1,101,41,8
301872,0,1015,0,40,2,3,2,1,39,69,8
280441,0,1015,0,40,3,9,2,1,50,58,8
306080,0,1015,0,40,3,3,2,1,23,43,8
270453,0,1015,0,40,3,6,2,1,78,36,8
302993,0,1015,0,40,2,4,2,1,29,39,8
300142,0,1015,0,40,2,6,2,1,35,47,8
281888,0,1015,0,40,3,8,2,1,49,39,8
314806,0,1015,0,40,3,1,2,1,15,65,8
261990,0,1015,0,40,3,10,2,1,78,30,8
315487,0,1015,0,40,3,1,2,1,14,41,8
313949,0,1015,0,40,3,2,2,1,14,53,8
297636,0,1015,0,40,3,4,2,1,37,20,8
311520,0,1015,0,40,3,2,2,1,20,46,8
296591,0,1015,0,40,3,4,2,1,49,52,8
316377,0,1015,0,40,2,1,2,1,11,44,8
314407,0,1015,0,40,2,2,2,1,12,70,8
312747,0,1015,0,40,2,2,2,1,18,52,8
316364,0,1015,0,40,3,1,2,1,10,47,8
285627,0,1015,0,40,3,9,2,1,41,35,8
300918,0,1015,0,40,3,6,2,1,34,20,8
301381,0,1015,0,40,2,4,2,1,30,63,8
316999,0,1015,0,40,2,1,2,1,9,37,8
285190,0,1015,0,40,2,8,2,1,51,52,8
317113,0,1015,0,40,2,1,2,1,8,22,8
296618,0,1015,0,40,3,6,2,1,39,25,8
307906,0,1015,0,40,2,3,2,1,28,13,8
306999,0,1015,0,40,3,4,2,1,24,72,8
285909,0,1015,0,40,3,7,2,1,51,28,8
316491,0,1015,0,40,2,1,2,1,7,81,8
317338,0,1015,0,40,2,1,2,1,7,34,8
317614,0,1015,0,40,3,1,2,1,7,38,8
281730,0,1015,0,40,2,6,2,1,63,34,8
299575,0,1015,0,40,2,4,2,1,36,48,8
229622,0,1015,0,40,3,18,2,1,111,38,8
309454,0,1015,0,40,2,4,2,1,21,49,8
317745,0,1015,0,40,3,1,2,1,6,54,8
314801,0,1015,0,40,3,3,2,1,9,35,8
312467,0,1015,0,40,3,3,2,1,14,28,8
315779,0,1015,0,40,2,2,2,1,10,43,8
316267,0,1015,0,40,2,2,2,1,8,44,8
317662,0,1015,0,40,3,1,2,1,5,43,8
220552,0,1015,0,40,2,9,2,1,74,47,8
298418,0,1015,0,40,3,5,2,1,38,42,8
302534,0,1015,0,40,2,4,2,1,34,13,8
309365,0,1015,0,40,3,2,2,1,25,63,8
302206,0,1015,0,40,3,4,2,1,32,49,8
315745,0,1015,0,40,2,1,2,1,14,51,8
296888,0,1015,0,40,3,6,2,1,42,78,8
275851,0,1015,0,40,2,10,2,1,51,25,8
298356,0,1015,0,40,2,6,2,1,24,14,8
315092,0,1015,0,40,2,2,2,1,13,40,8
315722,0,1015,0,40,3,1,2,1,12,17,8
308315,0,1015,0,40,2,3,2,1,22,27,8
270084,0,1015,0,40,3,8,2,1,81,30,8
316494,0,1015,0,40,3,1,2,1,11,65,8
215457,0,1015,0,40,2,18,2,1,120,33,8
217177,0,1015,0,40,3,24,2,1,140,53,8
314558,0,1015,0,40,3,2,2,1,16,26,8
296476,0,1015,0,40,2,5,2,1,36,56,8
237852,0,1015,0,40,3,17,2,1,87,36,8
316928,0,1015,0,40,2,1,2,1,9,25,8
279085,0,1015,0,40,2,10,2,1,52,54,8
314894,0,1015,0,40,2,2,2,1,10,40,8
315004,0,1015,0,40,3,2,2,1,10,76,8
264459,1,1015,928,40,2,14,2,1,68,40,8
303292,0,1015,0,40,3,5,2,1,30,20,8
316838,0,1015,0,40,3,1,2,1,8,46,8
317580,0,1015,0,40,3,1,2,1,8,36,8
313121,0,1015,0,40,2,2,2,1,12,38,8
306630,0,1015,0,40,2,4,2,1,26,69,8
263749,0,1015,0,40,3,10,2,1,72,39,8
298214,0,1015,0,40,2,6,2,1,34,31,8
293246,0,1015,0,40,3,6,2,1,45,34,8
275781,0,1015,0,40,3,10,2,1,54,58,8
316858,0,1015,0,40,2,1,2,1,7,45,8
317747,0,1015,0,40,3,1,2,1,7,26,8
306715,0,1015,0,40,2,4,2,1,21,32,8
307603,0,1015,0,40,2,3,2,1,21,62,8
301215,0,1015,0,40,3,6,2,1,31,40,8
314112,0,1015,0,40,3,2,2,1,12,49,8
315134,0,1015,0,40,2,2,2,1,10,23,8
300603,0,1015,0,40,2,7,2,1,31,78,8
313302,0,1015,0,40,3,3,2,1,15,77,8
317625,0,1015,0,40,2,1,2,1,6,67,8
318177,0,1015,0,40,2,1,2,1,6,35,8
257475,0,1015,0,40,2,12,2,1,78,44,8
312466,0,1015,0,40,2,2,2,1,14,30,8
278929,0,1015,0,40,2,10,2,1,36,50,8
300977,0,1015,0,40,3,5,2,1,29,31,8
312341,0,1015,0,40,3,4,2,1,14,24,8
315562,0,1015,0,40,3,2,2,1,8,53,8
293600,0,1015,0,40,3,8,2,1,28,87,8
316073,0,1015,0,40,3,2,2,1,10,50,8
312994,0,1015,0,40,2,2,2,1,16,47,8
313329,0,1015,0,40,3,3,2,1,14,32,8
315039,0,1015,0,40,2,3,2,1,13,41,8
317816,0,1015,0,40,3,1,2,1,5,70,8
318122,0,1015,0,40,2,1,2,1,5,28,8
318369,0,1015,0,40,3,1,2,1,5,83,8
300068,0,1015,0,40,3,3,2,1,44,50,8
308169,0,1015,0,40,2,2,2,1,30,29,8
311143,0,1015,0,40,2,2,2,1,25,20,8
293992,0,1015,0,40,2,6,2,1,41,9,8
289690,0,1015,0,40,2,7,2,1,44,27,8
305062,0,1015,0,40,2,3,2,1,35,40,8
267810,0,1015,0,40,2,10,2,1,64,33,8
314544,0,1015,0,40,2,1,2,1,19,23,8
313547,0,1015,0,40,2,1,2,1,18,78,8
314635,0,1015,0,40,3,1,2,1,18,48,8
273736,0,1015,0,40,2,10,2,1,58,42,8
311404,0,1015,0,40,2,2,2,1,21,47,8
315277,0,1015,0,40,2,1,2,1,16,26,8
229095,0,1015,0,40,3,18,2,1,118,17,8
308375,0,1015,0,40,2,4,2,1,20,24,8
308338,0,1015,0,40,2,3,2,1,26,73,8
302406,0,1015,0,40,2,5,2,1,38,54,8
292651,0,1015,0,40,2,5,2,1,42,24,8
306163,0,1015,0,40,2,4,2,1,32,39,8
315895,0,1015,0,40,3,1,2,1,14,31,8
229668,0,1015,0,40,2,15,2,1,119,41,8
315810,0,1015,0,40,2,1,2,1,13,60,8
292714,0,1015,0,40,2,7,2,1,44,41,8
309187,0,1015,0,40,2,3,2,1,26,58,8
255715,0,1015,0,40,2,12,2,1,85,53,8
272250,0,1015,0,40,3,10,2,1,53,11,8
290234,0,1015,0,40,2,7,2,1,41,32,8
228578,0,1015,0,40,2,22,2,1,101,58,8
271592,1,1015,936,40,2,9,2,1,80,21,8
313061,0,1015,0,40,3,4,2,1,15,107,8
276392,0,1015,0,40,3,7,2,1,65,11,8
299532,0,1015,0,40,3,4,2,1,33,63,8
268815,0,1015,0,40,2,11,2,1,54,25,8
304856,0,1015,0,40,2,4,2,1,20,60,8
274130,0,1015,0,40,3,13,2,1,60,40,8
275812,0,1015,0,40,2,10,2,1,57,22,8
234254,0,1015,0,40,2,14,2,1,98,34,8
313784,0,1015,0,40,2,2,2,1,13,46,8
277200,0,1015,0,40,3,6,2,1,62,17,8
307053,0,1015,0,40,2,3,2,1,28,76,8
270438,0,1015,0,40,3,16,2,1,49,39,8
310770,0,1015,0,40,3,6,2,1,19,56,8
317572,0,1015,0,40,2,1,2,1,9,46,8
314482,0,1015,0,40,3,2,2,1,10,61,8
314863,0,1015,0,40,3,2,2,1,11,52,8
313924,0,1015,0,40,3,2,2,1,12,60,8
285463,1,1015,937,40,3,9,2,1,40,53,8
306278,0,1015,0,40,3,2,2,1,30,20,8
300127,0,1015,0,40,2,7,2,1,34,27,8
251032,0,1015,0,40,2,12,2,1,87,80,8
316274,0,1015,0,40,3,1,2,1,8,34,8
317895,0,1015,0,40,2,1,2,1,8,47,8
290687,0,1015,0,40,2,6,2,1,47,13,8
293669,0,1015,0,40,3,7,2,1,36,25,8
291606,0,1015,0,40,3,5,2,1,55,32,8
256230,0,1015,0,40,2,15,2,1,81,25,8
279008,0,1015,0,40,3,10,2,1,58,49,8
316581,0,1015,0,40,2,2,2,1,8,44,8
305409,0,1015,0,40,2,4,2,1,31,23,8
317192,0,1015,0,40,3,1,2,1,7,46,8
317926,0,1015,0,40,2,1,2,1,7,47,8
301020,0,1015,0,40,3,4,2,1,31,57,8
219261,1,1015,948,40,3,20,2,1,123,30,8
303886,0,1015,0,40,3,5,2,1,21,38,8
226195,0,1015,0,40,2,23,2,1,126,33,8
311220,0,1015,0,40,3,3,2,1,20,60,8
301561,0,1015,0,40,3,5,2,1,33,58,8
300713,0,1015,0,40,2,7,2,1,26,21,8
316605,0,1015,0,40,2,2,2,1,8,41,8
286526,0,1015,0,40,3,8,2,1,54,18,8
292217,0,1015,0,40,2,6,2,1,52,83,8
313453,0,1015,0,40,3,3,2,1,15,70,8
317672,0,1015,0,40,3,1,2,1,6,15,8
305070,0,1015,0,40,3,4,2,1,25,37,8
305305,0,1015,0,40,2,3,2,1,29,58,8
251441,0,1015,0,40,2,11,2,1,101,53,8
298393,0,1015,0,40,3,6,2,1,33,29,8
306549,0,1015,0,40,2,3,2,1,26,40,8
291753,0,1015,0,40,2,7,2,1,39,68,8
313000,0,1015,0,40,3,3,2,1,17,42,8
248192,0,1015,0,40,2,15,2,1,84,30,8
311598,0,1015,0,40,2,2,2,1,23,45,8
317936,0,1015,0,40,2,1,2,1,5,63,8
318296,0,1015,0,40,2,1,2,1,5,45,8
318516,0,1015,0,40,2,1,2,1,5,33,8
302886,0,1015,0,40,3,3,2,1,41,50,8
249757,1,1015,943,40,3,18,2,1,74,23,8
304682,0,1015,0,40,3,2,2,1,40,19,8
312131,0,1015,0,40,3,2,2,1,25,77,8
236070,0,1015,0,40,2,16,2,1,105,57,8
223620,0,1015,0,40,3,20,2,1,133,52,8
266183,0,1015,0,40,3,11,2,1,68,63,8
296054,0,1015,0,40,3,5,2,1,44,24,8
276241,0,1015,0,40,2,12,2,1,68,51,8
310692,0,1015,0,40,2,2,2,1,26,60,8
242354,0,1015,0,40,2,15,2,1,112,27,8
293476,0,1015,0,40,3,6,2,1,41,57,8
296534,0,1015,0,40,2,6,2,1,38,33,8
305230,0,1015,0,40,3,3,2,1,40,31,8
306082,0,1015,0,40,3,5,2,1,22,44,8
276757,0,1015,0,40,2,10,2,1,56,26,8
270537,0,1015,0,40,3,11,2,1,67,83,8
293977,0,1015,0,40,2,5,2,1,51,42,8
293300,0,1015,0,40,3,5,2,1,32,21,8
313744,0,1015,0,40,3,2,2,1,14,31,8
292766,0,1015,0,40,2,7,2,1,43,43,8
315775,0,1015,0,40,2,2,2,1,13,52,8
292987,0,1015,0,40,2,10,2,1,36,38,8
317347,0,1015,0,40,3,1,2,1,11,39,8
286246,0,1015,0,40,3,7,2,1,48,57,8
302450,0,1015,0,40,2,5,2,1,26,53,8
299186,0,1015,0,40,2,5,2,1,39,35,8
313054,0,1015,0,40,3,2,2,1,18,42,8
259724,0,1015,0,40,2,14,2,1,70,46,8
303780,0,1015,0,40,3,6,2,1,25,23,8
221437,0,1015,0,40,3,13,2,1,122,41,8
261653,0,1015,0,40,3,11,2,1,81,64,8
317102,0,1015,0,40,2,1,2,1,10,42,8
317450,0,1015,0,40,2,1,2,1,10,24,8
306821,0,1015,0,40,3,3,2,1,25,27,8
311563,0,1015,0,40,2,3,2,1,17,33,8
277490,0,1015,0,40,2,11,2,1,52,20,8
268810,0,1015,0,40,3,11,2,1,62,53,8
309584,0,1015,0,40,3,3,2,1,16,57,8
311705,0,1015,0,40,3,3,2,1,21,38,8
317304,0,1015,0,40,2,1,2,1,9,19,8
317729,0,1015,0,40,2,1,2,1,9,9,8
303733,0,1015,0,40,2,5,2,1,27,39,8
268237,0,1015,0,40,2,6,2,1,80,18,8
312933,0,1015,0,40,3,4,2,1,14,37,8
265508,0,1015,0,40,3,11,2,1,72,65,8
283933,0,1015,0,40,2,8,2,1,50,45,8
317409,0,1015,0,40,2,1,2,1,8,78,8
313938,0,1015,0,40,3,2,2,1,9,26,8
315259,0,1015,0,40,2,2,2,1,12,100,8
313059,0,1015,0,40,2,3,2,1,16,32,8
314136,0,1015,0,40,3,2,2,1,13,69,8
260983,0,1015,0,40,2,10,2,1,74,83,8
264961,0,1015,0,40,2,9,2,1,72,42,8
312741,0,1015,0,40,2,3,2,1,15,58,8
308218,0,1015,0,40,2,5,2,1,26,32,8
306868,0,1015,0,40,2,5,2,1,19,28,8
317986,0,1015,0,40,3,1,2,1,7,31,8
318315,0,1015,0,40,3,1,2,1,7,97,8
318349,0,1015,0,40,2,1,2,1,7,94,8
297737,0,1015,0,40,3,5,2,1,31,29,8
303966,0,1015,0,40,3,5,2,1,22,45,8
272784,0,1015,0,40,3,9,2,1,57,22,8
285439,0,1015,0,40,3,11,2,1,41,27,8
297342,0,1015,0,40,3,6,2,1,31,42,8
265761,0,1015,0,40,2,10,2,1,72,18,8
296631,0,1015,0,40,2,9,2,1,26,74,8
316718,0,1015,0,40,3,2,2,1,8,21,8
242240,0,1015,0,40,3,19,2,1,89,14,8
291685,1,1015,980,40,2,9,2,1,39,23,8
274528,0,1015,0,40,3,9,2,1,47,57,8
297966,0,1015,0,40,3,5,2,1,45,26,8
252768,0,1015,0,40,2,15,2,1,84,42,8
318240,0,1015,0,40,2,1,2,1,6,45,8
318590,0,1015,0,40,2,1,2,1,6,18,8
314828,0,1015,0,40,3,2,2,1,8,9,8
276563,0,1015,0,40,3,10,2,1,65,64,8
292234,0,1015,0,40,2,8,2,1,41,58,8
315771,0,1015,0,40,3,3,2,1,7,31,8
287705,0,1015,0,40,2,10,2,1,43,52,8
312927,0,1015,0,40,2,3,2,1,17,34,8
265440,0,1015,0,40,2,13,2,1,60,30,8
252520,0,1015,0,40,3,10,2,1,101,57,8
315189,0,1015,0,40,3,4,2,1,15,46,8
317980,0,1015,0,40,3,1,2,1,5,49,8
318683,0,1015,0,40,3,1,2,1,5,31,8
318785,0,1015,0,40,3,1,2,1,5,24,8
255743,0,1015,0,40,2,13,2,1,90,69,8
307333,0,1015,0,40,2,3,2,1,30,93,8
307757,0,1015,0,40,2,2,2,1,34,40,8
308490,0,1015,0,40,3,2,2,1,30,166,8
289178,0,1015,0,40,2,8,2,1,43,41,8
314664,0,1015,0,40,2,1,2,1,18,76,8
276481,0,1015,0,40,3,8,2,1,55,38,8
309666,0,1015,0,40,3,2,2,1,29,45,8
263412,0,1015,0,40,2,11,2,1,77,29,8
300067,0,1015,0,40,3,5,2,1,32,40,8
258611,0,1015,0,40,3,9,2,1,85,56,8
315202,0,1015,0,40,3,1,2,1,16,91,8
304893,0,1015,0,40,2,4,2,1,25,35,8
278840,0,1015,0,40,3,11,2,1,49,60,8
277420,0,1015,0,40,3,9,2,1,56,38,8
247292,0,1015,0,40,3,12,2,1,109,26,8
304161,0,1015,0,40,3,4,2,1,37,50,8
313264,0,1015,0,40,3,2,2,1,15,44,8
301826,0,1015,0,40,2,3,2,1,42,53,8
287296,0,1015,0,40,3,5,2,1,66,101,8
306445,0,1015,0,40,2,4,2,1,35,30,8
316575,0,1015,0,40,2,1,2,1,12,12,8
317036,0,1015,0,40,2,1,2,1,12,66,8
305576,0,1015,0,40,2,3,2,1,25,50,8
291883,0,1015,0,40,2,6,2,1,52,55,8
241162,0,1015,0,40,2,14,2,1,92,59,8
311518,0,1015,0,40,3,2,2,1,22,34,8
286389,0,1015,0,40,3,9,2,1,52,79,8
312196,0,1015,0,40,3,2,2,1,24,23,8
309270,0,1015,0,40,3,3,2,1,29,86,8
263479,0,1015,0,40,2,13,2,1,67,7,8
289628,0,1015,0,40,3,9,2,1,55,53,8
288065,1,1015,941,40,2,8,2,1,57,79,8
315019,0,1015,0,40,3,2,2,1,12,29,8
288556,0,1015,0,40,2,8,2,1,38,31,8
304538,0,1015,0,40,2,5,2,1,28,36,8
316696,0,1015,0,40,3,2,2,1,11,34,8
317673,0,1015,0,40,3,1,2,1,10,27,8
296298,0,1015,0,40,2,6,2,1,28,56,8
285136,0,1015,0,40,3,7,2,1,52,35,8
317850,0,1015,0,40,3,1,2,1,9,30,8
318019,0,1015,0,40,2,1,2,1,9,46,8
224171,1,1015,912,40,2,19,2,1,118,72,8
316293,0,1015,0,40,3,2,2,1,9,52,8
285647,0,1015,0,40,3,8,2,1,55,66,8
305760,0,1015,0,40,2,4,2,1,34,35,8
318411,0,1015,0,40,2,1,2,1,8,48,8
311391,0,1015,0,40,2,3,2,1,15,54,8
300013,0,1015,0,40,3,6,2,1,31,38,8
315845,0,1015,0,40,2,2,2,1,11,33,8
305679,0,1015,0,40,3,5,2,1,26,53,8
318248,0,1015,0,40,2,1,2,1,7,91,8
318316,0,1015,0,40,3,1,2,1,7,91,8
216171,0,1015,0,40,3,16,2,1,93,36,8
289482,0,1015,0,40,3,7,2,1,36,39,8
267232,0,1015,0,40,3,11,2,1,69,56,8
315064,0,1015,0,40,3,2,2,1,12,27,8
315812,0,1015,0,40,3,2,2,1,10,27,8
283055,0,1015,0,40,3,8,2,1,48,41,8
236040,0,1015,0,40,3,15,2,1,101,41,8
293598,0,1015,0,40,3,8,2,1,38,40,8
292955,0,1015,0,40,2,8,2,1,40,36,8
252915,0,1015,0,40,2,16,2,1,62,23,8
301316,0,1015,0,40,2,6,2,1,30,47,8
313223,0,1015,0,40,3,3,2,1,13,15,8
315704,0,1015,0,40,3,2,2,1,16,33,8
318871,0,1015,0,40,3,1,2,1,6,44,8
318953,0,1015,0,40,2,1,2,1,6,68,8
318973,0,1015,0,40,3,1,2,1,6,28,8
299815,0,1015,0,40,3,5,2,1,27,33,8
314226,0,1015,0,40,2,2,2,1,15,69,8
315946,0,1015,0,40,2,2,2,1,8,45,8
273728,0,1015,0,40,3,8,2,1,70,56,8
310098,0,1015,0,40,3,4,2,1,19,20,8
271802,0,1015,0,40,2,9,2,1,50,53,8
244493,0,1015,0,40,3,17,2,1,79,54,8
307683,0,1015,0,40,2,3,2,1,29,42,8
314035,0,1015,0,40,2,3,2,1,12,39,8
316359,0,1015,0,40,2,3,2,1,12,53,8
312514,0,1015,0,40,2,3,2,1,20,29,8
313882,0,1015,0,40,3,3,2,1,13,36,8
308713,0,1015,0,40,2,4,2,1,29,26,8
308058,0,1015,0,40,3,6,2,1,23,49,8
319120,0,1015,0,40,2,1,2,1,5,39,8
319142,0,1015,0,40,3,1,2,1,5,49,8
319210,0,1015,0,40,2,1,2,1,5,54,8
319228,0,1015,0,40,3,1,2,1,5,29,8
319248,0,1015,0,40,3,1,2,1,5,45,8
263250,0,1015,0,40,3,9,2,1,87,26,8
260414,0,1015,0,40,2,11,2,1,84,42,8
249076,0,1015,0,40,3,12,2,1,108,35,8
292681,0,1015,0,40,3,4,2,1,60,32,8
284291,0,1015,0,40,3,7,2,1,60,39,8
281332,0,1015,0,40,2,9,2,1,53,57,8
291072,0,1015,0,40,2,7,2,1,44,74,8
275536,0,1015,0,40,2,9,2,1,51,33,8
289240,0,1015,0,40,3,8,2,1,56,26,8
317002,0,1015,0,40,3,1,2,1,11,45,8
296830,0,1015,0,40,3,5,2,1,42,45,8
316051,0,1015,0,40,3,2,2,1,11,32,8
307459,0,1015,0,40,2,3,2,1,28,30,8
313665,0,1015,0,40,3,3,2,1,19,34,8
307139,0,1015,0,40,2,3,2,1,30,63,8
311066,0,1015,0,40,3,2,2,1,19,77,8
306632,0,1015,0,40,3,4,2,1,25,67,8
316109,0,1015,0,40,3,2,2,1,12,38,8
314402,0,1015,0,40,3,3,2,1,16,26,8
316458,0,1015,0,40,3,2,2,1,10,18,8
317904,0,1015,0,40,3,1,2,1,9,71,8
318253,0,1015,0,40,2,1,2,1,9,57,8
310959,0,1015,0,40,2,4,2,1,17,14,8
304905,0,1015,0,40,3,6,2,1,18,60,8
307976,0,1015,0,40,3,5,2,1,21,61,8
295085,0,1015,0,40,2,7,2,1,40,68,8
310758,0,1015,0,40,2,3,2,1,19,56,8
287875,0,1015,0,40,3,5,2,1,50,57,8
280572,0,1015,0,40,3,7,2,1,68,24,8
316889,0,1015,0,40,2,2,2,1,10,64,8
307088,0,1015,0,40,3,4,2,1,30,22,8
311875,0,1015,0,40,3,5,2,1,16,80,8
292349,0,1015,0,40,2,8,2,1,36,15,8
302846,0,1015,0,40,2,6,2,1,25,16,8
318523,0,1015,0,40,2,1,2,1,7,50,8
318749,0,1015,0,40,2,1,2,1,7,24,8
318813,0,1015,0,40,2,1,2,1,7,61,8
247340,0,1015,0,40,2,16,2,1,89,27,8
281775,0,1015,0,40,2,10,2,1,56,31,8
316091,0,1015,0,40,3,3,2,1,12,42,8
309542,0,1015,0,40,2,4,2,1,27,55,8
319152,0,1015,0,40,3,1,2,1,6,26,8
319190,0,1015,0,40,2,1,2,1,6,88,8
314562,0,1015,0,40,2,2,2,1,13,19,8
285599,0,1015,0,40,3,10,2,1,42,26,8
312332,0,1015,0,40,2,4,2,1,10,49,8
276920,0,1015,0,40,2,10,2,1,50,35,8
216570,0,1015,0,40,2,20,2,1,125,41,8
299600,0,1015,0,40,2,5,2,1,31,28,8
317141,0,1015,0,40,2,2,2,1,9,21,8
281365,0,1015,0,40,2,9,2,1,61,12,8
319223,0,1015,0,40,3,1,2,1,5,24,8
319596,0,1015,0,40,2,1,2,1,5,92,8
313910,0,1015,0,40,3,1,2,1,24,28,8
313280,0,1015,0,40,3,2,2,1,24,16,8
308597,0,1015,0,40,3,3,2,1,29,15,8
312703,0,1015,0,40,2,2,2,1,26,31,8
242068,0,1015,0,40,3,10,2,1,113,14,8
305870,0,1015,0,40,2,4,2,1,29,63,8
312951,0,1015,0,40,3,2,2,1,21,35,8
309304,0,1015,0,40,2,4,2,1,21,41,8
278884,0,1015,0,40,2,10,2,1,60,46,8
281917,0,1015,0,40,2,8,2,1,58,33,8
308080,0,1015,0,40,2,4,2,1,25,30,8
311613,0,1015,0,40,2,4,2,1,15,26,8
318241,0,1015,0,40,2,1,2,1,10,44,8
282695,1,1015,952,40,2,10,2,1,39,32,8
223577,0,1015,0,40,2,23,2,1,140,58,8
318392,0,1015,0,40,2,1,2,1,9,66,8
281339,0,1015,0,40,3,10,2,1,43,84,8
318881,0,1015,0,40,3,1,2,1,8,22,8
308071,0,1015,0,40,2,4,2,1,27,47,8
314867,0,1015,0,40,2,2,2,1,16,41,8
274891,1,1015,926,40,3,10,2,1,80,53,8
318996,0,1015,0,40,2,1,2,1,7,25,8
314151,0,1015,0,40,3,2,2,1,15,56,8
277496,0,1015,0,40,2,12,2,1,59,47,8
298392,0,1015,0,40,2,7,2,1,35,64,8
270691,0,1015,0,40,3,13,2,1,70,40,8
262914,0,1015,0,40,2,14,2,1,68,80,8
234747,0,1015,0,40,2,20,2,1,99,40,8
318167,0,1015,0,40,2,2,2,1,9,39,8
280167,0,1015,0,40,2,8,2,1,66,68,8
313439,0,1015,0,40,3,3,2,1,15,47,8
285792,0,1015,0,40,3,7,2,1,46,60,8
280937,0,1015,0,40,2,6,2,1,61,70,8
318165,0,1015,0,40,2,1,2,1,12,60,8
283438,0,1015,0,40,2,9,2,1,47,29,8
274451,0,1015,0,40,3,10,2,1,53,48,8
316019,0,1015,0,40,2,2,2,1,13,44,8
319069,0,1015,0,40,3,1,2,1,5,53,8
318466,0,1015,0,40,3,0,2,1,4,33,8
318974,0,1015,0,40,3,0,2,1,4,50,8
319125,0,1015,0,40,2,0,2,1,4,60,8
319189,0,1015,0,40,2,0,2,1,4,12,8
319221,0,1015,0,40,2,0,2,1,4,39,8
319337,0,1015,0,40,3,0,2,1,4,74,8
319401,0,1015,0,40,3,0,2,1,4,36,8
319433,0,1015,0,40,2,0,2,1,4,78,8
319449,0,1015,0,40,2,0,2,1,4,61,8
319517,0,1015,0,40,3,0,2,1,4,41,8
319565,0,1015,0,40,3,0,2,1,4,20,8
319614,0,1015,0,40,2,0,2,1,4,27,8
319622,0,1015,0,40,2,0,2,1,4,46,8
319630,0,1015,0,40,2,0,2,1,4,21,8
319638,0,1015,0,40,2,0,2,1,4,29,8
319646,0,1015,0,40,2,0,2,1,4,71,8
319654,0,1015,0,40,3,0,2,1,4,25,8
319670,0,1015,0,40,2,0,2,1,4,56,8
319678,0,1015,0,40,3,0,2,1,4,28,8
319686,0,1015,0,40,2,0,2,1,4,53,8
319694,0,1015,0,40,2,0,2,1,4,55,8
319710,0,1015,0,40,3,0,2,1,4,38,8
319726,0,1015,0,40,2,0,2,1,4,35,8
319734,0,1015,0,40,3,0,2,1,4,31,8
319742,0,1015,0,40,3,0,2,1,4,37,8
319758,0,1015,0,40,2,0,2,1,4,40,8
319782,0,1015,0,40,2,0,2,1,4,81,8
319790,0,1015,0,40,3,0,2,1,4,59,8
319822,0,1015,0,40,2,0,2,1,4,41,8
319826,0,1015,0,40,3,0,2,1,4,28,8
319830,0,1015,0,40,2,0,2,1,4,29,8
319834,0,1015,0,40,3,0,2,1,4,25,8
319846,0,1015,0,40,3,0,2,1,4,16,8
319854,0,1015,0,40,2,0,2,1,4,37,8
319862,0,1015,0,40,2,0,2,1,4,19,8
319870,0,1015,0,40,2,0,2,1,4,42,8
319878,0,1015,0,40,2,0,2,1,4,27,8
319886,0,1015,0,40,3,0,2,1,4,56,8
319890,0,1015,0,40,3,0,2,1,4,63,8
319898,0,1015,0,40,2,0,2,1,4,37,8
319910,0,1015,0,40,2,0,2,1,4,50,8
319918,0,1015,0,40,3,0,2,1,4,124,8
319922,0,1015,0,40,3,0,2,1,4,41,8
319926,0,1015,0,40,3,0,2,1,4,74,8
319930,0,1015,0,40,3,0,2,1,4,31,8
319938,0,1015,0,40,3,0,2,1,4,80,8
319950,0,1015,0,40,2,0,2,1,4,43,8
319954,0,1015,0,40,2,0,2,1,4,98,8
319958,0,1015,0,40,3,0,2,1,4,38,8
319962,0,1015,0,40,3,0,2,1,4,28,8
319970,0,1015,0,40,2,0,2,1,4,54,8
319978,0,1015,0,40,2,0,2,1,4,32,8
319986,0,1015,0,40,3,0,2,1,4,45,8
319998,0,1015,0,40,3,0,2,1,4,30,8
320010,0,1015,0,40,2,0,2,1,4,31,8
320018,0,1015,0,40,2,0,2,1,4,47,8
320022,0,1015,0,40,2,0,2,1,4,21,8
320030,0,1015,0,40,2,0,2,1,4,53,8
320038,0,1015,0,40,3,0,2,1,4,38,8
320040,0,1015,0,40,2,0,2,1,4,13,8
320044,0,1015,0,40,2,0,2,1,4,60,8
320050,0,1015,0,40,2,0,2,1,4,89,8
320052,0,1015,0,40,2,0,2,1,4,39,8
320054,0,1015,0,40,2,0,2,1,4,17,8
320056,0,1015,0,40,3,0,2,1,4,51,8
320060,0,1015,0,40,2,0,2,1,4,55,8
320064,0,1015,0,40,2,0,2,1,4,45,8
320068,0,1015,0,40,3,0,2,1,4,38,8
320070,0,1015,0,40,3,0,2,1,4,32,8
320072,0,1015,0,40,3,0,2,1,4,45,8
320078,0,1015,0,40,2,0,2,1,4,28,8
320080,0,1015,0,40,3,0,2,1,4,108,8
320082,0,1015,0,40,2,0,2,1,4,36,8
320084,0,1015,0,40,2,0,2,1,4,62,8
320086,0,1015,0,40,2,0,2,1,4,29,8
320096,0,1015,0,40,3,0,2,1,4,62,8
320098,0,1015,0,40,3,0,2,1,4,54,8
320102,0,1015,0,40,3,0,2,1,4,57,8
320104,0,1015,0,40,3,0,2,1,4,32,8
320106,0,1015,0,40,2,0,2,1,4,23,8
320108,0,1015,0,40,2,0,2,1,4,37,8
320112,0,1015,0,40,3,0,2,1,4,44,8
320122,0,1015,0,40,3,0,2,1,4,31,8
320124,0,1015,0,40,3,0,2,1,4,35,8
320126,0,1015,0,40,3,0,2,1,4,58,8
320130,0,1015,0,40,3,0,2,1,4,52,8
320132,0,1015,0,40,3,0,2,1,4,31,8
320134,0,1015,0,40,3,0,2,1,4,58,8
320138,0,1015,0,40,3,0,2,1,4,42,8
320142,0,1015,0,40,3,0,2,1,4,72,8
320144,0,1015,0,40,3,0,2,1,4,20,8
320148,0,1015,0,40,2,0,2,1,4,52,8
320150,0,1015,0,40,3,0,2,1,4,94,8
320152,0,1015,0,40,2,0,2,1,4,35,8
320154,0,1015,0,40,2,0,2,1,4,35,8
320156,0,1015,0,40,2,0,2,1,4,46,8
320158,0,1015,0,40,3,0,2,1,4,35,8
320160,0,1015,0,40,2,0,2,1,4,44,8
320162,0,1015,0,40,3,0,2,1,4,36,8
320164,0,1015,0,40,3,0,2,1,4,15,8
320166,0,1015,0,40,3,0,2,1,4,41,8
320168,0,1015,0,40,3,0,2,1,4,19,8
320170,0,1015,0,40,2,0,2,1,4,38,8
320174,0,1015,0,40,3,0,2,1,4,10,8
320176,0,1015,0,40,2,0,2,1,4,62,8
320180,0,1015,0,40,2,0,2,1,4,74,8
320186,0,1015,0,40,3,0,2,1,4,17,8
320190,0,1015,0,40,2,0,2,1,4,34,8
320192,0,1015,0,40,2,0,2,1,4,28,8
320194,0,1015,0,40,3,0,2,1,4,33,8
320196,0,1015,0,40,3,0,2,1,4,38,8
320198,0,1015,0,40,2,0,2,1,4,36,8
320206,0,1015,0,40,2,0,2,1,4,25,8
320212,0,1015,0,40,2,0,2,1,4,31,8
320216,0,1015,0,40,2,0,2,1,4,54,8
320218,0,1015,0,40,2,0,2,1,4,61,8
320220,0,1015,0,40,2,0,2,1,4,48,8
320222,0,1015,0,40,3,0,2,1,4,17,8
320224,0,1015,0,40,2,0,2,1,4,47,8
320226,0,1015,0,40,3,0,2,1,4,27,8
320228,0,1015,0,40,2,0,2,1,4,48,8
320230,0,1015,0,40,3,0,2,1,4,30,8
320236,0,1015,0,40,3,0,2,1,4,68,8
320238,0,1015,0,40,3,0,2,1,4,42,8
320242,0,1015,0,40,2,0,2,1,4,41,8
320244,0,1015,0,40,3,0,2,1,4,24,8
320246,0,1015,0,40,3,0,2,1,4,48,8
320250,0,1015,0,40,3,0,2,1,4,35,8
320254,0,1015,0,40,2,0,2,1,4,15,8
320256,0,1015,0,40,2,0,2,1,4,49,8
320260,0,1015,0,40,3,0,2,1,4,53,8
320262,0,1015,0,40,2,0,2,1,4,132,8
320266,0,1015,0,40,2,0,2,1,4,34,8
320268,0,1015,0,40,2,0,2,1,4,40,8
303358,0,1015,0,40,2,4,2,1,22,53,8
314157,0,1015,0,40,2,1,2,1,11,43,8
256651,0,1015,0,40,3,9,2,1,91,70,8
299726,0,1015,0,40,3,5,2,1,35,87,8
261464,0,1015,0,40,2,11,2,1,76,16,8
307938,0,1015,0,40,2,3,2,1,19,38,8
299439,0,1015,0,40,3,5,2,1,30,54,8
306651,0,1015,0,40,3,2,2,1,27,56,8
311019,0,1015,0,40,2,2,2,1,17,26,8
243300,0,1015,0,40,2,16,2,1,89,31,8
311597,0,1015,0,40,2,3,2,1,12,53,8
245609,0,1015,0,40,2,14,2,1,81,72,8
304380,0,1015,0,40,2,5,2,1,25,65,8
279275,0,1015,0,40,2,6,2,1,59,58,8
298074,1,1015,957,40,2,4,2,1,40,38,8
284563,0,1015,0,40,2,7,2,1,49,43,8
292933,0,1015,0,40,2,5,2,1,40,51,8
311849,0,1015,0,40,2,3,2,1,17,28,8
316024,0,1015,0,40,2,1,2,1,8,44,8
279957,0,1015,0,40,3,8,2,1,63,47,8
291936,0,1015,0,40,3,9,2,1,30,34,8
253709,0,1015,0,40,2,10,2,1,93,79,8
259261,0,1015,0,40,3,13,2,1,72,29,8
250608,0,1015,0,40,3,12,2,1,88,65,8
311943,0,1015,0,40,3,2,2,1,16,31,8
311841,0,1015,0,40,2,2,2,1,18,38,8
311291,0,1015,0,40,3,3,2,1,15,69,8
315760,0,1015,0,40,2,1,2,1,10,78,8
304225,0,1015,0,40,2,4,2,1,24,46,8
316676,0,1015,0,40,3,1,2,1,8,55,8
314582,0,1015,0,40,3,2,2,1,11,26,8
304995,0,1015,0,40,2,3,2,1,21,40,8
283402,0,1015,0,40,3,8,2,1,37,50,8
308483,0,1015,0,40,3,4,2,1,20,21,8
272808,0,1015,0,40,3,11,2,1,54,45,8
292552,0,1015,0,40,2,8,2,1,35,25,8
313516,0,1015,0,40,3,2,2,1,14,57,8
315884,0,1015,0,40,3,2,2,1,5,35,8
313971,0,1015,0,40,3,2,2,1,14,67,8
317767,0,1015,0,40,2,1,2,1,4,11,8
241569,0,1015,0,40,2,14,2,1,99,7,8
228681,0,1015,0,40,3,15,2,1,132,6,8
250906,0,1015,0,40,2,11,2,1,101,31,8
315473,0,1015,0,40,3,1,2,1,13,23,8
247164,0,1015,0,40,3,16,2,1,76,95,8
299758,0,1015,0,40,2,5,2,1,27,39,8
296886,0,1015,0,40,2,6,2,1,37,42,8
308592,0,1015,0,40,3,4,2,1,21,43,8
316455,0,1015,0,40,2,1,2,1,10,32,8
299784,0,1015,0,40,2,3,2,1,39,34,8
306397,0,1015,0,40,2,6,2,1,21,71,8
288136,0,1015,0,40,3,7,2,1,48,58,8
287191,0,1015,0,40,3,9,2,1,36,48,8
279840,0,1015,0,40,3,8,2,1,49,55,8
308127,0,1015,0,40,2,4,2,1,18,37,8
280853,0,1015,0,40,2,10,2,1,50,48,8
316639,0,1015,0,40,3,1,2,1,7,32,8
317207,0,1015,0,40,2,1,2,1,7,45,8
312408,0,1015,0,40,3,3,2,1,14,41,8
286541,0,1015,0,40,2,9,2,1,43,40,8
317270,0,1015,0,40,3,1,2,1,6,72,8
274036,0,1015,0,40,3,10,2,1,51,42,8
306938,0,1015,0,40,2,5,2,1,18,25,8
309060,0,1015,0,40,3,4,2,1,19,21,8
317320,0,1015,0,40,2,1,2,1,5,13,8
317855,0,1015,0,40,2,1,2,1,5,15,8
297134,0,1015,0,40,3,6,2,1,30,35,8
226051,1,1015,992,35.1353,3,20,2,1,131,12,8
316279,0,1015,0,40,3,2,2,1,5,71,8
251231,0,1015,0,40,2,15,2,1,85,60,8
317997,0,1015,0,40,3,1,2,1,4,113,8
270413,0,1015,0,40,3,8,2,1,72,59,8
311150,0,1015,0,40,2,2,2,1,22,50,8
304452,0,1015,0,40,3,4,2,1,23,48,8
301400,0,1015,0,40,3,6,2,1,22,36,8
263344,0,1015,0,40,3,9,2,1,87,35,8
296130,0,1015,0,40,2,7,2,1,36,32,8
314070,0,1015,0,40,3,2,2,1,14,36,8
298896,0,1015,0,40,3,5,2,1,35,28,8
315809,0,1015,0,40,3,1,2,1,13,45,8
295955,0,1015,0,40,3,5,2,1,47,35,8
297537,0,1015,0,40,3,5,2,1,37,47,8
256569,0,1015,0,40,3,11,2,1,86,37,8
309746,0,1015,0,40,3,3,2,1,26,24,8
271885,0,1015,0,40,2,7,2,1,73,13,8
308823,0,1015,0,40,2,3,2,1,24,28,8
305042,0,1015,0,40,2,5,2,1,24,34,8
274481,0,1015,0,40,2,10,2,1,60,25,8
316371,0,1015,0,40,2,2,2,1,10,28,8
316641,0,1015,0,40,2,1,2,1,9,20,8
312626,0,1015,0,40,3,2,2,1,15,62,8
242134,0,1015,0,40,2,15,2,1,104,60,8
310526,0,1015,0,40,2,3,2,1,21,33,8
316663,0,1015,0,40,3,1,2,1,8,16,8
304047,0,1015,0,40,2,6,2,1,21,21,8
305897,0,1015,0,40,2,3,2,1,21,40,8
311454,0,1015,0,40,2,3,2,1,15,18,8
314565,0,1015,0,40,3,3,2,1,9,75,8
317326,0,1015,0,40,2,1,2,1,7,10,8
314784,0,1015,0,40,2,2,2,1,7,55,8
310851,0,1015,0,40,3,3,2,1,19,28,8
314795,0,1015,0,40,3,2,2,1,12,21,8
304215,0,1015,0,40,2,5,2,1,25,33,8
294509,0,1015,0,40,3,8,2,1,40,59,8
297870,0,1015,0,40,2,6,2,1,23,55,8
315331,0,1015,0,40,3,2,2,1,9,40,8
257371,0,1015,0,40,3,14,2,1,74,79,8
299598,0,1015,0,40,3,6,2,1,32,51,8
318083,0,1015,0,40,2,1,2,1,5,97,8
318223,0,1015,0,40,3,1,2,1,5,110,8
259166,0,1015,0,40,2,12,2,1,79,48,8
314690,0,1015,0,40,2,2,2,1,7,45,8
281200,0,1015,0,40,2,7,2,1,49,43,8
292550,0,1015,0,40,3,8,2,1,33,30,8
313674,0,1015,0,40,2,2,2,1,13,67,8
312968,0,1015,0,40,3,4,2,1,9,52,8
257345,0,1015,0,40,3,13,2,1,74,31,8
287498,0,1015,0,40,3,7,2,1,55,48,8
267225,0,1015,0,40,3,10,2,1,71,127,8
297228,0,1015,0,40,3,7,2,1,36,23,8
262141,0,1015,0,40,3,11,2,1,56,51,8
317920,0,1015,0,40,2,1,2,1,4,41,8
318471,0,1015,0,40,3,1,2,1,4,42,8
305272,0,1015,0,40,3,3,2,1,30,24,8
223719,1,1015,940,40,2,21,2,1,138,66,8
241343,0,1015,0,40,2,11,2,1,97,48,8
288343,0,1015,0,40,2,7,2,1,38,71,8
277114,0,1015,0,40,2,10,2,1,57,33,8
314186,0,1015,0,40,3,1,2,1,18,62,8
267207,0,1015,0,40,2,9,2,1,73,52,8
306050,0,1015,0,40,2,3,2,1,25,62,8
297481,0,1015,0,40,3,5,2,1,41,27,8
313696,0,1015,0,40,2,1,2,1,15,75,8
297753,0,1015,0,40,3,5,2,1,36,33,8
314908,0,1015,0,40,2,1,2,1,14,50,8
301448,0,1015,0,40,2,5,2,1,28,104,8
315382,0,1015,0,40,2,1,2,1,13,36,8
270982,0,1015,0,40,3,13,2,1,59,70,8
291540,0,1015,0,40,3,8,2,1,34,46,8
302236,0,1015,0,40,2,4,2,1,29,46,8
277443,0,1015,0,40,3,7,2,1,63,31,8
311987,0,1015,0,40,3,2,2,1,23,40,8
314901,0,1015,0,40,2,2,2,1,15,29,8
315960,0,1015,0,40,2,1,2,1,12,26,8
276064,0,1015,0,40,3,7,2,1,62,26,8
259931,0,1015,0,40,2,9,2,1,74,62,8
313649,0,1015,0,40,2,2,2,1,18,38,8
294028,0,1015,0,40,2,7,2,1,40,41,8
239327,0,1015,0,40,3,14,2,1,97,77,8
294807,0,1015,0,40,2,5,2,1,40,30,8
307193,0,1015,0,40,2,4,2,1,18,36,8
309991,0,1015,0,40,2,3,2,1,23,29,8
311242,0,1015,0,40,2,3,2,1,14,51,8
307262,0,1015,0,40,3,4,2,1,26,33,8
314111,0,1015,0,40,3,2,2,1,9,72,8
241648,0,1015,0,40,2,17,2,1,88,45,8
316341,0,1015,0,40,3,2,2,1,9,45,8
311554,0,1015,0,40,2,4,2,1,14,33,8
314778,0,1015,0,40,3,3,2,1,10,95,8
317298,0,1015,0,40,2,1,2,1,8,24,8
313480,0,1015,0,40,2,2,2,1,9,22,8
310588,0,1015,0,40,2,3,2,1,13,75,8
290267,0,1015,0,40,2,5,2,1,43,11,8
298575,0,1015,0,40,2,5,2,1,40,26,8
292370,0,1015,0,40,2,7,2,1,47,45,8
298763,0,1015,0,40,2,5,2,1,37,39,8
308153,0,1015,0,40,3,4,2,1,24,58,8
317336,0,1015,0,40,2,1,2,1,7,28,8
311263,0,1015,0,40,3,3,2,1,17,26,8
261700,0,1015,0,40,3,12,2,1,67,60,8
268516,0,1015,0,40,2,13,2,1,58,64,8
313943,0,1015,0,40,3,2,2,1,13,42,8
309441,0,1015,0,40,3,4,2,1,18,35,8
308633,0,1015,0,40,3,6,2,1,19,52,8
304211,0,1015,0,40,2,4,2,1,33,29,8
316754,0,1015,0,40,2,1,2,1,6,33,8
291254,0,1015,0,40,2,7,2,1,40,62,8
279083,0,1015,0,40,2,7,2,1,68,25,8
312779,0,1015,0,40,3,3,2,1,11,25,8
312216,0,1015,0,40,2,3,2,1,16,39,8
316231,0,1015,0,40,2,2,2,1,6,49,8
269678,0,1015,0,40,3,10,2,1,73,66,8
301978,0,1015,0,40,2,4,2,1,36,38,8
264749,0,1015,0,40,3,11,2,1,72,11,8
316847,0,1015,0,40,3,2,2,1,6,51,8
286919,0,1015,0,40,3,10,2,1,44,41,8
307898,0,1015,0,40,2,4,2,1,29,61,8
218177,0,1015,0,40,3,17,2,1,133,60,8
276973,0,1015,0,40,2,10,2,1,50,31,8
308768,0,1015,0,40,3,4,2,1,23,102,8
318239,0,1015,0,40,2,1,2,1,5,18,8
318433,0,1015,0,40,2,1,2,1,5,22,8
282904,0,1015,0,40,2,8,2,1,54,27,8
305480,0,1015,0,40,3,2,2,1,35,47,8
314296,0,1015,0,40,2,2,2,1,12,49,8
307495,0,1015,0,40,3,4,2,1,18,43,8
294245,0,1015,0,40,2,6,2,1,47,37,8
315096,0,1015,0,40,2,2,2,1,11,21,8
223050,0,1015,0,40,3,19,2,1,123,69,8
298670,0,1015,0,40,3,7,2,1,30,54,8
308506,0,1015,0,40,3,4,2,1,26,28,8
309687,0,1015,0,40,2,5,2,1,18,13,8
288663,0,1015,0,40,3,10,2,1,33,54,8
305186,0,1015,0,40,2,4,2,1,28,89,8
286304,0,1015,0,40,3,12,2,1,34,54,8
284926,0,1015,0,40,2,10,2,1,49,44,8
273734,0,1015,0,40,3,12,2,1,64,15,8
317517,0,1015,0,40,2,1,2,1,4,27,8
318136,0,1015,0,40,3,1,2,1,4,68,8
318432,0,1015,0,40,3,1,2,1,4,55,8
306731,0,1015,0,40,3,2,2,1,34,22,8
299597,0,1015,0,40,2,4,2,1,44,59,8
312330,0,1015,0,40,3,1,2,1,23,5,8
219459,0,1015,0,40,3,14,2,1,79,68,8
314372,0,1015,0,40,3,1,2,1,19,30,8
303462,0,1015,0,40,2,4,2,1,28,34,8
306658,0,1015,0,40,2,3,2,1,25,26,8
286366,0,1015,0,40,3,7,2,1,47,47,8
312646,2,1015,0,40,2,3,2,1,21,47,8
307102,0,1015,0,40,2,3,2,1,24,45,8
312270,0,1015,0,40,3,2,2,1,18,50,8
315450,0,1015,0,40,3,1,2,1,13,40,8
316132,0,1015,0,40,3,1,2,1,13,19,8
301895,0,1015,0,40,3,4,2,1,21,45,8
313745,0,1015,0,40,3,2,2,1,13,39,8
304788,0,1015,0,40,3,5,2,1,19,53,8
315458,0,1015,0,40,2,1,2,1,12,35,8
229897,0,1015,0,40,3,17,2,1,123,54,8
312287,0,1015,0,40,2,3,2,1,14,47,8
314090,0,1015,0,40,3,2,2,1,12,28,8
288146,0,1015,0,40,2,6,2,1,49,52,8
314062,0,1015,0,40,3,2,2,1,16,22,8
259959,0,1015,0,40,2,10,2,1,80,43,8
317065,0,1015,0,40,2,1,2,1,10,32,8
289931,0,1015,0,40,3,7,2,1,42,31,8
313022,0,1015,0,40,2,3,2,1,13,37,8
305817,0,1015,0,40,3,3,2,1,28,36,8
304906,0,1015,0,40,3,4,2,1,33,39,8
305335,0,1015,0,40,3,5,2,1,25,30,8
311593,0,1015,0,40,3,4,2,1,22,51,8
317286,0,1015,0,40,3,1,2,1,9,84,8
317540,0,1015,0,40,2,1,2,1,9,67,8
296635,0,1015,0,40,3,5,2,1,36,75,8
257930,0,1015,0,40,3,10,2,1,63,45,8
279004,0,1015,0,40,3,10,2,1,50,29,8
301789,0,1015,0,40,3,7,2,1,28,39,8
248357,0,1015,0,40,3,15,2,1,87,76,8
313335,0,1015,0,40,3,2,2,1,17,18,8
247317,0,1015,0,40,3,13,2,1,90,80,8
316186,0,1015,0,40,3,2,2,1,11,40,8
317603,0,1015,0,40,3,1,2,1,8,82,8
312888,0,1015,0,40,3,2,2,1,14,30,8
279376,0,1015,0,40,3,12,2,1,51,100,8
309240,0,1015,0,40,3,3,2,1,24,22,8
279797,0,1015,0,40,3,8,2,1,55,53,8
299585,0,1015,0,40,2,7,2,1,30,63,8
316440,0,1015,0,40,2,2,2,1,9,34,8
316662,0,1015,0,40,3,2,2,1,10,27,8
317935,0,1015,0,40,2,1,2,1,7,24,8
312977,0,1015,0,40,2,2,2,1,12,57,8
306778,0,1015,0,40,3,5,2,1,26,50,8
309016,0,1015,0,40,2,3,2,1,22,55,8
280403,0,1015,0,40,2,8,2,1,50,98,8
313543,0,1015,0,40,3,3,2,1,13,43,8
261764,0,1015,0,40,2,13,2,1,69,79,8
313266,0,1015,0,40,2,3,2,1,13,59,8
294257,0,1015,0,40,2,5,2,1,43,46,8
277316,0,1015,0,40,2,10,2,1,47,25,8
317509,0,1015,0,40,3,1,2,1,6,54,8
318206,0,1015,0,40,2,1,2,1,6,98,8
318329,0,1015,0,40,3,1,2,1,6,27,8
304045,0,1015,0,40,3,3,2,1,30,44,8
293537,0,1015,0,40,3,7,2,1,34,32,8
307098,0,1015,0,40,3,4,2,1,27,51,8
311305,0,1015,0,40,2,4,2,1,10,30,8
315932,0,1015,0,40,2,2,2,1,8,85,8
294976,0,1015,0,40,2,5,2,1,43,12,8
240737,0,1015,0,40,2,16,2,1,93,19,8
268326,0,1015,0,40,3,10,2,1,64,46,8
310112,0,1015,0,40,2,4,2,1,23,45,8
314047,0,1015,0,40,3,2,2,1,18,31,8
236896,0,1015,0,40,2,20,2,1,84,41,8
318576,0,1015,0,40,2,1,2,1,5,11,8
249271,0,1015,0,40,2,15,2,1,92,47,8
278924,0,1015,0,40,3,9,2,1,59,24,8
242442,0,1015,0,40,2,12,2,1,112,37,8
316357,0,1015,0,40,3,2,2,1,6,30,8
261243,0,1015,0,40,2,14,2,1,65,32,8
293123,0,1015,0,40,2,8,2,1,35,54,8
278256,0,1015,0,40,3,10,2,1,51,47,8
315471,0,1015,0,40,2,3,2,1,8,10,8
295951,0,1015,0,40,2,8,2,1,31,31,8
317508,0,1015,0,40,2,2,2,1,5,26,8
312353,0,1015,0,40,3,4,2,1,14,33,8
287747,0,1015,0,40,3,7,2,1,57,54,8
318060,0,1015,0,40,2,1,2,1,4,42,8
318731,0,1015,0,40,2,1,2,1,4,61,8
318833,0,1015,0,40,2,1,2,1,4,18,8
318897,0,1015,0,40,2,1,2,1,4,34,8
307662,0,1015,0,40,3,2,2,1,32,23,8
271830,0,1015,0,40,3,7,2,1,83,49,8
253929,0,1015,0,40,3,13,2,1,73,59,8
313849,0,1015,0,40,2,1,2,1,22,28,8
276709,0,1015,0,40,2,5,2,1,75,32,8
255424,0,1015,0,40,2,12,2,1,91,114,8
314787,0,1015,0,40,3,1,2,1,19,68,8
281987,0,1015,0,40,3,8,2,1,58,37,8
254209,0,1015,0,40,3,12,2,1,96,15,8
285282,0,1015,0,40,3,6,2,1,47,41,8
308549,0,1015,0,40,3,5,2,1,29,35,8
315773,0,1015,0,40,2,1,2,1,16,71,8
315712,0,1015,0,40,2,1,2,1,15,31,8
311259,0,1015,0,40,2,2,2,1,22,25,8
302131,0,1015,0,40,3,3,2,1,38,39,8
309529,0,1015,0,40,3,2,2,1,20,44,8
313559,0,1015,0,40,3,2,2,1,15,49,8
314371,0,1015,0,40,2,3,2,1,14,49,8
316086,0,1015,0,40,2,1,2,1,12,46,8
316693,0,1015,0,40,2,1,2,1,12,54,8
313582,0,1015,0,40,2,2,2,1,13,43,8
284365,0,1015,0,40,3,9,2,1,49,72,8
258647,0,1015,0,40,2,11,2,1,78,28,8
227328,0,1015,0,40,2,22,2,1,113,44,8
315710,0,1015,0,40,3,1,2,1,11,68,8
317101,0,1015,0,40,3,1,2,1,11,33,8
281689,0,1015,0,40,3,7,2,1,53,23,8
304055,0,1015,0,40,3,4,2,1,25,65,8
258470,0,1015,0,40,3,14,2,1,70,29,8
289199,0,1015,0,40,2,8,2,1,44,34,8
295615,0,1015,0,40,3,8,2,1,35,68,8
313664,0,1015,0,40,3,2,2,1,14,16,8
317542,0,1015,0,40,3,1,2,1,10,60,8
220462,0,1015,0,40,3,10,2,1,97,71,8
310995,0,1015,0,40,3,4,2,1,12,65,8
286580,0,1015,0,40,2,7,2,1,55,41,8
293570,0,1015,0,40,2,6,2,1,48,18,8
316810,0,1015,0,40,2,1,2,1,9,42,8
317873,0,1015,0,40,2,1,2,1,9,55,8
258902,0,1015,0,40,2,13,2,1,68,35,8
270081,0,1015,0,40,3,13,2,1,60,34,8
284244,1,1015,941,40,2,8,2,1,44,58,8
271551,0,1015,0,40,2,10,2,1,75,43,8
282713,0,1015,0,40,2,8,2,1,61,32,8
315225,0,1015,0,40,3,2,2,1,15,57,8
304979,0,1015,0,40,3,6,2,1,23,14,8
312188,0,1015,0,40,2,2,2,1,23,31,8
317617,0,1015,0,40,3,1,2,1,8,40,8
317933,0,1015,0,40,2,1,2,1,8,96,8
302255,0,1015,0,40,2,5,2,1,23,41,8
282572,0,1015,0,40,3,8,2,1,49,45,8
313475,0,1015,0,40,3,3,2,1,14,23,8
266105,0,1015,0,40,2,9,2,1,74,67,8
303425,0,1015,0,40,2,4,2,1,36,28,8
264200,0,1015,0,40,2,12,2,1,71,34,8
312907,0,1015,0,40,2,3,2,1,15,44,8
317093,0,1015,0,40,3,2,2,1,10,47,8
318365,0,1015,0,40,2,1,2,1,7,50,8
312862,0,1015,0,40,2,2,2,1,10,84,8
284866,0,1015,0,40,3,9,2,1,45,44,8
292116,0,1015,0,40,2,5,2,1,41,47,8
257776,0,1015,0,40,3,14,2,1,85,44,8
299595,0,1015,0,40,3,5,2,1,28,85,8
250646,0,1015,0,40,3,14,2,1,87,56,8
315855,0,1015,0,40,3,2,2,1,13,28,8
317490,0,1015,0,40,3,2,2,1,7,51,8
306736,0,1015,0,40,2,6,2,1,19,56,8
252764,0,1015,0,40,2,12,2,1,95,78,8
318288,0,1015,0,40,3,1,2,1,6,61,8
318680,0,1015,0,40,2,1,2,1,6,64,8
287490,0,1015,0,40,2,6,2,1,51,76,8
311494,0,1015,0,40,3,3,2,1,11,48,8
308789,0,1015,0,40,3,5,2,1,21,49,8
315550,0,1015,0,40,3,2,2,1,6,40,8
312584,0,1015,0,40,3,4,2,1,14,36,8
235884,0,1015,0,40,3,19,2,1,103,74,8
283820,0,1015,0,40,2,8,2,1,50,29,8
306226,0,1015,0,40,2,5,2,1,20,35,8
315187,0,1015,0,40,3,3,2,1,15,33,8
313836,0,1015,0,40,3,3,2,1,12,43,8
314616,0,1015,0,40,2,3,2,1,14,27,8
318947,0,1015,0,40,3,1,2,1,5,41,8
294606,0,1015,0,40,2,7,2,1,32,42,8
316050,0,1015,0,40,3,2,2,1,5,35,8
312973,0,1015,0,40,3,3,2,1,12,43,8
288420,0,1015,0,40,2,5,2,1,54,40,8
317000,0,1015,0,40,3,2,2,1,5,32,8
282415,0,1015,0,40,2,11,2,1,59,61,8
305239,0,1015,0,40,2,5,2,1,29,29,8
314592,0,1015,0,40,3,3,2,1,7,37,8
301372,0,1015,0,40,2,5,2,1,40,43,8
294569,0,1015,0,40,2,6,2,1,42,25,8
305349,0,1015,0,40,2,5,2,1,20,36,8
307734,0,1015,0,40,3,5,2,1,11,70,8
304408,0,1015,0,40,3,5,2,1,32,23,8
293007,0,1015,0,40,3,5,2,1,49,67,8
317532,0,1015,0,40,2,2,2,1,7,21,8
296099,0,1015,0,40,3,6,2,1,45,60,8
303044,0,1015,0,40,3,4,2,1,34,74,8
300395,0,1015,0,40,2,6,2,1,37,27,8
319058,0,1015,0,40,3,1,2,1,4,30,8
319126,0,1015,0,40,2,1,2,1,4,27,8
319286,0,1015,0,40,2,1,2,1,4,95,8
274085,0,1015,0,40,2,7,2,1,77,71,8
299881,0,1015,0,40,2,5,2,1,43,35,8
310822,0,1015,0,40,3,2,2,1,27,35,8
309028,0,1015,0,40,3,3,2,1,29,34,8
248290,0,1015,0,40,2,12,2,1,96,37,8
261048,1,1015,923,40,3,13,2,1,65,30,8
288037,0,1015,0,40,2,9,2,1,48,31,8
251658,0,1015,0,40,2,16,2,1,85,41,8
311408,0,1015,0,40,2,3,2,1,20,41,8
315236,0,1015,0,40,2,1,2,1,17,35,8
314468,0,1015,0,40,3,2,2,1,19,35,8
263928,0,1015,0,40,3,10,2,1,71,69,8
313519,0,1015,0,40,2,3,2,1,17,38,8
309673,0,1015,0,40,2,3,2,1,28,53,8
316400,0,1015,0,40,2,1,2,1,14,76,8
310214,0,1015,0,40,3,3,2,1,23,40,8
315820,0,1015,0,40,3,2,2,1,14,52,8
316537,0,1015,0,40,2,1,2,1,13,18,8
316771,0,1015,0,40,3,1,2,1,13,36,8
294315,0,1015,0,40,2,9,2,1,30,57,8
309731,0,1015,0,40,3,2,2,1,28,24,8
314196,0,1015,0,40,3,2,2,1,16,87,8
304715,0,1015,0,40,2,5,2,1,23,15,8
282069,0,1015,0,40,2,8,2,1,51,50,8
309362,0,1015,0,40,2,4,2,1,25,12,8
317376,0,1015,0,40,2,1,2,1,11,43,8
309066,0,1015,0,40,3,2,2,1,30,47,8
268031,0,1015,0,40,3,10,2,1,75,62,8
315967,0,1015,0,40,3,2,2,1,12,12,8
316602,0,1015,0,40,2,2,2,1,11,17,8
288938,0,1015,0,40,2,7,2,1,63,76,8
317785,0,1015,0,40,3,1,2,1,10,38,8
285101,0,1015,0,40,3,8,2,1,57,55,8
315871,0,1015,0,40,3,2,2,1,13,41,8
315117,0,1015,0,40,2,2,2,1,17,22,8
300885,0,1015,0,40,3,3,2,1,37,28,8
312991,0,1015,0,40,2,3,2,1,14,19,8
279112,0,1015,0,40,2,8,2,1,53,47,8
292214,0,1015,0,40,2,5,2,1,40,46,8
264368,1,1015,972,40,3,10,2,1,79,27,8
286669,0,1015,0,40,2,11,2,1,47,31,8
299266,0,1015,0,40,2,6,2,1,33,36,8
300334,0,1015,0,40,3,4,2,1,44,34,8
308972,0,1015,0,40,2,4,2,1,20,44,8
318126,0,1015,0,40,3,1,2,1,8,56,8
297678,0,1015,0,40,3,5,2,1,34,34,8
260439,0,1015,0,40,3,12,2,1,76,32,8
304367,0,1015,0,40,2,4,2,1,26,41,8
295983,0,1015,0,40,3,7,2,1,32,18,8
282801,0,1015,0,40,3,11,2,1,47,39,8
316199,0,1015,0,40,2,2,2,1,11,41,8
266106,0,1015,0,40,3,13,2,1,81,63,8
290690,0,1015,0,40,3,7,2,1,49,38,8
317764,0,1015,0,40,2,1,2,1,7,25,8
318096,0,1015,0,40,3,1,2,1,7,67,8
318260,0,1015,0,40,2,1,2,1,7,74,8
306571,0,1015,0,40,3,3,2,1,22,60,8
313053,0,1015,0,40,2,2,2,1,17,48,8
281825,0,1015,0,40,2,9,2,1,51,20,8
316105,0,1015,0,40,2,2,2,1,11,76,8
226811,1,1015,928,40,3,18,2,1,143,46,8
315530,0,1015,0,40,3,2,2,1,12,44,8
313785,0,1015,0,40,2,3,2,1,18,31,8
315748,0,1015,0,40,2,3,2,1,12,33,8
308334,0,1015,0,40,2,5,2,1,22,26,8
308849,0,1015,0,40,2,4,2,1,20,70,8
318911,0,1015,0,40,3,1,2,1,6,31,8
237915,0,1015,0,40,3,16,2,1,115,21,8
290490,0,1015,0,40,2,9,2,1,37,26,8
315483,0,1015,0,40,3,3,2,1,11,38,8
312077,0,1015,0,40,3,3,2,1,16,24,8
316612,0,1015,0,40,2,2,2,1,11,34,8
316917,0,1015,0,40,2,2,2,1,10,31,8
306928,0,1015,0,40,2,6,2,1,28,79,8
307924,0,1015,0,40,3,5,2,1,20,86,8
307962,0,1015,0,40,3,6,2,1,25,29,8
318744,0,1015,0,40,3,1,2,1,5,52,8
319308,0,1015,0,40,2,1,2,1,5,48,8
249316,0,1015,0,40,3,16,2,1,72,57,8
259408,0,1015,0,40,3,11,2,1,85,51,8
266812,0,1015,0,40,2,13,2,1,58,38,8
312024,0,1015,0,40,2,3,2,1,15,35,8
247426,1,1015,942,40,3,15,2,1,79,50,8
294032,0,1015,0,40,3,7,2,1,44,36,8
310785,0,1015,0,40,3,3,2,1,16,30,8
276395,0,1015,0,40,2,12,2,1,63,31,8
309656,0,1015,0,40,3,3,2,1,26,49,8
313790,0,1015,0,40,2,3,2,1,11,75,8
285019,0,1015,0,40,2,8,2,1,56,74,8
315599,0,1015,0,40,2,2,2,1,15,75,8
317386,0,1015,0,40,2,2,2,1,9,69,8
310341,0,1015,0,40,2,3,2,1,19,59,8
319199,0,1015,0,40,2,1,2,1,4,42,8
319548,0,1015,0,40,2,1,2,1,4,82,8
286021,0,1015,0,40,3,5,2,1,51,27,8
231676,0,1015,0,40,2,20,2,1,107,34,8
291708,0,1015,0,40,3,6,2,1,39,44,8
310542,0,1015,0,40,2,4,2,1,26,38,8
252442,0,1015,0,40,3,10,2,1,94,11,8
267504,1,1015,903,40,3,10,2,1,77,55,8
305275,0,1015,0,40,3,4,2,1,28,43,8
293258,0,1015,0,40,3,6,2,1,35,85,8
257743,0,1015,0,40,2,10,2,1,81,36,8
302661,0,1015,0,40,2,5,2,1,35,53,8
301164,0,1015,0,40,3,4,2,1,31,34,8
308484,0,1015,0,40,2,5,2,1,19,43,8
263210,1,1015,937,40,3,12,2,1,66,52,8
289338,0,1015,0,40,2,6,2,1,54,54,8
240961,0,1015,0,40,2,17,2,1,97,57,8
272869,0,1015,0,40,2,10,2,1,69,66,8
262356,0,1015,0,40,2,13,2,1,65,59,8
284139,0,1015,0,40,2,7,2,1,49,78,8
287023,0,1015,0,40,2,9,2,1,50,43,8
316499,0,1015,0,40,3,1,2,1,10,39,8
295476,0,1015,0,40,2,5,2,1,48,35,8
307557,0,1015,0,40,2,3,2,1,28,18,8
260025,0,1015,0,40,3,14,2,1,77,33,8
261142,0,1015,0,40,2,10,2,1,83,30,8
317860,0,1015,0,40,3,1,2,1,8,36,8
295959,0,1015,0,40,3,8,2,1,32,41,8
313075,0,1015,0,40,2,3,2,1,18,80,8
297774,0,1015,0,40,2,7,2,1,31,40,8
317399,0,1015,0,40,3,2,2,1,8,34,8
317900,0,1015,0,40,2,1,2,1,7,54,8
318999,0,1015,0,40,3,1,2,1,7,65,8
280521,0,1015,0,40,3,8,2,1,48,31,8
315782,0,1015,0,40,2,2,2,1,8,61,8
279786,0,1015,0,40,2,10,2,1,44,13,8
316637,0,1015,0,40,3,2,2,1,8,60,8
315804,0,1015,0,40,2,3,2,1,11,40,8
301995,0,1015,0,40,2,4,2,1,41,25,8
318764,0,1015,0,40,3,1,2,1,6,87,8
318888,0,1015,0,40,3,1,2,1,6,69,8
319072,0,1015,0,40,3,1,2,1,6,53,8
319298,0,1015,0,40,3,1,2,1,6,17,8
315510,0,1015,0,40,2,2,2,1,9,29,8
313714,0,1015,0,40,3,3,2,1,9,39,8
268975,0,1015,0,40,2,12,2,1,68,80,8
313391,0,1015,0,40,2,3,2,1,12,84,8
310887,0,1015,0,40,3,4,2,1,12,24,8
297061,0,1015,0,40,3,5,2,1,32,80,8
293307,0,1015,0,40,3,6,2,1,51,64,8
288669,0,1015,0,40,2,7,2,1,51,11,8
281037,0,1015,0,40,2,10,2,1,54,48,8
311290,0,1015,0,40,3,4,2,1,22,25,8
295423,0,1015,0,40,3,7,2,1,43,34,8
312010,0,1015,0,40,3,3,2,1,21,62,8
319043,0,1015,0,40,3,1,2,1,5,30,8
319151,0,1015,0,40,3,1,2,1,5,47,8
316028,0,1015,0,40,3,2,2,1,6,54,8
315431,0,1015,0,40,3,3,2,1,9,32,8
306753,0,1015,0,40,2,5,2,1,21,72,8
299389,0,1015,0,40,2,6,2,1,34,41,8
276169,1,1015,936,40,2,11,2,1,67,18,8
310307,0,1015,0,40,3,5,2,1,17,100,8
304913,0,1015,0,40,2,4,2,1,30,21,8
318617,0,1015,0,40,3,1,2,1,4,39,8
319169,0,1015,0,40,3,1,2,1,4,24,8
316488,0,1015,0,40,2,1,2,1,16,36,8
273941,0,1015,0,40,2,8,2,1,69,18,8
316529,0,1015,0,40,2,1,2,1,15,57,8
218475,0,1015,0,40,2,14,2,1,132,54,8
295151,0,1015,0,40,3,5,2,1,48,37,8
242581,0,1015,0,40,3,20,2,1,99,85,8
312366,0,1015,0,40,2,2,2,1,13,78,8
317355,0,1015,0,40,3,1,2,1,12,40,8
309788,0,1015,0,40,2,3,2,1,24,60,8
228160,1,1015,925,40,2,16,2,1,130,33,8
318109,0,1015,0,40,2,1,2,1,11,59,8
311096,0,1015,0,40,3,3,2,1,27,24,8
292849,0,1015,0,40,3,8,2,1,42,83,8
314523,0,1015,0,40,3,3,2,1,17,59,8
316519,0,1015,0,40,3,2,2,1,12,103,8
314977,0,1015,0,40,2,3,2,1,13,46,8
304080,0,1015,0,40,3,5,2,1,30,35,8
257040,0,1015,0,40,3,11,2,1,85,80,8
260402,0,1015,0,40,2,11,2,1,63,32,8
274429,0,1015,0,40,2,11,2,1,63,63,8
317570,0,1015,0,40,3,2,2,1,8,37,8
265566,0,1015,0,40,3,13,2,1,60,35,8
318362,0,1015,0,40,3,1,2,1,7,69,8
289497,0,1015,0,40,3,5,2,1,48,9,8
258295,0,1015,0,40,2,10,2,1,92,60,8
316645,0,1015,0,40,3,2,2,1,10,49,8
317296,0,1015,0,40,3,2,2,1,7,31,8
312616,0,1015,0,40,3,3,2,1,18,59,8
271972,0,1015,0,40,3,9,2,1,80,55,8
313271,0,1015,0,40,2,3,2,1,16,9,8
318226,0,1015,0,40,2,1,2,1,6,49,8
277835,0,1015,0,40,2,7,2,1,73,45,8
311315,0,1015,0,40,2,3,2,1,23,42,8
287118,0,1015,0,40,2,10,2,1,46,76,8
316473,0,1015,0,40,2,2,2,1,12,27,8
291235,0,1015,0,40,2,8,2,1,29,68,8
309776,0,1015,0,40,2,5,2,1,19,32,8
319675,0,1015,0,40,2,1,2,1,5,43,8
319783,0,1015,0,40,2,1,2,1,5,61,8
297366,0,1015,0,40,3,7,2,1,26,51,8
300756,0,1015,0,40,2,4,2,1,40,50,8
317109,0,1015,0,40,2,2,2,1,10,50,8
304252,0,1015,0,40,2,5,2,1,26,31,8
291921,0,1015,0,40,2,8,2,1,42,54,8
317254,0,1015,0,40,2,3,2,1,7,92,8
319405,0,1015,0,40,2,1,2,1,4,17,8
319989,0,1015,0,40,2,1,2,1,4,29,8
293149,0,1015,0,40,3,7,2,1,45,34,8
288381,0,1015,0,40,3,8,2,1,55,17,8
309058,0,1015,0,40,3,4,2,1,21,56,8
311618,0,1015,0,40,3,4,2,1,23,31,8
319386,0,1015,0,40,2,1,2,1,7,17,8
298596,0,1015,0,40,3,6,2,1,31,44,8
304015,0,1015,0,40,3,7,2,1,27,39,8
309228,0,1015,0,40,2,4,2,1,21,28,8
318729,0,1015,0,40,2,0,2,1,3,20,8
319077,0,1015,0,40,3,0,2,1,3,27,8
319141,0,1015,0,40,2,0,2,1,3,56,8
319205,0,1015,0,40,2,0,2,1,3,79,8
319269,0,1015,0,40,3,0,2,1,3,34,8
319329,0,1015,0,40,2,0,2,1,3,37,8
319361,0,1015,0,40,2,0,2,1,3,79,8
319393,0,1015,0,40,2,0,2,1,3,32,8
319425,0,1015,0,40,2,0,2,1,3,46,8
319541,0,1015,0,40,2,0,2,1,3,91,8
319602,0,1015,0,40,2,0,2,1,3,25,8
319634,0,1015,0,40,3,0,2,1,3,57,8
319650,0,1015,0,40,3,0,2,1,3,38,8
319666,0,1015,0,40,2,0,2,1,3,29,8
319682,0,1015,0,40,3,0,2,1,3,30,8
319698,0,1015,0,40,3,0,2,1,3,86,8
319714,0,1015,0,40,2,0,2,1,3,26,8
319746,0,1015,0,40,3,0,2,1,3,41,8
319762,0,1015,0,40,2,0,2,1,3,71,8
319778,0,1015,0,40,2,0,2,1,3,31,8
319810,0,1015,0,40,2,0,2,1,3,45,8
319824,0,1015,0,40,3,0,2,1,3,10,8
319840,0,1015,0,40,3,0,2,1,3,48,8
319856,0,1015,0,40,2,0,2,1,3,22,8
319880,0,1015,0,40,2,0,2,1,3,31,8
319896,0,1015,0,40,2,0,2,1,3,25,8
319904,0,1015,0,40,2,0,2,1,3,35,8
319912,0,1015,0,40,2,0,2,1,3,45,8
319920,0,1015,0,40,3,0,2,1,3,46,8
319936,0,1015,0,40,3,0,2,1,3,25,8
319952,0,1015,0,40,2,0,2,1,3,37,8
319968,0,1015,0,40,2,0,2,1,3,50,8
319976,0,1015,0,40,3,0,2,1,3,61,8
319984,0,1015,0,40,2,0,2,1,3,71,8
319992,0,1015,0,40,3,0,2,1,3,30,8
320000,0,1015,0,40,3,0,2,1,3,51,8
320008,0,1015,0,40,2,0,2,1,3,17,8
320024,0,1015,0,40,2,0,2,1,3,30,8
320037,0,1015,0,40,2,0,2,1,3,20,8
320041,0,1015,0,40,2,0,2,1,3,35,8
320045,0,1015,0,40,2,0,2,1,3,38,8
320049,0,1015,0,40,3,0,2,1,3,53,8
320053,0,1015,0,40,2,0,2,1,3,29,8
320057,0,1015,0,40,3,0,2,1,3,40,8
320061,0,1015,0,40,2,0,2,1,3,63,8
320065,0,1015,0,40,3,0,2,1,3,22,8
320073,0,1015,0,40,3,0,2,1,3,48,8
320077,0,1015,0,40,3,0,2,1,3,70,8
320081,0,1015,0,40,2,0,2,1,3,28,8
320085,0,1015,0,40,3,0,2,1,3,35,8
320089,0,1015,0,40,3,0,2,1,3,24,8
320093,0,1015,0,40,2,0,2,1,3,38,8
320105,0,1015,0,40,2,0,2,1,3,31,8
320109,0,1015,0,40,3,0,2,1,3,9,8
320113,0,1015,0,40,3,0,2,1,3,36,8
320121,0,1015,0,40,3,0,2,1,3,31,8
320125,0,1015,0,40,2,0,2,1,3,40,8
320133,0,1015,0,40,2,0,2,1,3,13,8
320137,0,1015,0,40,2,0,2,1,3,112,8
320149,0,1015,0,40,3,0,2,1,3,37,8
320161,0,1015,0,40,3,0,2,1,3,31,8
320165,0,1015,0,40,3,0,2,1,3,45,8
320173,0,1015,0,40,2,0,2,1,3,42,8
320177,0,1015,0,40,2,0,2,1,3,26,8
320185,0,1015,0,40,3,0,2,1,3,28,8
320189,0,1015,0,40,2,0,2,1,3,47,8
320193,0,1015,0,40,3,0,2,1,3,36,8
320205,0,1015,0,40,3,0,2,1,3,83,8
320209,0,1015,0,40,3,0,2,1,3,28,8
320217,0,1015,0,40,3,0,2,1,3,47,8
320221,0,1015,0,40,3,0,2,1,3,43,8
320225,0,1015,0,40,2,0,2,1,3,28,8
320229,0,1015,0,40,2,0,2,1,3,28,8
320237,0,1015,0,40,3,0,2,1,3,28,8
320241,0,1015,0,40,3,0,2,1,3,30,8
320249,0,1015,0,40,3,0,2,1,3,26,8
320253,0,1015,0,40,3,0,2,1,3,49,8
320257,0,1015,0,40,3,0,2,1,3,99,8
320269,0,1015,0,40,3,0,2,1,3,53,8
320277,0,1015,0,40,3,0,2,1,3,50,8
320281,0,1015,0,40,3,0,2,1,3,31,8
320283,0,1015,0,40,3,0,2,1,3,30,8
320287,0,1015,0,40,3,0,2,1,3,39,8
320289,0,1015,0,40,2,0,2,1,3,55,8
320293,0,1015,0,40,2,0,2,1,3,51,8
320295,0,1015,0,40,3,0,2,1,3,19,8
320297,0,1015,0,40,3,0,2,1,3,64,8
320299,0,1015,0,40,3,0,2,1,3,90,8
320301,0,1015,0,40,2,0,2,1,3,43,8
320303,0,1015,0,40,2,0,2,1,3,24,8
320307,0,1015,0,40,3,0,2,1,3,57,8
320311,0,1015,0,40,2,0,2,1,3,49,8
320315,0,1015,0,40,3,0,2,1,3,67,8
320317,0,1015,0,40,2,0,2,1,3,38,8
320319,0,1015,0,40,3,0,2,1,3,21,8
320323,0,1015,0,40,2,0,2,1,3,65,8
320325,0,1015,0,40,3,0,2,1,3,55,8
320327,0,1015,0,40,2,0,2,1,3,104,8
320329,0,1015,0,40,2,0,2,1,3,42,8
320331,0,1015,0,40,3,0,2,1,3,39,8
320333,0,1015,0,40,2,0,2,1,3,35,8
320335,0,1015,0,40,2,0,2,1,3,36,8
320337,0,1015,0,40,2,0,2,1,3,53,8
320339,0,1015,0,40,2,0,2,1,3,66,8
320341,0,1015,0,40,3,0,2,1,3,64,8
320343,0,1015,0,40,2,0,2,1,3,28,8
320347,0,1015,0,40,2,0,2,1,3,32,8
320349,0,1015,0,40,3,0,2,1,3,43,8
320351,0,1015,0,40,2,0,2,1,3,87,8
320355,0,1015,0,40,3,0,2,1,3,56,8
320357,0,1015,0,40,3,0,2,1,3,21,8
320359,0,1015,0,40,2,0,2,1,3,44,8
320361,0,1015,0,40,2,0,2,1,3,40,8
320363,0,1015,0,40,2,0,2,1,3,62,8
320365,0,1015,0,40,3,0,2,1,3,27,8
320367,0,1015,0,40,2,0,2,1,3,49,8
320371,0,1015,0,40,2,0,2,1,3,32,8
320373,0,1015,0,40,2,0,2,1,3,34,8
320375,0,1015,0,40,2,0,2,1,3,74,8
320377,0,1015,0,40,2,0,2,1,3,42,8
320379,0,1015,0,40,2,0,2,1,3,81,8
320381,0,1015,0,40,2,0,2,1,3,19,8
320383,0,1015,0,40,3,0,2,1,3,40,8
320385,0,1015,0,40,2,0,2,1,3,34,8
320389,0,1015,0,40,2,0,2,1,3,63,8
320393,0,1015,0,40,3,0,2,1,3,19,8
320397,0,1015,0,40,2,0,2,1,3,43,8
320399,0,1015,0,40,2,0,2,1,3,29,8
320403,0,1015,0,40,2,0,2,1,3,20,8
320407,0,1015,0,40,2,0,2,1,3,63,8
320411,0,1015,0,40,2,0,2,1,3,53,8
320413,0,1015,0,40,2,0,2,1,3,21,8
320415,0,1015,0,40,3,0,2,1,3,62,8
320419,0,1015,0,40,2,0,2,1,3,37,8
320421,0,1015,0,40,2,0,2,1,3,90,8
320423,0,1015,0,40,3,0,2,1,3,58,8
320425,0,1015,0,40,3,0,2,1,3,30,8
320427,0,1015,0,40,3,0,2,1,3,67,8
320429,0,1015,0,40,2,0,2,1,3,26,8
320433,0,1015,0,40,2,0,2,1,3,82,8
320435,0,1015,0,40,2,0,2,1,3,25,8
320437,0,1015,0,40,3,0,2,1,3,73,8
320441,0,1015,0,40,3,0,2,1,3,43,8
320445,0,1015,0,40,3,0,2,1,3,32,8
320447,0,1015,0,40,3,0,2,1,3,93,8
320449,0,1015,0,40,2,0,2,1,3,18,8
320451,0,1015,0,40,3,0,2,1,3,33,8
320453,0,1015,0,40,2,0,2,1,3,18,8
320455,0,1015,0,40,3,0,2,1,3,20,8
320461,0,1015,0,40,3,0,2,1,3,48,8
320465,0,1015,0,40,3,0,2,1,3,76,8
320469,0,1015,0,40,3,0,2,1,3,50,8
320473,0,1015,0,40,2,0,2,1,3,26,8
320475,0,1015,0,40,3,0,2,1,3,36,8
320477,0,1015,0,40,3,0,2,1,3,53,8
320479,0,1015,0,40,2,0,2,1,3,20,8
320481,0,1015,0,40,3,0,2,1,3,81,8
320483,0,1015,0,40,3,0,2,1,3,38,8
320485,0,1015,0,40,3,0,2,1,3,29,8
320487,0,1015,0,40,3,0,2,1,3,86,8
320493,0,1015,0,40,3,0,2,1,3,33,8
320495,0,1015,0,40,2,0,2,1,3,18,8
320499,0,1015,0,40,3,0,2,1,3,28,8
315033,0,1015,0,40,3,1,2,1,6,55,8
297174,0,1015,0,40,3,4,2,1,38,49,8
300312,0,1015,0,40,2,3,2,1,32,31,8
307947,0,1015,0,40,2,4,2,1,16,103,8
316921,0,1015,0,40,3,1,2,1,3,24,8
250566,0,1015,0,40,3,16,2,1,68,38,8
309367,0,1015,0,40,3,4,2,1,18,62,8
288230,0,1015,0,40,2,3,2,1,51,85,8
313155,0,1015,0,40,3,2,2,1,10,50,8
314264,0,1015,0,40,3,2,2,1,8,49,8
307424,0,1015,0,40,2,4,2,1,15,62,8
243606,0,1015,0,40,3,16,2,1,91,35,8
317086,0,1015,0,40,3,1,2,1,3,94,8
278207,0,1015,0,40,2,9,2,1,34,85,8
294391,0,1015,0,40,2,7,2,1,44,54,8
296891,0,1015,0,40,3,5,2,1,31,40,8
313491,0,1015,0,40,2,2,2,1,12,46,8
309574,0,1015,0,40,2,2,2,1,20,58,8
231997,0,1015,0,40,2,18,2,1,93,17,8
316128,0,1015,0,40,3,1,2,1,8,30,8
287083,0,1015,0,40,3,8,2,1,44,36,8
293212,0,1015,0,40,2,6,2,1,32,47,8
289393,0,1015,0,40,2,6,2,1,43,50,8
284328,0,1015,0,40,2,9,2,1,40,36,8
317305,0,1015,0,40,2,1,2,1,5,43,8
295807,0,1015,0,40,2,6,2,1,34,75,8
317074,0,1015,0,40,2,1,2,1,4,17,8
313783,0,1015,0,40,3,2,2,1,7,19,8
315283,0,1015,0,40,3,2,2,1,10,53,8
271435,0,1015,0,40,2,7,2,1,63,74,8
309602,0,1015,0,40,3,2,2,1,22,41,8
307622,0,1015,0,40,2,3,2,1,20,81,8
235197,0,1015,0,40,3,15,2,1,114,47,8
311375,0,1015,0,40,2,2,2,1,19,25,8
305027,0,1015,0,40,3,2,2,1,36,28,8
310465,0,1015,0,40,2,3,2,1,13,50,8
277641,0,1015,0,40,2,9,2,1,54,42,8
307961,0,1015,0,40,2,3,2,1,22,38,8
314128,0,1015,0,40,3,2,2,1,8,77,8
315565,0,1015,0,40,3,2,2,1,8,23,8
264610,0,1015,0,40,3,11,2,1,65,68,8
312732,0,1015,0,40,3,4,2,1,13,49,8
317075,0,1015,0,40,3,1,2,1,6,27,8
300259,0,1015,0,40,3,5,2,1,27,40,8
263879,0,1015,0,40,2,13,2,1,59,23,8
234399,0,1015,0,40,2,16,2,1,110,53,8
317683,0,1015,0,40,2,1,2,1,4,49,8
289487,0,1015,0,40,2,7,2,1,46,26,8
311556,0,1015,0,40,2,4,2,1,12,51,8
313832,0,1015,0,40,3,3,2,1,7,32,8
265659,1,1015,940,40,2,11,2,1,72,30,8
317353,0,1015,0,40,2,1,2,1,3,42,8
308522,0,1015,0,40,3,2,2,1,26,24,8
308328,0,1015,0,40,3,2,2,1,25,54,8
253666,0,1015,0,40,2,12,2,1,95,52,8
280150,0,1015,0,40,3,8,2,1,61,32,8
314769,0,1015,0,40,2,1,2,1,15,67,8
314389,0,1015,0,40,2,1,2,1,13,49,8
297142,0,1015,0,40,2,6,2,1,36,31,8
273789,0,1015,0,40,2,8,2,1,73,33,8
310511,0,1015,0,40,2,3,2,1,16,40,8
286556,0,1015,0,40,3,4,2,1,57,40,8
308462,0,1015,0,40,3,3,2,1,20,44,8
308310,0,1015,0,40,2,3,2,1,16,42,8
294636,0,1015,0,40,3,7,2,1,26,31,8
312081,0,1015,0,40,3,3,2,1,15,44,8
315357,0,1015,0,40,2,2,2,1,9,39,8
313116,0,1015,0,40,3,3,2,1,10,16,8
316623,0,1015,0,40,2,1,2,1,7,38,8
303882,0,1015,0,40,2,5,2,1,17,39,8
295373,0,1015,0,40,2,7,2,1,32,13,8
272709,1,1015,934,40,2,9,2,1,61,16,8
276164,0,1015,0,40,3,7,2,1,61,41,8
317444,0,1015,0,40,3,1,2,1,6,55,8
240762,0,1015,0,40,3,18,2,1,93,62,8
220933,0,1015,0,40,2,15,2,1,82,70,8
305383,0,1015,0,40,2,5,2,1,17,24,8
316188,0,1015,0,40,2,2,2,1,6,37,8
300687,0,1015,0,40,2,6,2,1,22,38,8
266481,0,1015,0,40,3,10,2,1,75,53,8
282035,0,1015,0,40,3,8,2,1,48,54,8
284661,0,1015,0,40,2,7,2,1,45,41,8
238881,0,1015,0,40,2,14,2,1,109,41,8
317975,0,1015,0,40,3,1,2,1,4,74,8
308239,0,1015,0,40,2,2,2,1,22,43,8
314024,0,1015,0,40,3,2,2,1,4,11,8
313507,0,1015,0,40,2,2,2,1,10,34,8
255568,0,1015,0,40,2,15,2,1,67,40,8
286415,0,1015,0,40,2,9,2,1,37,37,8
315126,0,1015,0,40,2,2,2,1,9,70,8
280371,0,1015,0,40,3,11,2,1,50,63,8
287515,0,1015,0,40,2,10,2,1,41,97,8
318311,0,1015,0,40,3,1,2,1,3,29,8
309172,0,1015,0,40,3,2,2,1,26,64,8
229454,0,1015,0,40,3,15,2,1,132,46,8
306743,0,1015,0,40,2,3,2,1,22,31,8
302986,0,1015,0,40,3,6,2,1,32,38,8
311464,0,1015,0,40,3,2,2,1,21,52,8
299301,0,1015,0,40,2,4,2,1,34,57,8
290532,0,1015,0,40,2,8,2,1,43,27,8
293859,0,1015,0,40,3,7,2,1,37,23,8
315031,0,1015,0,40,2,1,2,1,15,40,8
221387,0,1015,0,40,2,18,2,1,103,68,8
310211,0,1015,0,40,2,3,2,1,22,56,8
312277,0,1015,0,40,2,3,2,1,16,54,8
310996,0,1015,0,40,3,2,2,1,19,21,8
314470,0,1015,0,40,3,2,2,1,12,40,8
315610,0,1015,0,40,2,1,2,1,11,29,8
303897,0,1015,0,40,2,5,2,1,26,32,8
281635,0,1015,0,40,2,9,2,1,52,68,8
316726,0,1015,0,40,3,1,2,1,10,15,8
301962,0,1015,0,40,3,4,2,1,21,61,8
239587,0,1015,0,40,3,14,2,1,112,23,8
291307,0,1015,0,40,2,7,2,1,45,41,8
304481,0,1015,0,40,3,4,2,1,32,82,8
274027,0,1015,0,40,3,7,2,1,68,45,8
289127,0,1015,0,40,2,7,2,1,49,29,8
278810,0,1015,0,40,3,7,2,1,61,19,8
300193,0,1015,0,40,3,5,2,1,37,34,8
302447,0,1015,0,40,3,5,2,1,19,13,8
310148,0,1015,0,40,3,3,2,1,19,35,8
276224,1,1015,921,40,2,9,2,1,54,72,8
243747,0,1015,0,40,3,17,2,1,84,53,8
314256,0,1015,0,40,3,2,2,1,14,49,8
317182,0,1015,0,40,3,1,2,1,7,24,8
308465,0,1015,0,40,3,3,2,1,20,35,8
266858,0,1015,0,40,2,10,2,1,69,34,8
281645,0,1015,0,40,2,7,2,1,45,68,8
313241,0,1015,0,40,3,2,2,1,16,21,8
307818,0,1015,0,40,2,4,2,1,23,44,8
316451,0,1015,0,40,2,2,2,1,9,34,8
317817,0,1015,0,40,2,1,2,1,6,35,8
299634,0,1015,0,40,2,6,2,1,29,29,8
274436,0,1015,0,40,2,10,2,1,43,57,8
311322,0,1015,0,40,2,3,2,1,14,57,8
309549,0,1015,0,40,3,4,2,1,20,30,8
310675,0,1015,0,40,3,4,2,1,9,49,8
317670,0,1015,0,40,3,1,2,1,5,19,8
317906,0,1015,0,40,3,1,2,1,5,81,8
318097,0,1015,0,40,2,1,2,1,5,20,8
295225,0,1015,0,40,3,7,2,1,24,62,8
292731,0,1015,0,40,2,6,2,1,36,35,8
315957,0,1015,0,40,2,2,2,1,6,73,8
270108,1,1015,976,40,2,12,2,1,48,52,8
310575,0,1015,0,40,2,4,2,1,12,33,8
266649,0,1015,0,40,3,11,2,1,70,28,8
282789,0,1015,0,40,3,5,2,1,72,49,8
237541,0,1015,0,40,2,14,2,1,102,36,8
318046,0,1015,0,40,2,1,2,1,4,41,8
318397,0,1015,0,40,2,1,2,1,4,56,8
235034,0,1015,0,40,3,16,2,1,112,63,8
302276,0,1015,0,40,3,4,2,1,30,49,8
262833,0,1015,0,40,3,12,2,1,52,31,8
316096,0,1015,0,40,3,2,2,1,7,57,8
317478,0,1015,0,40,3,2,2,1,5,14,8
315153,0,1015,0,40,2,3,2,1,9,24,8
318552,0,1015,0,40,3,1,2,1,3,30,8
285977,0,1015,0,40,3,5,2,1,61,25,8
265147,0,1015,0,40,3,8,2,1,81,39,8
309606,0,1015,0,40,2,2,2,1,27,50,8
253610,0,1015,0,40,3,9,2,1,99,58,8
312773,0,1015,0,40,3,1,2,1,20,56,8
256741,0,1015,0,40,3,13,2,1,81,81,8
286483,0,1015,0,40,3,7,2,1,57,45,8
270871,0,1015,0,40,2,11,2,1,70,65,8
310979,0,1015,0,40,3,2,2,1,21,51,8
307242,0,1015,0,40,3,3,2,1,27,22,8
308926,0,1015,0,40,3,3,2,1,22,48,8
255964,0,1015,0,40,2,13,2,1,80,37,8
312228,0,1015,0,40,3,2,2,1,19,19,8
302721,0,1015,0,40,2,4,2,1,25,52,8
289339,0,1015,0,40,2,9,2,1,31,68,8
314627,0,1015,0,40,2,2,2,1,15,14,8
316562,0,1015,0,40,3,1,2,1,11,27,8
308885,0,1015,0,40,3,3,2,1,20,16,8
314906,0,1015,0,40,3,2,2,1,14,33,8
316238,0,1015,0,40,3,1,2,1,10,61,8
231529,0,1015,0,40,2,16,2,1,118,18,8
308505,0,1015,0,40,2,5,2,1,21,54,8
300472,0,1015,0,40,2,5,2,1,43,20,8
317193,0,1015,0,40,3,1,2,1,9,23,8
269718,1,1015,913,40,2,9,2,1,73,44,8
310694,0,1015,0,40,3,3,2,1,15,56,8
305731,0,1015,0,40,3,4,2,1,25,11,8
313850,0,1015,0,40,3,3,2,1,13,36,8
306729,0,1015,0,40,2,5,2,1,26,46,8
316563,0,1015,0,40,2,1,2,1,8,21,8
317590,0,1015,0,40,2,1,2,1,8,18,8
301902,0,1015,0,40,3,2,2,1,38,69,8
305863,0,1015,0,40,3,4,2,1,27,103,8
302817,0,1015,0,40,3,6,2,1,23,24,8
292862,0,1015,0,40,2,7,2,1,37,60,8
299275,0,1015,0,40,3,8,2,1,22,74,8
316253,0,1015,0,40,3,2,2,1,10,31,8
296819,0,1015,0,40,3,6,2,1,34,81,8
292898,0,1015,0,40,2,8,2,1,39,50,8
313158,0,1015,0,40,3,2,2,1,16,23,8
291719,0,1015,0,40,3,11,2,1,39,13,8
310305,0,1015,0,40,2,4,2,1,17,31,8
317577,0,1015,0,40,3,1,2,1,6,59,8
318039,0,1015,0,40,3,1,2,1,6,77,8
307681,0,1015,0,40,3,4,2,1,16,31,8
294993,0,1015,0,40,3,7,2,1,35,67,8
309456,0,1015,0,40,3,3,2,1,17,15,8
293231,0,1015,0,40,3,7,2,1,46,45,8
255548,0,1015,0,40,3,12,2,1,80,41,8
304360,0,1015,0,40,2,6,2,1,24,64,8
283748,0,1015,0,40,3,8,2,1,49,14,8
281977,0,1015,0,40,2,10,2,1,35,22,8
243081,1,1015,928,40,2,21,2,1,73,34,8
307473,0,1015,0,40,2,4,2,1,25,44,8
318082,0,1015,0,40,3,1,2,1,5,34,8
318279,0,1015,0,40,3,1,2,1,5,55,8
285605,0,1015,0,40,2,5,2,1,54,19,8
314515,0,1015,0,40,3,3,2,1,7,62,8
282846,0,1015,0,40,2,10,2,1,43,42,8
309327,0,1015,0,40,3,3,2,1,21,54,8
265878,0,1015,0,40,2,13,2,1,61,61,8
301749,0,1015,0,40,3,6,2,1,29,56,8
306002,0,1015,0,40,2,7,2,1,20,40,8
294093,0,1015,0,40,2,7,2,1,44,51,8
314986,0,1015,0,40,2,2,2,1,7,30,8
303121,0,1015,0,40,2,4,2,1,30,20,8
318380,0,1015,0,40,3,1,2,1,4,33,8
318550,0,1015,0,40,3,1,2,1,4,17,8
305882,0,1015,0,40,3,4,2,1,19,11,8
315964,0,1015,0,40,3,2,2,1,5,33,8
307878,0,1015,0,40,2,5,2,1,17,24,8
315589,0,1015,0,40,2,2,2,1,8,55,8
312880,0,1015,0,40,2,3,2,1,13,38,8
313594,0,1015,0,40,2,2,2,1,15,9,8
307946,0,1015,0,40,2,5,2,1,14,13,8
315054,0,1015,0,40,2,2,2,1,11,39,8
245622,0,1015,0,40,3,13,2,1,103,18,8
281030,0,1015,0,40,2,10,2,1,54,49,8
317819,0,1015,0,40,2,2,2,1,4,53,8
317794,0,1015,0,40,2,2,2,1,4,22,8
226686,0,1015,0,40,3,17,2,1,127,40,8
317716,0,1015,0,40,3,1,2,1,3,22,8
318747,0,1015,0,40,2,1,2,1,3,73,8
318839,0,1015,0,40,2,1,2,1,3,24,8
318951,0,1015,0,40,2,1,2,1,3,53,8
311796,0,1015,0,40,3,1,2,1,25,28,8
267581,1,1015,934,40,3,9,2,1,79,35,8
226210,0,1015,0,40,3,17,2,1,146,23,8
314306,0,1015,0,40,2,1,2,1,19,29,8
303000,0,1015,0,40,3,4,2,1,32,25,8
284181,0,1015,0,40,2,6,2,1,69,47,8
314606,0,1015,0,40,2,1,2,1,17,24,8
315453,0,1015,0,40,2,1,2,1,16,70,8
301360,1,1015,977,40,2,6,2,1,25,27,8
287695,0,1015,0,40,3,7,2,1,51,84,8
301828,0,1015,0,40,3,4,2,1,38,32,8
311940,0,1015,0,40,2,2,2,1,16,44,8
315888,0,1015,0,40,3,1,2,1,13,37,8
302730,0,1015,0,40,3,5,2,1,34,13,8
273218,0,1015,0,40,2,13,2,1,60,46,8
298234,0,1015,0,40,2,6,2,1,29,39,8
315062,0,1015,0,40,3,2,2,1,12,83,8
316318,0,1015,0,40,3,1,2,1,11,22,8
316829,0,1015,0,40,3,1,2,1,11,24,8
311103,0,1015,0,40,3,3,2,1,20,61,8
259451,0,1015,0,40,3,8,2,1,81,50,8
314650,0,1015,0,40,2,2,2,1,11,43,8
310236,0,1015,0,40,3,4,2,1,24,66,8
306666,0,1015,0,40,3,5,2,1,23,35,8
316631,0,1015,0,40,2,1,2,1,10,44,8
301947,0,1015,0,40,2,5,2,1,25,73,8
309392,0,1015,0,40,2,3,2,1,17,47,8
275297,0,1015,0,40,2,9,2,1,62,34,8
307231,0,1015,0,40,3,4,2,1,24,28,8
274654,0,1015,0,40,2,10,2,1,70,47,8
285935,0,1015,0,40,3,7,2,1,48,40,8
236067,0,1015,0,40,3,19,2,1,93,51,8
313737,0,1015,0,40,2,3,2,1,14,53,8
316683,0,1015,0,40,3,1,2,1,8,71,8
268487,0,1015,0,40,3,12,2,1,55,45,8
313581,0,1015,0,40,2,3,2,1,10,49,8
315003,0,1015,0,40,3,2,2,1,10,55,8
281631,0,1015,0,40,3,10,2,1,51,85,8
291877,1,1015,956,40,2,4,2,1,59,48,8
313807,0,1015,0,40,2,3,2,1,18,12,8
317228,0,1015,0,40,3,1,2,1,7,53,8
318055,0,1015,0,40,2,1,2,1,7,69,8
254874,0,1015,0,40,2,12,2,1,71,25,8
243019,0,1015,0,40,2,17,2,1,92,25,8
306807,0,1015,0,40,3,4,2,1,21,72,8
283255,0,1015,0,40,3,9,2,1,49,36,8
310151,0,1015,0,40,3,4,2,1,17,50,8
282871,0,1015,0,40,2,7,2,1,61,35,8
239961,0,1015,0,40,3,16,2,1,99,83,8
317250,0,1015,0,40,3,2,2,1,7,23,8
317477,0,1015,0,40,3,1,2,1,6,41,8
317872,0,1015,0,40,3,1,2,1,6,56,8
317974,0,1015,0,40,3,1,2,1,6,44,8
318381,0,1015,0,40,2,1,2,1,6,57,8
286144,0,1015,0,40,2,10,2,1,33,33,8
291917,0,1015,0,40,2,7,2,1,34,55,8
309767,0,1015,0,40,2,3,2,1,20,28,8
300014,0,1015,0,40,2,5,2,1,33,60,8
301226,0,1015,0,40,2,7,2,1,18,31,8
261160,0,1015,0,40,2,13,2,1,65,20,8
300449,0,1015,0,40,3,6,2,1,25,48,8
316207,0,1015,0,40,3,2,2,1,10,53,8
284444,0,1015,0,40,2,9,2,1,49,58,8
315897,0,1015,0,40,2,3,2,1,10,27,8
314466,0,1015,0,40,2,3,2,1,14,31,8
316934,0,1015,0,40,3,2,2,1,8,52,8
317908,0,1015,0,40,3,1,2,1,5,25,8
318476,0,1015,0,40,3,1,2,1,5,66,8
318492,0,1015,0,40,2,1,2,1,5,55,8
318722,0,1015,0,40,3,1,2,1,5,40,8
290530,0,1015,0,40,2,7,2,1,38,66,8
315477,0,1015,0,40,3,2,2,1,9,37,8
308754,0,1015,0,40,3,4,2,1,12,108,8
304474,0,1015,0,40,3,4,2,1,29,37,8
293950,0,1015,0,40,2,7,2,1,37,44,8
313443,0,1015,0,40,3,3,2,1,13,38,8
290658,0,1015,0,40,2,6,2,1,56,34,8
307809,0,1015,0,40,2,6,2,1,20,74,8
297716,0,1015,0,40,2,5,2,1,42,56,8
238647,0,1015,0,40,3,22,2,1,90,43,8
270521,0,1015,0,40,3,12,2,1,60,74,8
310252,0,1015,0,40,2,5,2,1,18,16,8
317278,0,1015,0,40,3,2,2,1,7,42,8
303849,0,1015,0,40,2,7,2,1,24,46,8
318515,0,1015,0,40,2,1,2,1,4,113,8
318783,0,1015,0,40,2,1,2,1,4,19,8
318837,0,1015,0,40,2,1,2,1,4,26,8
318929,0,1015,0,40,2,1,2,1,4,75,8
313703,0,1015,0,40,2,2,2,1,9,61,8
313644,0,1015,0,40,2,2,2,1,10,82,8
313462,0,1015,0,40,3,3,2,1,11,20,8
252317,0,1015,0,40,2,17,2,1,50,43,8
304376,0,1015,0,40,3,5,2,1,17,44,8
311846,0,1015,0,40,2,3,2,1,9,26,8
312085,0,1015,0,40,2,3,2,1,12,45,8
316812,0,1015,0,40,2,2,2,1,5,60,8
290721,0,1015,0,40,3,8,2,1,48,64,8
317107,0,1015,0,40,3,2,2,1,6,29,8
269296,0,1015,0,40,2,12,2,1,75,54,8
308531,0,1015,0,40,2,4,2,1,22,36,8
307245,0,1015,0,40,3,5,2,1,17,41,8
316022,0,1015,0,40,3,2,2,1,8,43,8
313236,0,1015,0,40,2,4,2,1,12,17,8
313984,0,1015,0,40,2,3,2,1,12,27,8
266591,0,1015,0,40,2,13,2,1,62,60,8
236752,0,1015,0,40,3,18,2,1,94,23,8
318442,0,1015,0,40,2,1,2,1,3,19,8
318629,0,1015,0,40,2,1,2,1,3,74,8
319244,0,1015,0,40,2,1,2,1,3,22,8
296684,0,1015,0,40,3,3,2,1,56,62,8
304435,0,1015,0,40,3,2,2,1,34,29,8
299732,0,1015,0,40,2,4,2,1,43,45,8
258867,0,1015,0,40,2,9,2,1,87,46,8
263988,0,1015,0,40,2,9,2,1,72,44,8
313381,0,1015,0,40,2,1,2,1,22,20,8
313955,0,1015,0,40,3,1,2,1,21,46,8
308022,0,1015,0,40,2,3,2,1,28,34,8
308816,0,1015,0,40,2,2,2,1,30,64,8
315159,0,1015,0,40,2,1,2,1,18,57,8
275560,0,1015,0,40,3,9,2,1,62,55,8
308064,0,1015,0,40,3,2,2,1,25,43,8
314423,0,1015,0,40,2,2,2,1,17,58,8
315891,0,1015,0,40,2,1,2,1,15,36,8
306065,0,1015,0,40,3,4,2,1,21,37,8
284812,0,1015,0,40,3,7,2,1,64,50,8
273913,0,1015,0,40,3,8,2,1,75,38,8
310873,0,1015,0,40,3,3,2,1,17,28,8
272459,0,1015,0,40,3,9,2,1,57,73,8
303112,0,1015,0,40,2,3,2,1,40,42,8
313921,0,1015,0,40,3,2,2,1,14,30,8
299282,0,1015,0,40,2,4,2,1,40,79,8
314790,0,1015,0,40,2,2,2,1,15,66,8
306222,0,1015,0,40,2,3,2,1,33,14,8
314551,0,1015,0,40,3,2,2,1,18,59,8
290436,0,1015,0,40,3,5,2,1,50,54,8
302502,0,1015,0,40,2,4,2,1,37,84,8
313128,0,1015,0,40,3,2,2,1,20,50,8
304919,0,1015,0,40,3,6,2,1,30,28,8
316872,0,1015,0,40,2,1,2,1,11,20,8
298084,0,1015,0,40,3,3,2,1,43,49,8
299745,0,1015,0,40,2,6,2,1,35,67,8
305521,0,1015,0,40,3,5,2,1,23,54,8
262822,0,1015,0,40,2,11,2,1,70,38,8
317486,0,1015,0,40,2,1,2,1,10,52,8
304469,0,1015,0,40,3,4,2,1,29,52,8
279709,0,1015,0,40,3,7,2,1,53,21,8
279355,0,1015,0,40,2,9,2,1,66,51,8
313712,0,1015,0,40,3,2,2,1,14,15,8
263039,0,1015,0,40,3,12,2,1,82,43,8
305287,0,1015,0,40,2,4,2,1,28,48,8
311125,0,1015,0,40,3,3,2,1,19,68,8
258111,0,1015,0,40,2,16,2,1,69,65,8
311546,0,1015,0,40,2,2,2,1,20,71,8
310905,0,1015,0,40,2,3,2,1,20,37,8
312825,0,1015,0,40,3,2,2,1,18,13,8
301602,0,1015,0,40,2,2,2,1,44,39,8
314611,0,1015,0,40,3,3,2,1,13,30,8
302488,0,1015,0,40,2,5,2,1,33,45,8
317585,0,1015,0,40,3,1,2,1,8,43,8
304278,0,1015,0,40,3,5,2,1,23,22,8
289082,0,1015,0,40,3,8,2,1,38,83,8
261773,0,1015,0,40,2,16,2,1,58,66,8
277170,0,1015,0,40,3,12,2,1,54,18,8
313114,0,1015,0,40,3,3,2,1,14,59,8
253212,0,1015,0,40,3,16,2,1,84,58,8
260557,0,1015,0,40,2,9,2,1,84,52,8
222300,0,1015,0,40,3,15,2,1,102,61,8
315372,0,1015,0,40,3,2,2,1,14,11,8
289073,0,1015,0,40,3,7,2,1,48,25,8
312014,0,1015,0,40,2,4,2,1,12,53,8
318202,0,1015,0,40,2,1,2,1,7,43,8
318259,0,1015,0,40,2,1,2,1,7,29,8
303977,0,1015,0,40,3,5,2,1,24,61,8
312438,0,1015,0,40,3,2,2,1,13,34,8
286453,0,1015,0,40,2,10,2,1,48,78,8
293393,0,1015,0,40,2,9,2,1,37,27,8
260268,0,1015,0,40,2,9,2,1,84,39,8
313371,0,1015,0,40,3,2,2,1,12,113,8
314505,0,1015,0,40,3,2,2,1,14,36,8
292904,0,1015,0,40,2,7,2,1,35,33,8
302835,0,1015,0,40,2,5,2,1,22,46,8
317179,0,1015,0,40,2,2,2,1,8,24,8
314966,0,1015,0,40,3,3,2,1,11,29,8
269780,0,1015,0,40,2,12,2,1,74,40,8
318192,0,1015,0,40,3,1,2,1,6,42,8
318340,0,1015,0,40,3,1,2,1,6,62,8
318708,0,1015,0,40,3,1,2,1,6,28,8
314845,0,1015,0,40,2,2,2,1,6,24,8
302539,0,1015,0,40,3,5,2,1,24,29,8
309273,0,1015,0,40,3,3,2,1,23,46,8
296810,0,1015,0,40,2,9,2,1,29,51,8
316399,0,1015,0,40,2,2,2,1,9,37,8
273862,0,1015,0,40,3,14,2,1,52,64,8
257728,0,1015,0,40,3,16,2,1,67,29,8
295644,0,1015,0,40,2,6,2,1,38,74,8
316191,0,1015,0,40,3,2,2,1,13,60,8
316367,0,1015,0,40,2,3,2,1,9,26,8
318623,0,1015,0,40,3,1,2,1,5,19,8
318727,0,1015,0,40,2,1,2,1,5,21,8
319013,0,1015,0,40,2,1,2,1,5,49,8
312192,0,1015,0,40,2,2,2,1,16,33,8
302685,0,1015,0,40,3,5,2,1,29,35,8
317211,0,1015,0,40,2,2,2,1,5,49,8
315875,0,1015,0,40,2,2,2,1,10,52,8
227835,0,1015,0,40,3,21,2,1,116,40,8
310080,0,1015,0,40,3,3,2,1,26,128,8
244652,1,1015,956,40,3,13,2,1,98,42,8
303548,0,1015,0,40,3,5,2,1,34,35,8
304594,0,1015,0,40,2,5,2,1,30,29,8
251329,0,1015,0,40,3,13,2,1,82,27,8
274015,0,1015,0,40,3,9,2,1,62,24,8
311266,0,1015,0,40,3,5,2,1,15,47,8
318844,0,1015,0,40,2,1,2,1,4,51,8
318968,0,1015,0,40,3,1,2,1,4,34,8
261240,0,1015,0,40,3,10,2,1,62,61,8
244880,0,1015,0,40,3,19,2,1,68,50,8
280565,0,1015,0,40,3,10,2,1,51,35,8
315962,0,1015,0,40,2,2,2,1,5,22,8
243693,0,1015,0,40,2,12,2,1,100,47,8
279964,0,1015,0,40,2,10,2,1,39,67,8
309206,0,1015,0,40,2,5,2,1,20,44,8
306622,0,1015,0,40,2,5,2,1,24,86,8
258572,0,1015,0,40,2,12,2,1,83,38,8
307032,0,1015,0,40,3,6,2,1,23,57,8
265190,0,1015,0,40,2,9,2,1,80,58,8
257085,0,1015,0,40,3,13,2,1,74,40,8
281349,0,1015,0,40,3,9,2,1,52,36,8
273880,0,1015,0,40,3,12,2,1,63,52,8
258177,0,1015,0,40,3,14,2,1,71,51,8
292073,1,1015,965,40,2,9,2,1,34,52,8
311279,0,1015,0,40,2,2,2,1,26,57,8
309986,0,1015,0,40,2,4,2,1,19,53,8
317596,0,1015,0,40,3,2,2,1,7,41,8
295839,0,1015,0,40,2,7,2,1,37,55,8
297081,0,1015,0,40,2,7,2,1,38,41,8
317156,0,1015,0,40,2,2,2,1,7,31,8
311730,0,1015,0,40,2,4,2,1,14,60,8
318290,0,1015,0,40,2,1,2,1,3,38,8
318802,0,1015,0,40,3,1,2,1,3,51,8
319319,0,1015,0,40,2,1,2,1,3,25,8
319494,0,1015,0,40,3,1,2,1,3,42,8
319586,0,1015,0,40,3,1,2,1,3,36,8
309247,0,1015,0,40,2,1,2,1,34,48,8
260228,0,1015,0,40,3,13,2,1,86,14,8
263587,0,1015,0,40,3,5,2,1,99,23,8
307720,0,1015,0,40,3,4,2,1,25,77,8
305357,0,1015,0,40,2,5,2,1,32,49,8
263156,0,1015,0,40,3,11,2,1,80,27,8
304719,0,1015,0,40,3,3,2,1,32,56,8
260269,0,1015,0,40,2,10,2,1,86,28,8
315222,0,1015,0,40,2,1,2,1,17,58,8
301317,0,1015,0,40,2,4,2,1,38,32,8
297694,0,1015,0,40,3,6,2,1,37,48,8
297809,0,1015,0,40,3,5,2,1,33,75,8
307679,0,1015,0,40,3,3,2,1,33,28,8
277872,0,1015,0,40,2,9,2,1,69,28,8
290341,0,1015,0,40,3,5,2,1,57,53,8
310109,0,1015,0,40,2,3,2,1,22,67,8
290928,0,1015,0,40,2,4,2,1,54,55,8
312115,0,1015,0,40,3,2,2,1,21,49,8
314911,0,1015,0,40,2,2,2,1,13,27,8
311200,0,1015,0,40,2,3,2,1,19,32,8
314727,0,1015,0,40,2,2,2,1,15,42,8
298289,0,1015,0,40,2,6,2,1,41,73,8
286428,0,1015,0,40,3,9,2,1,45,41,8
300574,0,1015,0,40,2,4,2,1,33,23,8
315287,0,1015,0,40,2,2,2,1,13,79,8
316386,0,1015,0,40,3,1,2,1,11,60,8
279568,0,1015,0,40,3,8,2,1,64,43,8
283746,0,1015,0,40,3,6,2,1,56,22,8
308794,0,1015,0,40,2,3,2,1,22,64,8
298590,0,1015,0,40,2,5,2,1,32,54,8
303443,0,1015,0,40,3,3,2,1,39,37,8
316826,0,1015,0,40,2,1,2,1,10,32,8
317725,0,1015,0,40,2,1,2,1,10,36,8
304746,0,1015,0,40,3,3,2,1,33,19,8
290308,0,1015,0,40,3,5,2,1,59,19,8
237165,1,1015,914,40,2,17,2,1,83,39,8
299110,0,1015,0,40,3,5,2,1,29,33,8
310085,0,1015,0,40,3,3,2,1,28,40,8
317512,0,1015,0,40,2,2,2,1,10,49,8
318013,0,1015,0,40,2,1,2,1,9,34,8
282612,0,1015,0,40,2,9,2,1,67,22,8
314996,0,1015,0,40,2,2,2,1,12,35,8
311985,0,1015,0,40,3,4,2,1,17,39,8
280544,0,1015,0,40,2,9,2,1,55,88,8
316678,0,1015,0,40,2,2,2,1,10,39,8
317365,0,1015,0,40,3,1,2,1,8,67,8
299445,0,1015,0,40,2,5,2,1,30,84,8
294829,0,1015,0,40,3,5,2,1,42,61,8
295322,1,1015,1001,40,2,8,2,1,33,67,8
292938,0,1015,0,40,3,9,2,1,36,87,8
315801,0,1015,0,40,2,2,2,1,12,16,8
287834,0,1015,0,40,3,8,2,1,51,51,8
316427,0,1015,0,40,3,2,2,1,12,29,8
287829,0,1015,0,40,2,10,2,1,47,56,8
318408,0,1015,0,40,3,1,2,1,7,16,8
318452,0,1015,0,40,3,1,2,1,7,53,8
318618,0,1015,0,40,2,1,2,1,7,45,8
300095,0,1015,0,40,2,6,2,1,29,17,8
311886,0,1015,0,40,3,3,2,1,17,53,8
308937,0,1015,0,40,2,4,2,1,15,71,8
313375,0,1015,0,40,3,4,2,1,15,47,8
317350,0,1015,0,40,2,2,2,1,7,47,8
312293,0,1015,0,40,2,5,2,1,13,33,8
313770,0,1015,0,40,3,2,2,1,20,49,8
317600,0,1015,0,40,2,2,2,1,9,20,8
301683,0,1015,0,40,3,5,2,1,37,54,8
318491,0,1015,0,40,3,1,2,1,6,18,8
318781,0,1015,0,40,2,1,2,1,6,37,8
295288,0,1015,0,40,2,7,2,1,25,67,8
316594,0,1015,0,40,2,2,2,1,8,39,8
316756,0,1015,0,40,2,2,2,1,6,37,8
316665,0,1015,0,40,2,2,2,1,8,18,8
291195,0,1015,0,40,3,7,2,1,43,33,8
317865,0,1015,0,40,2,2,2,1,6,38,8
316063,0,1015,0,40,2,2,2,1,13,48,8
274865,0,1015,0,40,3,9,2,1,71,74,8
304912,0,1015,0,40,2,5,2,1,19,32,8
286655,0,1015,0,40,3,9,2,1,57,23,8
317788,0,1015,0,40,3,1,2,1,5,6,8
319076,0,1015,0,40,2,1,2,1,5,73,8
319106,0,1015,0,40,3,1,2,1,5,36,8
319254,0,1015,0,40,2,1,2,1,5,75,8
287057,0,1015,0,40,3,8,2,1,46,55,8
313459,0,1015,0,40,3,3,2,1,8,41,8
315986,0,1015,0,40,3,2,2,1,5,66,8
255720,0,1015,0,40,2,13,2,1,77,33,8
247177,1,1015,915,40,2,14,2,1,85,33,8
312777,0,1015,0,40,2,3,2,1,16,57,8
310069,0,1015,0,40,3,5,2,1,11,55,8
305346,0,1015,0,40,2,4,2,1,28,18,8
286149,0,1015,0,40,2,10,2,1,51,35,8
317241,0,1015,0,40,2,2,2,1,8,32,8
264614,0,1015,0,40,2,15,2,1,63,27,8
266181,0,1015,0,40,2,10,2,1,73,33,8
316446,0,1015,0,40,3,2,2,1,10,24,8
317382,0,1015,0,40,3,2,2,1,8,145,8
314768,0,1015,0,40,3,3,2,1,10,22,8
312198,0,1015,0,40,3,4,2,1,12,44,8
286606,0,1015,0,40,3,6,2,1,59,35,8
264679,1,1015,961,40,3,11,2,1,76,15,8
234917,0,1015,0,40,3,16,2,1,113,80,8
277756,0,1015,0,40,3,10,2,1,67,43,8
312413,0,1015,0,40,3,5,2,1,16,66,8
319002,0,1015,0,40,3,1,2,1,4,52,8
319103,0,1015,0,40,3,1,2,1,4,55,8
319416,0,1015,0,40,3,1,2,1,4,26,8
319432,0,1015,0,40,2,1,2,1,4,48,8
319588,0,1015,0,40,2,1,2,1,4,35,8
310531,0,1015,0,40,3,3,2,1,17,45,8
311040,0,1015,0,40,2,4,2,1,8,41,8
241325,0,1015,0,40,3,15,2,1,98,39,8
314776,0,1015,0,40,3,2,2,1,12,32,8
311162,0,1015,0,40,2,3,2,1,12,74,8
316098,0,1015,0,40,3,3,2,1,6,29,8
232272,0,1015,0,40,3,17,2,1,101,40,8
317119,0,1015,0,40,3,2,2,1,7,40,8
316835,0,1015,0,40,2,2,2,1,9,33,8
314602,0,1015,0,40,3,3,2,1,13,27,8
282477,0,1015,0,40,2,10,2,1,39,26,8
314341,0,1015,0,40,3,4,2,1,9,71,8
298360,0,1015,0,40,2,6,2,1,36,15,8
292199,0,1015,0,40,3,8,2,1,40,72,8
319100,0,1015,0,40,3,2,2,1,4,12,8
319431,0,1015,0,40,3,1,2,1,3,30,8
319515,0,1015,0,40,2,1,2,1,3,38,8
319535,0,1015,0,40,3,1,2,1,3,37,8
319799,0,1015,0,40,2,1,2,1,3,26,8
248359,0,1015,0,40,3,15,2,1,101,56,8
223503,0,1015,0,40,2,15,2,1,111,28,8
286151,0,1015,0,40,2,11,2,1,48,43,8
312062,0,1015,0,40,3,3,2,1,23,28,8
267213,0,1015,0,40,2,11,2,1,80,13,8
309883,0,1015,0,40,3,2,2,1,27,28,8
313196,0,1015,0,40,2,2,2,1,22,11,8
309926,0,1015,0,40,2,4,2,1,21,75,8
288215,0,1015,0,40,2,7,2,1,47,70,8
281601,0,1015,0,40,2,11,2,1,57,29,8
310512,0,1015,0,40,3,4,2,1,20,53,8
316573,0,1015,0,40,3,1,2,1,14,15,8
316202,0,1015,0,40,2,1,2,1,13,37,8
300137,0,1015,0,40,3,4,2,1,36,28,8
314926,0,1015,0,40,2,2,2,1,16,45,8
317576,0,1015,0,40,2,1,2,1,12,38,8
316932,0,1015,0,40,2,2,2,1,12,40,8
315485,0,1015,0,40,2,2,2,1,13,21,8
315644,0,1015,0,40,3,2,2,1,12,51,8
310745,0,1015,0,40,3,2,2,1,27,78,8
286652,0,1015,0,40,3,7,2,1,53,33,8
317898,0,1015,0,40,2,1,2,1,10,53,8
318181,0,1015,0,40,2,1,2,1,10,16,8
281058,0,1015,0,40,2,9,2,1,45,78,8
313133,0,1015,0,40,3,3,2,1,19,38,8
304918,0,1015,0,40,2,4,2,1,34,36,8
309278,0,1015,0,40,2,5,2,1,23,57,8
292074,0,1015,0,40,2,7,2,1,32,35,8
315275,0,1015,0,40,3,3,2,1,12,22,8
212299,0,1015,0,40,3,16,2,1,107,91,8
316179,0,1015,0,40,2,2,2,1,9,63,8
316111,0,1015,0,40,2,2,2,1,12,38,8
241364,0,1015,0,40,3,14,2,1,108,51,8
259097,0,1015,0,40,2,10,2,1,90,30,8
285529,0,1015,0,40,3,8,2,1,43,18,8
300621,0,1015,0,40,3,6,2,1,32,75,8
301295,0,1015,0,40,2,6,2,1,35,47,8
300681,0,1015,0,40,2,4,2,1,35,57,8
314698,0,1015,0,40,3,2,2,1,14,77,8
279967,0,1015,0,40,2,12,2,1,55,39,8
312678,0,1015,0,40,3,4,2,1,18,83,8
297348,0,1015,0,40,2,6,2,1,49,54,8
318603,0,1015,0,40,2,1,2,1,7,7,8
319023,0,1015,0,40,3,1,2,1,7,22,8
308337,0,1015,0,40,3,4,2,1,25,68,8
288027,0,1015,0,40,3,8,2,1,46,49,8
308769,0,1015,0,40,3,3,2,1,25,49,8
300203,0,1015,0,40,3,6,2,1,35,39,8
271497,0,1015,0,40,2,9,2,1,70,29,8
318283,0,1015,0,40,3,2,2,1,7,31,8
318733,0,1015,0,40,2,1,2,1,6,57,8
319130,0,1015,0,40,2,1,2,1,6,25,8
306782,0,1015,0,40,3,5,2,1,20,60,8
273775,0,1015,0,40,2,10,2,1,58,40,8
286642,0,1015,0,40,2,10,2,1,48,37,8
299707,0,1015,0,40,2,7,2,1,26,16,8
308825,0,1015,0,40,3,4,2,1,22,34,8
318217,0,1015,0,40,3,2,2,1,6,21,8
261957,0,1015,0,40,2,14,2,1,76,25,8
297714,0,1015,0,40,2,7,2,1,39,45,8
308196,0,1015,0,40,2,7,2,1,19,5,8
319462,0,1015,0,40,3,1,2,1,5,53,8
314955,0,1015,0,40,3,3,2,1,9,65,8
303432,0,1015,0,40,3,6,2,1,36,28,8
317709,0,1015,0,40,2,2,2,1,6,42,8
286643,0,1015,0,40,3,7,2,1,50,47,8
316582,0,1015,0,40,2,2,2,1,11,32,8
313308,0,1015,0,40,2,4,2,1,14,24,8
285624,0,1015,0,40,3,9,2,1,46,26,8
259432,0,1015,0,40,2,12,2,1,71,30,8
317685,0,1015,0,40,3,2,2,1,9,30,8
316361,0,1015,0,40,3,3,2,1,12,55,8
318840,0,1015,0,40,2,2,2,1,5,73,8
318805,0,1015,0,40,3,2,2,1,7,27,8
319619,0,1015,0,40,3,1,2,1,4,58,8
319681,0,1015,0,40,2,1,2,1,4,48,8
287870,0,1015,0,40,2,9,2,1,48,46,8
308734,0,1015,0,40,2,4,2,1,21,50,8
274966,0,1015,0,40,3,11,2,1,54,43,8
316570,0,1015,0,40,3,2,2,1,9,71,8
313820,0,1015,0,40,3,3,2,1,11,28,8
300459,0,1015,0,40,2,4,2,1,22,24,8
291741,0,1015,0,40,2,8,2,1,47,33,8
299869,0,1015,0,40,3,6,2,1,38,37,8
274786,0,1015,0,40,2,7,2,1,67,59,8
263465,0,1015,0,40,3,9,2,1,85,44,8
254321,0,1015,0,40,3,16,2,1,89,28,8
239679,0,1015,0,40,3,13,2,1,101,58,8
318887,0,1015,0,40,2,2,2,1,4,21,8
304011,0,1015,0,40,3,6,2,1,34,86,8
316853,0,1015,0,40,3,3,2,1,8,23,8
316470,0,1015,0,40,2,3,2,1,8,40,8
312988,0,1015,0,40,3,4,2,1,9,71,8
303363,0,1015,0,40,2,6,2,1,28,40,8
319429,0,1015,0,40,2,1,2,1,3,49,8
319760,0,1015,0,40,3,1,2,1,3,35,8
319893,0,1015,0,40,3,1,2,1,3,65,8
311872,0,1015,0,40,2,2,2,1,23,49,8
304026,0,1015,0,40,2,4,2,1,33,17,8
295040,0,1015,0,40,3,5,2,1,40,31,8
316226,0,1015,0,40,3,1,2,1,13,56,8
317198,0,1015,0,40,2,1,2,1,13,39,8
311239,0,1015,0,40,2,3,2,1,24,8,8
317849,0,1015,0,40,3,1,2,1,12,30,8
315143,0,1015,0,40,3,2,2,1,14,39,8
307124,0,1015,0,40,2,5,2,1,19,88,8
231976,0,1015,0,40,2,19,2,1,119,50,8
286873,0,1015,0,40,3,7,2,1,46,28,8
318359,0,1015,0,40,3,1,2,1,10,53,8
306064,0,1015,0,40,2,4,2,1,38,35,8
318424,0,1015,0,40,3,1,2,1,9,13,8
289207,0,1015,0,40,3,7,2,1,56,34,8
317238,0,1015,0,40,3,2,2,1,11,51,8
318286,0,1015,0,40,3,1,2,1,8,73,8
273661,0,1015,0,40,2,9,2,1,54,34,8
306316,0,1015,0,40,2,4,2,1,24,13,8
315157,0,1015,0,40,2,3,2,1,12,54,8
312446,0,1015,0,40,3,3,2,1,18,40,8
278904,0,1015,0,40,2,11,2,1,60,78,8
283506,0,1015,0,40,2,8,2,1,49,92,8
309281,0,1015,0,40,3,3,2,1,24,70,8
222674,0,1015,0,40,3,20,2,1,103,61,8
295066,0,1015,0,40,2,7,2,1,33,52,8
317587,0,1015,0,40,3,2,2,1,8,36,8
310197,0,1015,0,40,2,4,2,1,18,115,8
307817,0,1015,0,40,3,5,2,1,21,47,8
319408,0,1015,0,40,2,1,2,1,6,95,8
257307,0,1015,0,40,3,14,2,1,83,27,8
311958,0,1015,0,40,3,4,2,1,12,29,8
270771,0,1015,0,40,2,9,2,1,60,103,8
294002,0,1015,0,40,3,8,2,1,38,44,8
313131,0,1015,0,40,2,3,2,1,21,58,8
305177,0,1015,0,40,2,4,2,1,31,39,8
298985,0,1015,0,40,2,5,2,1,37,22,8
313049,0,1015,0,40,3,3,2,1,15,140,8
309177,0,1015,0,40,3,5,2,1,22,43,8
282743,0,1015,0,40,2,9,2,1,51,23,8
314981,0,1015,0,40,2,2,2,1,18,50,8
310649,0,1015,0,40,3,5,2,1,21,61,8
318571,0,1015,0,40,3,2,2,1,5,46,8
319961,0,1015,0,40,3,1,2,1,4,82,8
309600,0,1015,0,40,3,3,2,1,19,39,8
312265,0,1015,0,40,3,3,2,1,15,33,8
299773,0,1015,0,40,2,6,2,1,33,50,8
268434,0,1015,0,40,3,15,2,1,65,49,8
301630,0,1015,0,40,2,7,2,1,33,47,8
318737,0,1015,0,40,3,2,2,1,4,33,8
318910,0,1015,0,40,3,1,2,1,3,34,8
320258,0,1015,0,40,3,1,2,1,3,15,8
318169,0,1015,0,40,2,1,2,1,12,28,8
318598,0,1015,0,40,3,1,2,1,10,25,8
295301,0,1015,0,40,2,6,2,1,40,54,8
319711,0,1015,0,40,2,1,2,1,6,31,8
236649,0,1015,0,40,3,17,2,1,105,50,8
264637,0,1015,0,40,3,15,2,1,69,53,8
316122,0,1015,0,40,2,3,2,1,14,50,8
297882,0,1015,0,40,3,4,2,1,48,69,8
310977,0,1015,0,40,2,4,2,1,22,21,8
316303,0,1015,0,40,3,2,2,1,14,14,8
318798,0,1015,0,40,3,0,2,1,2,4,8
319006,0,1015,0,40,3,0,2,1,2,28,8
319109,0,1015,0,40,2,0,2,1,2,39,8
319237,0,1015,0,40,3,0,2,1,2,10,8
319345,0,1015,0,40,2,0,2,1,2,60,8
319409,0,1015,0,40,3,0,2,1,2,42,8
319525,0,1015,0,40,3,0,2,1,2,41,8
319589,0,1015,0,40,3,0,2,1,2,40,8
319626,0,1015,0,40,3,0,2,1,2,42,8
319658,0,1015,0,40,3,0,2,1,2,57,8
319690,0,1015,0,40,2,0,2,1,2,46,8
319722,0,1015,0,40,2,0,2,1,2,15,8
319754,0,1015,0,40,3,0,2,1,2,27,8
319786,0,1015,0,40,2,0,2,1,2,50,8
319818,0,1015,0,40,2,0,2,1,2,92,8
319836,0,1015,0,40,3,0,2,1,2,34,8
319852,0,1015,0,40,2,0,2,1,2,34,8
319868,0,1015,0,40,3,0,2,1,2,64,8
319884,0,1015,0,40,2,0,2,1,2,93,8
319900,0,1015,0,40,2,0,2,1,2,42,8
319916,0,1015,0,40,2,0,2,1,2,91,8
319932,0,1015,0,40,2,0,2,1,2,37,8
319948,0,1015,0,40,2,0,2,1,2,34,8
319964,0,1015,0,40,2,0,2,1,2,42,8
319980,0,1015,0,40,3,0,2,1,2,34,8
319996,0,1015,0,40,3,0,2,1,2,94,8
320012,0,1015,0,40,3,0,2,1,2,31,8
320028,0,1015,0,40,3,0,2,1,2,16,8
320047,0,1015,0,40,3,0,2,1,2,26,8
320055,0,1015,0,40,2,0,2,1,2,64,8
320063,0,1015,0,40,3,0,2,1,2,28,8
320071,0,1015,0,40,3,0,2,1,2,40,8
320079,0,1015,0,40,2,0,2,1,2,42,8
320087,0,1015,0,40,2,0,2,1,2,67,8
320095,0,1015,0,40,2,0,2,1,2,40,8
320103,0,1015,0,40,2,0,2,1,2,68,8
320111,0,1015,0,40,3,0,2,1,2,51,8
320119,0,1015,0,40,3,0,2,1,2,36,8
320127,0,1015,0,40,2,0,2,1,2,29,8
320143,0,1015,0,40,2,0,2,1,2,40,8
320151,0,1015,0,40,3,0,2,1,2,26,8
320159,0,1015,0,40,2,0,2,1,2,18,8
320167,0,1015,0,40,2,0,2,1,2,61,8
320175,0,1015,0,40,2,0,2,1,2,14,8
320183,0,1015,0,40,2,0,2,1,2,85,8
320191,0,1015,0,40,3,0,2,1,2,30,8
320199,0,1015,0,40,2,0,2,1,2,26,8
320207,0,1015,0,40,2,0,2,1,2,14,8
320215,0,1015,0,40,3,0,2,1,2,52,8
320223,0,1015,0,40,2,0,2,1,2,71,8
320231,0,1015,0,40,2,0,2,1,2,30,8
320239,0,1015,0,40,2,0,2,1,2,25,8
320247,0,1015,0,40,3,0,2,1,2,16,8
320255,0,1015,0,40,2,0,2,1,2,25,8
320263,0,1015,0,40,3,0,2,1,2,71,8
320271,0,1015,0,40,3,0,2,1,2,32,8
320276,0,1015,0,40,2,0,2,1,2,30,8
320280,0,1015,0,40,2,0,2,1,2,22,8
320284,0,1015,0,40,2,0,2,1,2,60,8
320288,0,1015,0,40,2,0,2,1,2,23,8
320296,0,1015,0,40,2,0,2,1,2,45,8
320300,0,1015,0,40,2,0,2,1,2,60,8
320308,0,1015,0,40,2,0,2,1,2,86,8
320312,0,1015,0,40,2,0,2,1,2,64,8
320320,0,1015,0,40,2,0,2,1,2,18,8
320324,0,1015,0,40,2,0,2,1,2,41,8
320328,0,1015,0,40,2,0,2,1,2,36,8
320332,0,1015,0,40,2,0,2,1,2,45,8
320336,0,1015,0,40,3,0,2,1,2,41,8
320340,0,1015,0,40,3,0,2,1,2,42,8
320344,0,1015,0,40,3,0,2,1,2,42,8
320348,0,1015,0,40,2,0,2,1,2,67,8
320352,0,1015,0,40,2,0,2,1,2,36,8
320356,0,1015,0,40,3,0,2,1,2,14,8
320360,0,1015,0,40,2,0,2,1,2,28,8
320364,0,1015,0,40,2,0,2,1,2,43,8
320368,0,1015,0,40,2,0,2,1,2,49,8
320372,0,1015,0,40,3,0,2,1,2,29,8
320376,0,1015,0,40,3,0,2,1,2,44,8
320380,0,1015,0,40,3,0,2,1,2,41,8
320384,0,1015,0,40,2,0,2,1,2,14,8
320392,0,1015,0,40,3,0,2,1,2,37,8
320396,0,1015,0,40,2,0,2,1,2,68,8
320400,0,1015,0,40,2,0,2,1,2,38,8
320404,0,1015,0,40,3,0,2,1,2,44,8
320408,0,1015,0,40,3,0,2,1,2,38,8
320412,0,1015,0,40,2,0,2,1,2,34,8
320416,0,1015,0,40,2,0,2,1,2,77,8
320424,0,1015,0,40,2,0,2,1,2,50,8
320428,0,1015,0,40,2,0,2,1,2,40,8
320432,0,1015,0,40,2,0,2,1,2,28,8
320436,0,1015,0,40,2,0,2,1,2,66,8
320440,0,1015,0,40,2,0,2,1,2,60,8
320444,0,1015,0,40,2,0,2,1,2,26,8
320448,0,1015,0,40,2,0,2,1,2,53,8
320452,0,1015,0,40,3,0,2,1,2,26,8
320456,0,1015,0,40,3,0,2,1,2,28,8
320460,0,1015,0,40,2,0,2,1,2,47,8
320468,0,1015,0,40,2,0,2,1,2,40,8
320476,0,1015,0,40,2,0,2,1,2,28,8
320480,0,1015,0,40,2,0,2,1,2,46,8
320484,0,1015,0,40,3,0,2,1,2,28,8
320488,0,1015,0,40,3,0,2,1,2,29,8
320492,0,1015,0,40,3,0,2,1,2,31,8
320496,0,1015,0,40,2,0,2,1,2,90,8
320500,0,1015,0,40,2,0,2,1,2,54,8
320504,0,1015,0,40,2,0,2,1,2,41,8
320506,0,1015,0,40,3,0,2,1,2,73,8
320508,0,1015,0,40,2,0,2,1,2,28,8
320510,0,1015,0,40,2,0,2,1,2,40,8
320512,0,1015,0,40,2,0,2,1,2,33,8
320514,0,1015,0,40,3,0,2,1,2,28,8
320516,0,1015,0,40,2,0,2,1,2,73,8
320518,0,1015,0,40,3,0,2,1,2,72,8
320520,0,1015,0,40,2,0,2,1,2,100,8
320522,0,1015,0,40,3,0,2,1,2,35,8
320524,0,1015,0,40,2,0,2,1,2,53,8
320526,0,1015,0,40,3,0,2,1,2,45,8
320528,0,1015,0,40,2,0,2,1,2,58,8
320530,0,1015,0,40,2,0,2,1,2,55,8
320532,0,1015,0,40,3,0,2,1,2,36,8
320534,0,1015,0,40,3,0,2,1,2,41,8
320536,0,1015,0,40,2,0,2,1,2,47,8
320538,0,1015,0,40,2,0,2,1,2,74,8
320540,0,1015,0,40,2,0,2,1,2,59,8
320542,0,1015,0,40,3,0,2,1,2,24,8
320544,0,1015,0,40,3,0,2,1,2,40,8
320546,0,1015,0,40,2,0,2,1,2,25,8
320548,0,1015,0,40,3,0,2,1,2,57,8
320550,0,1015,0,40,3,0,2,1,2,41,8
320552,0,1015,0,40,3,0,2,1,2,57,8
320554,0,1015,0,40,2,0,2,1,2,39,8
320556,0,1015,0,40,2,0,2,1,2,18,8
320558,0,1015,0,40,2,0,2,1,2,14,8
320560,0,1015,0,40,2,0,2,1,2,30,8
320562,0,1015,0,40,2,0,2,1,2,43,8
320564,0,1015,0,40,2,0,2,1,2,45,8
320566,0,1015,0,40,2,0,2,1,2,77,8
320568,0,1015,0,40,3,0,2,1,2,32,8
320570,0,1015,0,40,2,0,2,1,2,100,8
320572,0,1015,0,40,3,0,2,1,2,21,8
320574,0,1015,0,40,3,0,2,1,2,85,8
320576,0,1015,0,40,2,0,2,1,2,29,8
320578,0,1015,0,40,2,0,2,1,2,61,8
320580,0,1015,0,40,2,0,2,1,2,47,8
320582,0,1015,0,40,3,0,2,1,2,45,8
320584,0,1015,0,40,3,0,2,1,2,35,8
320586,0,1015,0,40,3,0,2,1,2,37,8
320588,0,1015,0,40,3,0,2,1,2,60,8
320590,0,1015,0,40,3,0,2,1,2,40,8
320592,0,1015,0,40,2,0,2,1,2,71,8
320594,0,1015,0,40,3,0,2,1,2,27,8
320596,0,1015,0,40,3,0,2,1,2,50,8
320598,0,1015,0,40,2,0,2,1,2,39,8
320600,0,1015,0,40,2,0,2,1,2,59,8
320602,0,1015,0,40,3,0,2,1,2,37,8
320604,0,1015,0,40,3,0,2,1,2,17,8
320606,0,1015,0,40,3,0,2,1,2,103,8
320608,0,1015,0,40,3,0,2,1,2,28,8
320610,0,1015,0,40,3,0,2,1,2,31,8
320612,0,1015,0,40,2,0,2,1,2,63,8
320616,0,1015,0,40,2,0,2,1,2,9,8
320618,0,1015,0,40,3,0,2,1,2,24,8
320620,0,1015,0,40,3,0,2,1,2,88,8
320622,0,1015,0,40,3,0,2,1,2,53,8
320624,0,1015,0,40,2,0,2,1,2,57,8
320626,0,1015,0,40,2,0,2,1,2,64,8
320628,0,1015,0,40,2,0,2,1,2,25,8
320630,0,1015,0,40,3,0,2,1,2,18,8
320632,0,1015,0,40,3,0,2,1,2,24,8
320634,0,1015,0,40,3,0,2,1,2,74,8
320636,0,1015,0,40,3,0,2,1,2,53,8
320638,0,1015,0,40,3,0,2,1,2,41,8
320640,0,1015,0,40,3,0,2,1,2,41,8
320642,0,1015,0,40,3,0,2,1,2,50,8
320646,0,1015,0,40,2,0,2,1,2,27,8
320648,0,1015,0,40,2,0,2,1,2,44,8
320650,0,1015,0,40,2,0,2,1,2,43,8
320652,0,1015,0,40,3,0,2,1,2,37,8
320654,0,1015,0,40,3,0,2,1,2,19,8
320656,0,1015,0,40,3,0,2,1,2,26,8
320658,0,1015,0,40,3,0,2,1,2,44,8
320660,0,1015,0,40,3,0,2,1,2,37,8
320662,0,1015,0,40,3,0,2,1,2,23,8
320664,0,1015,0,40,2,0,2,1,2,93,8
320666,0,1015,0,40,2,0,2,1,2,44,8
320668,0,1015,0,40,2,0,2,1,2,58,8
320670,0,1015,0,40,3,0,2,1,2,32,8
320672,0,1015,0,40,2,0,2,1,2,50,8
320674,0,1015,0,40,2,0,2,1,2,33,8
320676,0,1015,0,40,2,0,2,1,2,98,8
320678,0,1015,0,40,2,0,2,1,2,28,8
320680,0,1015,0,40,2,0,2,1,2,13,8
320682,0,1015,0,40,3,0,2,1,2,43,8
320684,0,1015,0,40,2,0,2,1,2,83,8
320686,0,1015,0,40,2,0,2,1,2,81,8
320688,0,1015,0,40,2,0,2,1,2,29,8
320690,0,1015,0,40,2,0,2,1,2,48,8
320694,0,1015,0,40,3,0,2,1,2,25,8
320696,0,1015,0,40,3,0,2,1,2,25,8
320698,0,1015,0,40,3,0,2,1,2,35,8
320700,0,1015,0,40,2,0,2,1,2,15,8
320702,0,1015,0,40,3,0,2,1,2,70,8
320704,0,1015,0,40,3,0,2,1,2,41,8
320706,0,1015,0,40,2,0,2,1,2,26,8
320708,0,1015,0,40,2,0,2,1,2,23,8
320710,0,1015,0,40,3,0,2,1,2,36,8
320712,0,1015,0,40,2,0,2,1,2,53,8
320714,0,1015,0,40,3,0,2,1,2,48,8
