id,inf_state,current_time,infected_time,ct_value,ct_type_method,number_of_bites,species,sex,current_age,death_day,sim_number,
332957,0,1289,0,40,2,6,2,1,80,58,8
358861,0,1289,0,40,3,1,2,1,49,60,8
328692,0,1289,0,40,3,0,2,1,45,40,8
362858,0,1289,0,40,2,0,2,1,44,29,8
353231,0,1289,0,40,3,3,2,1,52,67,8
338199,0,1289,0,40,3,5,2,1,64,11,8
328930,0,1289,0,40,2,8,2,1,76,17,8
344678,0,1289,0,40,3,5,2,1,53,36,8
354864,0,1289,0,40,3,2,2,1,51,64,8
358873,0,1289,0,40,3,1,2,1,41,43,8
357317,0,1289,0,40,3,2,2,1,40,70,8
361659,0,1289,0,40,3,1,2,1,39,63,8
327151,0,1289,0,40,3,6,2,1,64,29,8
365479,0,1289,0,40,3,0,2,1,38,30,8
360519,0,1289,0,40,2,1,2,1,43,32,8
334844,0,1289,0,40,3,6,2,1,77,60,8
348560,0,1289,0,40,2,4,2,1,55,41,8
361079,0,1289,0,40,3,1,2,1,42,36,8
352823,0,1289,0,40,3,3,2,1,49,33,8
330761,0,1289,0,40,3,9,2,1,85,51,8
338191,0,1289,0,40,3,5,2,1,75,26,8
361647,0,1289,0,40,2,1,2,1,43,41,8
334696,0,1289,0,40,3,7,2,1,78,53,8
344705,0,1289,0,40,2,3,2,1,68,16,8
367627,0,1289,0,40,2,0,2,1,35,60,8
367998,0,1289,0,40,2,0,2,1,35,36,8
351293,0,1289,0,40,2,5,2,1,44,12,8
367677,0,1289,0,40,2,0,2,1,34,36,8
351373,0,1289,0,40,2,1,2,1,57,59,8
359770,0,1289,0,40,3,2,2,1,37,14,8
355206,0,1289,0,40,2,2,2,1,44,71,8
357123,0,1289,0,40,2,2,2,1,41,31,8
364919,0,1289,0,40,2,2,2,1,36,48,8
342735,0,1289,0,40,3,7,2,1,61,30,8
333095,0,1289,0,40,2,10,2,1,75,42,8
355991,0,1289,0,40,3,2,2,1,46,43,8
329410,0,1289,0,40,3,12,2,1,92,42,8
334355,0,1289,0,40,3,9,2,1,76,31,8
352216,0,1289,0,40,2,4,2,1,47,17,8
351838,0,1289,0,40,2,4,2,1,47,93,8
365735,1,1289,1256,40,3,1,2,1,36,58,8
336756,0,1289,0,40,3,8,2,1,74,54,8
368133,0,1289,0,40,3,0,2,1,32,45,8
321423,0,1289,0,40,2,4,2,1,77,49,8
324448,0,1289,0,40,2,2,2,1,66,56,8
366331,0,1289,0,40,3,1,2,1,32,40,8
342323,0,1289,0,40,3,8,2,1,53,28,8
327866,0,1289,0,40,3,3,2,1,63,37,8
340460,0,1289,0,40,2,5,2,1,71,79,8
367591,0,1289,0,40,3,1,2,1,32,24,8
369201,0,1289,0,40,3,0,2,1,31,61,8
369848,0,1289,0,40,2,0,2,1,31,10,8
370079,0,1289,0,40,3,0,2,1,31,66,8
370179,0,1289,0,40,2,0,2,1,31,21,8
370235,0,1289,0,40,3,0,2,1,31,66,8
360703,0,1289,0,40,3,2,2,1,38,40,8
361287,0,1289,0,40,2,1,2,1,41,37,8
364678,0,1289,0,40,2,1,2,1,35,11,8
364371,0,1289,0,40,3,1,2,1,33,65,8
365665,0,1289,0,40,2,1,2,1,33,19,8
329130,0,1289,0,40,2,6,2,1,59,33,8
361204,0,1289,0,40,2,1,2,1,41,23,8
342128,0,1289,0,40,2,7,2,1,55,69,8
359570,0,1289,0,40,2,2,2,1,43,54,8
328304,0,1289,0,40,3,3,2,1,36,47,8
367078,0,1289,0,40,3,1,2,1,36,56,8
364139,0,1289,0,40,2,2,2,1,33,48,8
369654,0,1289,0,40,2,0,2,1,30,18,8
370823,0,1289,0,40,3,0,2,1,30,15,8
371067,0,1289,0,40,3,0,2,1,30,49,8
365111,0,1289,0,40,3,1,2,1,31,45,8
355947,0,1289,0,40,3,3,2,1,50,59,8
331346,0,1289,0,40,2,9,2,1,84,32,8
367624,0,1289,0,40,3,1,2,1,31,46,8
347336,0,1289,0,40,2,6,2,1,52,39,8
359086,0,1289,0,40,2,2,2,1,43,51,8
247496,1,1289,883,40,3,19,2,1,187,54,8
351671,0,1289,0,40,2,4,2,1,47,41,8
370292,0,1289,0,40,2,0,2,1,29,63,8
370964,0,1289,0,40,2,0,2,1,29,24,8
371153,0,1289,0,40,2,0,2,1,29,56,8
371351,0,1289,0,40,2,0,2,1,29,64,8
337606,0,1289,0,40,3,7,2,1,72,24,8
346820,0,1289,0,40,2,4,2,1,50,39,8
348632,1,1289,1257,40,2,4,2,1,53,38,8
334281,0,1289,0,40,3,9,2,1,75,79,8
358127,1,1289,1259,40,2,3,2,1,43,25,8
346110,0,1289,0,40,2,5,2,1,53,48,8
361995,0,1289,0,40,2,1,2,1,44,18,8
321218,1,1289,1247,40,3,9,2,1,75,47,8
363127,0,1289,0,40,2,1,2,1,37,22,8
369739,0,1289,0,40,3,1,2,1,30,56,8
336227,0,1289,0,40,2,8,2,1,73,60,8
371476,0,1289,0,40,3,0,2,1,28,41,8
372044,0,1289,0,40,2,0,2,1,28,22,8
372174,0,1289,0,40,2,0,2,1,28,36,8
327019,0,1289,0,40,2,6,2,1,54,73,8
352918,0,1289,0,40,3,2,2,1,51,25,8
358114,0,1289,0,40,3,2,2,1,37,64,8
339681,0,1289,0,40,2,7,2,1,71,85,8
342843,0,1289,0,40,3,6,2,1,49,53,8
347574,0,1289,0,40,3,4,2,1,55,21,8
356158,0,1289,0,40,3,3,2,1,42,91,8
312992,0,1289,0,40,2,9,2,1,101,45,8
364908,0,1289,0,40,3,2,2,1,34,46,8
358163,0,1289,0,40,2,4,2,1,40,67,8
339822,0,1289,0,40,2,7,2,1,69,61,8
347916,0,1289,0,40,3,5,2,1,54,60,8
356591,0,1289,0,40,3,3,2,1,45,29,8
339172,0,1289,0,40,2,6,2,1,80,25,8
360620,0,1289,0,40,2,2,2,1,41,37,8
343351,0,1289,0,40,2,6,2,1,48,64,8
340194,0,1289,0,40,2,9,2,1,66,73,8
369722,0,1289,0,40,3,0,2,1,27,25,8
371785,0,1289,0,40,3,0,2,1,27,53,8
372556,0,1289,0,40,3,0,2,1,27,43,8
372640,0,1289,0,40,2,0,2,1,27,55,8
352597,0,1289,0,40,2,3,2,1,40,35,8
359568,0,1289,0,40,2,3,2,1,36,41,8
345431,0,1289,0,40,2,6,2,1,49,58,8
360322,1,1289,1249,40,2,3,2,1,33,49,8
360874,0,1289,0,40,2,3,2,1,30,48,8
341847,0,1289,0,40,2,6,2,1,65,47,8
362821,0,1289,0,40,2,1,2,1,38,57,8
346280,0,1289,0,40,3,4,2,1,60,70,8
325714,0,1289,0,40,2,9,2,1,74,59,8
363976,0,1289,0,40,2,1,2,1,38,86,8
333697,0,1289,0,40,3,10,2,1,78,33,8
348093,0,1289,0,40,3,3,2,1,56,78,8
350890,0,1289,0,40,2,6,2,1,49,18,8
367356,0,1289,0,40,3,2,2,1,31,57,8
346955,0,1289,0,40,3,4,2,1,63,33,8
369849,1,1289,1261,40,2,1,2,1,28,32,8
358024,0,1289,0,40,3,1,2,1,49,41,8
361989,0,1289,0,40,3,1,2,1,43,77,8
363558,0,1289,0,40,3,1,2,1,38,52,8
361163,0,1289,0,40,3,2,2,1,40,60,8
343245,0,1289,0,40,2,5,2,1,62,81,8
342955,0,1289,0,40,3,6,2,1,64,17,8
353268,0,1289,0,40,3,3,2,1,46,23,8
365866,0,1289,0,40,3,1,2,1,31,63,8
370240,0,1289,0,40,3,0,2,1,26,37,8
372387,0,1289,0,40,3,0,2,1,26,30,8
372407,0,1289,0,40,3,0,2,1,26,74,8
372619,0,1289,0,40,3,0,2,1,26,50,8
372799,0,1289,0,40,3,0,2,1,26,16,8
372857,0,1289,0,40,2,0,2,1,26,63,8
373297,0,1289,0,40,3,0,2,1,26,33,8
333638,0,1289,0,40,2,7,2,1,85,55,8
344442,0,1289,0,40,2,4,2,1,58,21,8
325822,0,1289,0,40,2,7,2,1,66,39,8
363201,0,1289,0,40,3,2,2,1,29,41,8
345322,0,1289,0,40,2,5,2,1,52,19,8
348848,0,1289,0,40,3,4,2,1,58,31,8
231676,0,1289,0,40,2,30,2,1,180,34,8
367550,0,1289,0,40,2,1,2,1,31,87,8
367956,0,1289,0,40,3,1,2,1,30,32,8
326359,0,1289,0,40,2,5,2,1,66,30,8
334795,0,1289,0,40,3,7,2,1,71,24,8
364053,0,1289,0,40,3,2,2,1,33,46,8
366188,0,1289,0,40,2,1,2,1,26,64,8
338383,0,1289,0,40,3,7,2,1,72,49,8
342649,0,1289,0,40,2,7,2,1,51,99,8
370403,0,1289,0,40,2,1,2,1,27,43,8
340197,0,1289,0,40,3,5,2,1,66,56,8
340182,0,1289,0,40,3,6,2,1,79,21,8
361949,0,1289,0,40,3,2,2,1,40,19,8
369231,0,1289,0,40,2,1,2,1,29,27,8
342566,0,1289,0,40,3,7,2,1,55,36,8
356812,0,1289,0,40,2,3,2,1,40,65,8
369432,0,1289,0,40,2,1,2,1,29,45,8
346670,0,1289,0,40,3,5,2,1,60,40,8
329267,0,1289,0,40,3,14,2,1,82,67,8
345990,0,1289,0,40,2,7,2,1,60,18,8
323054,0,1289,0,40,2,8,2,1,81,38,8
372127,0,1289,0,40,3,0,2,1,25,82,8
372597,0,1289,0,40,3,0,2,1,25,70,8
372852,0,1289,0,40,2,0,2,1,25,54,8
372928,0,1289,0,40,3,0,2,1,25,36,8
373292,0,1289,0,40,2,0,2,1,25,56,8
373451,0,1289,0,40,3,0,2,1,25,69,8
373579,0,1289,0,40,2,0,2,1,25,49,8
373885,0,1289,0,40,2,0,2,1,25,41,8
373903,0,1289,0,40,3,0,2,1,25,43,8
329993,0,1289,0,40,2,0,2,1,26,25,8
336105,0,1289,0,40,2,7,2,1,72,28,8
368740,0,1289,0,40,3,1,2,1,25,44,8
345881,0,1289,0,40,2,6,2,1,55,27,8
344193,0,1289,0,40,3,5,2,1,47,28,8
354458,0,1289,0,40,3,3,2,1,40,32,8
334881,0,1289,0,40,3,9,2,1,71,30,8
346175,0,1289,0,40,3,4,2,1,56,32,8
363037,0,1289,0,40,2,3,2,1,30,45,8
326792,0,1289,0,40,2,5,2,1,65,48,8
367141,0,1289,0,40,3,1,2,1,30,43,8
368237,0,1289,0,40,2,1,2,1,26,60,8
340533,0,1289,0,40,3,6,2,1,59,51,8
354978,0,1289,0,40,2,2,2,1,47,76,8
316098,0,1289,0,40,3,11,2,1,65,29,8
368422,0,1289,0,40,3,1,2,1,30,58,8
341306,0,1289,0,40,2,6,2,1,62,17,8
326561,0,1289,0,40,2,6,2,1,57,68,8
369272,0,1289,0,40,3,1,2,1,30,41,8
357930,0,1289,0,40,2,2,2,1,41,19,8
369422,0,1289,0,40,2,1,2,1,26,53,8
371628,0,1289,0,40,3,1,2,1,25,38,8
340942,0,1289,0,40,2,8,2,1,55,33,8
364821,0,1289,0,40,3,2,2,1,33,39,8
365439,1,1289,1257,40,2,2,2,1,34,29,8
361122,0,1289,0,40,2,2,2,1,41,62,8
336293,0,1289,0,40,2,10,2,1,76,79,8
331060,0,1289,0,40,3,10,2,1,86,69,8
334362,0,1289,0,40,2,7,2,1,80,17,8
373586,0,1289,0,40,2,0,2,1,24,133,8
373928,0,1289,0,40,3,0,2,1,24,41,8
374075,0,1289,0,40,3,0,2,1,24,25,8
374177,0,1289,0,40,2,0,2,1,24,25,8
374473,0,1289,0,40,2,0,2,1,24,37,8
374533,0,1289,0,40,2,0,2,1,24,38,8
358879,0,1289,0,40,3,3,2,1,31,22,8
361919,0,1289,0,40,3,3,2,1,31,54,8
351032,0,1289,0,40,2,5,2,1,48,38,8
354851,0,1289,0,40,2,4,2,1,41,37,8
363345,0,1289,0,40,3,2,2,1,32,11,8
367047,0,1289,0,40,3,2,2,1,28,70,8
361725,0,1289,0,40,3,1,2,1,40,50,8
352332,0,1289,0,40,3,4,2,1,46,40,8
323993,0,1289,0,40,2,4,2,1,74,93,8
331908,0,1289,0,40,2,10,2,1,75,53,8
366370,0,1289,0,40,2,2,2,1,28,49,8
370058,0,1289,0,40,2,1,2,1,24,44,8
321691,0,1289,0,40,3,8,2,1,80,52,8
368488,0,1289,0,40,2,1,2,1,29,49,8
369180,0,1289,0,40,2,1,2,1,28,31,8
365209,0,1289,0,40,2,2,2,1,29,28,8
298926,0,1289,0,40,2,9,2,1,97,42,8
354478,0,1289,0,40,3,3,2,1,48,61,8
319676,0,1289,0,40,3,9,2,1,106,25,8
369081,0,1289,0,40,3,1,2,1,27,54,8
370305,0,1289,0,40,2,1,2,1,27,45,8
354250,0,1289,0,40,3,4,2,1,43,25,8
362476,0,1289,0,40,2,3,2,1,34,53,8
316943,0,1289,0,40,2,13,2,1,98,38,8
351455,0,1289,0,40,2,2,2,1,57,78,8
366359,0,1289,0,40,2,1,2,1,35,152,8
343902,0,1289,0,40,3,6,2,1,55,31,8
319010,0,1289,0,40,3,8,2,1,81,32,8
354407,0,1289,0,40,2,5,2,1,38,38,8
364170,0,1289,0,40,3,3,2,1,31,83,8
357158,0,1289,0,40,3,3,2,1,46,39,8
322630,0,1289,0,40,2,7,2,1,72,38,8
364197,0,1289,0,40,3,3,2,1,34,42,8
369784,0,1289,0,40,2,2,2,1,27,62,8
368637,0,1289,0,40,2,1,2,1,32,53,8
370690,0,1289,0,40,2,1,2,1,27,51,8
372997,0,1289,0,40,3,1,2,1,25,67,8
372922,0,1289,0,40,3,0,2,1,23,22,8
374010,0,1289,0,40,2,0,2,1,23,25,8
374146,0,1289,0,40,3,0,2,1,23,25,8
374570,0,1289,0,40,2,0,2,1,23,48,8
374586,0,1289,0,40,2,0,2,1,23,25,8
374762,0,1289,0,40,3,0,2,1,23,46,8
374848,0,1289,0,40,2,0,2,1,23,36,8
374870,0,1289,0,40,3,0,2,1,23,110,8
374924,0,1289,0,40,2,0,2,1,23,73,8
375112,0,1289,0,40,2,0,2,1,23,62,8
367452,0,1289,0,40,3,1,2,1,26,35,8
368432,0,1289,0,40,3,1,2,1,24,43,8
357938,0,1289,0,40,2,3,2,1,31,86,8
358574,0,1289,0,40,3,3,2,1,34,56,8
310288,0,1289,0,40,3,13,2,1,97,54,8
344574,0,1289,0,40,3,7,2,1,48,36,8
336385,0,1289,0,40,2,6,2,1,72,48,8
361513,0,1289,0,40,2,2,2,1,29,51,8
360420,0,1289,0,40,2,1,2,1,42,28,8
366023,0,1289,0,40,2,1,2,1,33,60,8
338759,0,1289,0,40,2,4,2,1,82,71,8
364034,0,1289,0,40,3,2,2,1,32,42,8
368127,0,1289,0,40,2,2,2,1,25,58,8
353210,0,1289,0,40,3,6,2,1,35,24,8
346399,0,1289,0,40,3,3,2,1,64,12,8
365149,0,1289,0,40,3,2,2,1,31,23,8
366363,0,1289,0,40,2,2,2,1,26,50,8
363680,0,1289,0,40,2,3,2,1,29,45,8
372232,0,1289,0,40,3,1,2,1,23,66,8
343925,0,1289,0,40,2,4,2,1,67,34,8
327348,0,1289,0,40,3,5,2,1,52,47,8
326253,0,1289,0,40,2,2,2,1,33,14,8
333500,0,1289,0,40,2,9,2,1,69,21,8
359858,0,1289,0,40,2,4,2,1,34,40,8
362961,0,1289,0,40,3,2,2,1,30,39,8
371265,0,1289,0,40,3,1,2,1,25,42,8
367269,0,1289,0,40,2,2,2,1,25,46,8
351538,0,1289,0,40,3,4,2,1,39,60,8
339628,0,1289,0,40,2,8,2,1,59,84,8
338665,0,1289,0,40,3,5,2,1,77,48,8
340425,0,1289,0,40,2,6,2,1,70,38,8
366295,0,1289,0,40,3,2,2,1,31,23,8
332301,0,1289,0,40,2,8,2,1,95,18,8
370746,0,1289,0,40,3,1,2,1,25,27,8
354122,0,1289,0,40,2,2,2,1,57,43,8
349307,0,1289,0,40,3,5,2,1,46,66,8
353656,0,1289,0,40,3,4,2,1,45,36,8
338213,0,1289,0,40,3,7,2,1,78,48,8
322840,0,1289,0,40,2,7,2,1,47,24,8
322493,0,1289,0,40,2,6,2,1,52,22,8
361148,0,1289,0,40,3,3,2,1,30,38,8
360461,0,1289,0,40,3,6,2,1,37,91,8
373953,0,1289,0,40,2,1,2,1,23,35,8
356929,0,1289,0,40,2,4,2,1,36,97,8
357628,0,1289,0,40,2,5,2,1,44,21,8
353252,1,1289,1238,40,3,5,2,1,39,11,8
362218,0,1289,0,40,2,4,2,1,32,44,8
333947,0,1289,0,40,3,10,2,1,70,18,8
372930,0,1289,0,40,2,0,2,1,22,39,8
373512,0,1289,0,40,2,0,2,1,22,34,8
374484,0,1289,0,40,3,0,2,1,22,9,8
374715,0,1289,0,40,3,0,2,1,22,86,8
374783,0,1289,0,40,2,0,2,1,22,19,8
374915,0,1289,0,40,3,0,2,1,22,33,8
375051,0,1289,0,40,2,0,2,1,22,21,8
375144,0,1289,0,40,3,0,2,1,22,64,8
375332,0,1289,0,40,2,0,2,1,22,75,8
375380,0,1289,0,40,3,0,2,1,22,54,8
375460,0,1289,0,40,2,0,2,1,22,63,8
375590,0,1289,0,40,2,0,2,1,22,29,8
336199,0,1289,0,40,3,8,2,1,60,34,8
328348,0,1289,0,40,3,5,2,1,87,39,8
364931,0,1289,0,40,3,1,2,1,33,42,8
354385,0,1289,0,40,2,3,2,1,40,50,8
361242,0,1289,0,40,2,3,2,1,28,55,8
313475,0,1289,0,40,3,15,2,1,80,23,8
367517,0,1289,0,40,2,2,2,1,23,82,8
325867,0,1289,0,40,2,6,2,1,67,23,8
357604,0,1289,0,40,3,3,2,1,41,33,8
325997,0,1289,0,40,3,8,2,1,83,39,8
369580,0,1289,0,40,2,1,2,1,25,31,8
370793,0,1289,0,40,3,1,2,1,24,52,8
371711,0,1289,0,40,3,1,2,1,23,25,8
365010,0,1289,0,40,2,1,2,1,36,40,8
365850,0,1289,0,40,2,1,2,1,30,60,8
330805,0,1289,0,40,2,13,2,1,86,34,8
336370,0,1289,0,40,2,10,2,1,59,10,8
329512,0,1289,0,40,3,10,2,1,87,25,8
324723,0,1289,0,40,3,6,2,1,69,54,8
341574,0,1289,0,40,3,9,2,1,62,62,8
369677,0,1289,0,40,3,2,2,1,23,69,8
363299,0,1289,0,40,2,3,2,1,32,66,8
357471,0,1289,0,40,3,3,2,1,41,29,8
365774,0,1289,0,40,2,1,2,1,33,35,8
352119,0,1289,0,40,3,3,2,1,47,22,8
346001,0,1289,0,40,3,7,2,1,53,44,8
360143,0,1289,0,40,2,4,2,1,34,32,8
348137,0,1289,0,40,2,6,2,1,45,65,8
361718,0,1289,0,40,3,2,2,1,33,36,8
356714,0,1289,0,40,2,3,2,1,41,25,8
360639,0,1289,0,40,2,2,2,1,41,28,8
368009,0,1289,0,40,3,2,2,1,28,24,8
364928,0,1289,0,40,3,2,2,1,31,76,8
362287,0,1289,0,40,3,4,2,1,30,57,8
348823,0,1289,0,40,3,6,2,1,45,20,8
355446,0,1289,0,40,2,4,2,1,39,71,8
363047,0,1289,0,40,3,3,2,1,31,12,8
330510,0,1289,0,40,3,13,2,1,73,12,8
373268,0,1289,0,40,3,1,2,1,22,28,8
367705,0,1289,0,40,3,1,2,1,31,35,8
367631,0,1289,0,40,3,2,2,1,29,32,8
355244,0,1289,0,40,2,4,2,1,44,32,8
344042,1,1289,1268,25.9232,3,6,2,1,56,50,8
361456,0,1289,0,40,3,4,2,1,30,35,8
352676,0,1289,0,40,2,1,2,1,60,36,8
326982,0,1289,0,40,2,10,2,1,58,30,8
359627,0,1289,0,40,3,4,2,1,41,25,8
334824,0,1289,0,40,2,9,2,1,81,22,8
373440,0,1289,0,40,2,0,2,1,21,70,8
373504,0,1289,0,40,3,0,2,1,21,28,8
375149,0,1289,0,40,2,0,2,1,21,44,8
375209,0,1289,0,40,2,0,2,1,21,7,8
375365,0,1289,0,40,2,0,2,1,21,91,8
375503,0,1289,0,40,2,0,2,1,21,21,8
375551,0,1289,0,40,3,0,2,1,21,49,8
375759,0,1289,0,40,2,0,2,1,21,71,8
375807,0,1289,0,40,2,0,2,1,21,62,8
375827,0,1289,0,40,3,0,2,1,21,69,8
375829,0,1289,0,40,2,0,2,1,21,52,8
375913,0,1289,0,40,3,0,2,1,21,19,8
375939,0,1289,0,40,2,0,2,1,21,33,8
376009,0,1289,0,40,2,0,2,1,21,57,8
376117,0,1289,0,40,3,0,2,1,21,24,8
376151,0,1289,0,40,3,0,2,1,21,62,8
376243,0,1289,0,40,3,0,2,1,21,41,8
376273,0,1289,0,40,2,0,2,1,21,38,8
376275,0,1289,0,40,2,0,2,1,21,33,8
376315,0,1289,0,40,3,0,2,1,21,11,8
362155,0,1289,0,40,3,2,2,1,26,33,8
366572,0,1289,0,40,2,1,2,1,22,67,8
322583,0,1289,0,40,2,11,2,1,86,37,8
364790,0,1289,0,40,2,2,2,1,29,37,8
366627,0,1289,0,40,3,2,2,1,22,33,8
351434,0,1289,0,40,3,4,2,1,43,40,8
365992,0,1289,0,40,3,1,2,1,30,65,8
345828,0,1289,0,40,3,4,2,1,55,52,8
360910,0,1289,0,40,3,3,2,1,33,28,8
348325,0,1289,0,40,3,5,2,1,49,51,8
365295,0,1289,0,40,3,2,2,1,29,62,8
328475,0,1289,0,40,2,6,2,1,53,42,8
329145,0,1289,0,40,3,10,2,1,88,71,8
337175,0,1289,0,40,3,6,2,1,73,25,8
328904,0,1289,0,40,3,7,2,1,80,20,8
342670,0,1289,0,40,2,7,2,1,61,72,8
371360,0,1289,0,40,3,1,2,1,21,31,8
358847,0,1289,0,40,2,2,2,1,34,13,8
337454,0,1289,0,40,3,6,2,1,61,45,8
370189,0,1289,0,40,3,1,2,1,25,16,8
349371,0,1289,0,40,2,2,2,1,58,80,8
342574,0,1289,0,40,3,4,2,1,67,36,8
327176,0,1289,0,40,3,8,2,1,78,77,8
365551,0,1289,0,40,2,3,2,1,23,37,8
362862,0,1289,0,40,2,4,2,1,31,43,8
365082,0,1289,0,40,3,1,2,1,35,40,8
336324,0,1289,0,40,2,9,2,1,59,32,8
347163,0,1289,0,40,2,5,2,1,61,51,8
368131,0,1289,0,40,3,1,2,1,29,37,8
326382,0,1289,0,40,2,6,2,1,56,28,8
357854,0,1289,0,40,2,3,2,1,39,80,8
348465,0,1289,0,40,3,6,2,1,48,31,8
351190,0,1289,0,40,2,6,2,1,44,38,8
361229,0,1289,0,40,2,3,2,1,31,53,8
331684,0,1289,0,40,3,9,2,1,93,43,8
372742,0,1289,0,40,3,1,2,1,22,34,8
366111,0,1289,0,40,3,3,2,1,27,65,8
368943,0,1289,0,40,3,1,2,1,28,48,8
353963,1,1289,1241,40,3,6,2,1,40,43,8
366656,0,1289,0,40,2,2,2,1,31,28,8
368226,0,1289,0,40,3,2,2,1,25,83,8
343565,0,1289,0,40,3,6,2,1,67,20,8
349326,0,1289,0,40,3,5,2,1,47,38,8
347474,0,1289,0,40,3,6,2,1,36,21,8
367996,0,1289,0,40,3,2,2,1,28,9,8
352030,0,1289,0,40,2,3,2,1,47,59,8
369408,0,1289,0,40,3,2,2,1,25,63,8
373045,0,1289,0,40,3,1,2,1,22,53,8
356516,0,1289,0,40,2,4,2,1,32,52,8
343638,0,1289,0,40,3,4,2,1,63,24,8
347918,0,1289,0,40,2,4,2,1,58,36,8
354644,0,1289,0,40,2,4,2,1,47,31,8
343000,0,1289,0,40,3,7,2,1,50,28,8
361414,0,1289,0,40,3,2,2,1,40,33,8
370739,0,1289,0,40,2,2,2,1,26,64,8
355583,0,1289,0,40,3,3,2,1,39,38,8
368424,0,1289,0,40,2,2,2,1,24,40,8
332623,0,1289,0,40,3,8,2,1,85,41,8
357039,0,1289,0,40,2,3,2,1,46,42,8
347659,0,1289,0,40,2,5,2,1,56,38,8
349926,0,1289,0,40,3,4,2,1,61,52,8
344759,0,1289,0,40,2,5,2,1,60,33,8
366328,0,1289,0,40,2,2,2,1,28,19,8
363591,0,1289,0,40,3,3,2,1,38,38,8
373077,0,1289,0,40,3,1,2,1,24,56,8
353858,0,1289,0,40,3,3,2,1,50,37,8
352173,0,1289,0,40,2,6,2,1,42,70,8
374998,0,1289,0,40,2,1,2,1,21,54,8
338744,0,1289,0,40,3,9,2,1,61,39,8
373478,0,1289,0,40,3,1,2,1,23,33,8
365153,0,1289,0,40,2,2,2,1,28,69,8
375109,0,1289,0,40,3,0,2,1,20,30,8
375203,0,1289,0,40,2,0,2,1,20,12,8
375786,0,1289,0,40,2,0,2,1,20,30,8
375814,0,1289,0,40,2,0,2,1,20,32,8
376034,0,1289,0,40,3,0,2,1,20,47,8
376110,0,1289,0,40,3,0,2,1,20,57,8
376278,0,1289,0,40,2,0,2,1,20,64,8
376339,0,1289,0,40,3,0,2,1,20,23,8
376363,0,1289,0,40,2,0,2,1,20,31,8
376399,0,1289,0,40,2,0,2,1,20,29,8
376629,0,1289,0,40,3,0,2,1,20,16,8
376803,0,1289,0,40,3,0,2,1,20,36,8
376865,0,1289,0,40,2,0,2,1,20,27,8
354436,0,1289,0,40,2,4,2,1,39,78,8
357329,0,1289,0,40,3,3,2,1,34,40,8
351688,0,1289,0,40,2,3,2,1,38,36,8
327528,0,1289,0,40,2,4,2,1,55,35,8
338076,0,1289,0,40,3,7,2,1,66,53,8
364438,0,1289,0,40,3,2,2,1,23,20,8
355585,0,1289,0,40,3,3,2,1,35,64,8
358593,0,1289,0,40,2,3,2,1,33,28,8
360643,0,1289,0,40,3,3,2,1,28,51,8
369357,0,1289,0,40,2,1,2,1,25,75,8
342815,0,1289,0,40,3,6,2,1,55,58,8
353826,0,1289,0,40,2,6,2,1,32,13,8
340572,0,1289,0,40,2,9,2,1,49,65,8
364167,1,1289,1266,40,2,2,2,1,33,10,8
368274,0,1289,0,40,3,1,2,1,28,16,8
347507,0,1289,0,40,3,5,2,1,49,7,8
364861,0,1289,0,40,2,2,2,1,28,40,8
362185,0,1289,0,40,2,2,2,1,30,44,8
336835,0,1289,0,40,2,9,2,1,57,51,8
371372,0,1289,0,40,3,1,2,1,22,27,8
325999,0,1289,0,40,3,9,2,1,60,38,8
367952,0,1289,0,40,2,2,2,1,26,22,8
352396,0,1289,0,40,3,4,2,1,40,37,8
373021,0,1289,0,40,3,1,2,1,20,28,8
338017,0,1289,0,40,3,6,2,1,73,40,8
316364,0,1289,0,40,3,11,2,1,95,47,8
360277,0,1289,0,40,2,3,2,1,31,21,8
351272,0,1289,0,40,2,3,2,1,46,36,8
366648,0,1289,0,40,3,2,2,1,27,63,8
312475,0,1289,0,40,3,9,2,1,78,20,8
371432,0,1289,0,40,2,1,2,1,23,26,8
367111,0,1289,0,40,3,2,2,1,24,23,8
372498,0,1289,0,40,2,1,2,1,22,42,8
361887,0,1289,0,40,3,3,2,1,25,48,8
361683,0,1289,0,40,2,3,2,1,27,67,8
365066,0,1289,0,40,2,2,2,1,29,76,8
322513,0,1289,0,40,3,9,2,1,45,47,8
356129,0,1289,0,40,3,4,2,1,41,40,8
373116,0,1289,0,40,3,1,2,1,20,47,8
346313,0,1289,0,40,2,6,2,1,57,57,8
346372,0,1289,0,40,3,4,2,1,59,60,8
367836,0,1289,0,40,3,1,2,1,31,73,8
349851,0,1289,0,40,2,6,2,1,45,11,8
368579,0,1289,0,40,2,1,2,1,28,113,8
361609,0,1289,0,40,2,3,2,1,33,59,8
344334,0,1289,0,40,2,5,2,1,65,52,8
332020,0,1289,0,40,3,9,2,1,79,36,8
370200,0,1289,0,40,3,1,2,1,23,88,8
316841,0,1289,0,40,2,7,2,1,78,33,8
326339,0,1289,0,40,3,7,2,1,51,64,8
334653,0,1289,0,40,3,10,2,1,58,81,8
340508,0,1289,0,40,2,6,2,1,69,95,8
328139,0,1289,0,40,3,6,2,1,48,27,8
367824,0,1289,0,40,2,1,2,1,32,21,8
346691,1,1289,1269,40,2,6,2,1,56,39,8
350002,0,1289,0,40,3,5,2,1,46,78,8
351451,0,1289,0,40,2,4,2,1,49,110,8
333710,0,1289,0,40,2,8,2,1,74,34,8
363460,0,1289,0,40,3,2,2,1,31,41,8
330097,0,1289,0,40,3,7,2,1,64,71,8
365888,0,1289,0,40,2,2,2,1,27,71,8
348182,0,1289,0,40,2,5,2,1,56,27,8
367462,0,1289,0,40,2,3,2,1,23,35,8
317921,0,1289,0,40,2,15,2,1,75,13,8
354984,0,1289,0,40,2,5,2,1,40,74,8
330602,0,1289,0,40,3,9,2,1,86,25,8
368390,0,1289,0,40,2,1,2,1,32,19,8
356260,0,1289,0,40,2,4,2,1,40,31,8
339829,0,1289,0,40,2,8,2,1,60,73,8
338441,0,1289,0,40,2,10,2,1,66,23,8
342916,0,1289,0,40,3,5,2,1,64,34,8
353972,0,1289,0,40,2,4,2,1,42,14,8
345188,0,1289,0,40,2,6,2,1,58,13,8
374371,0,1289,0,40,3,1,2,1,22,30,8
340717,0,1289,0,40,2,9,2,1,57,44,8
358154,0,1289,0,40,3,3,2,1,36,52,8
373516,0,1289,0,40,3,1,2,1,21,28,8
309184,0,1289,0,40,2,16,2,1,107,29,8
369431,0,1289,0,40,2,3,2,1,23,48,8
340232,0,1289,0,40,2,7,2,1,59,54,8
332986,0,1289,0,40,2,13,2,1,75,35,8
371323,0,1289,0,40,2,2,2,1,26,19,8
365054,0,1289,0,40,2,3,2,1,27,46,8
324171,0,1289,0,40,3,11,2,1,81,25,8
345617,0,1289,0,40,3,6,2,1,61,39,8
341799,0,1289,0,40,2,5,2,1,71,89,8
337453,0,1289,0,40,3,8,2,1,72,50,8
373138,0,1289,0,40,3,0,2,1,19,30,8
375295,0,1289,0,40,3,0,2,1,19,33,8
375501,0,1289,0,40,3,0,2,1,19,20,8
375577,0,1289,0,40,3,0,2,1,19,27,8
376020,0,1289,0,40,3,0,2,1,19,51,8
376148,0,1289,0,40,3,0,2,1,19,93,8
376338,0,1289,0,40,2,0,2,1,19,47,8
376358,0,1289,0,40,3,0,2,1,19,48,8
376574,0,1289,0,40,3,0,2,1,19,13,8
376586,0,1289,0,40,3,0,2,1,19,32,8
376658,0,1289,0,40,3,0,2,1,19,12,8
376858,0,1289,0,40,2,0,2,1,19,63,8
376952,0,1289,0,40,2,0,2,1,19,62,8
376984,0,1289,0,40,3,0,2,1,19,17,8
376992,0,1289,0,40,3,0,2,1,19,56,8
377024,0,1289,0,40,2,0,2,1,19,43,8
377220,0,1289,0,40,3,0,2,1,19,31,8
377264,0,1289,0,40,2,0,2,1,19,65,8
377312,0,1289,0,40,3,0,2,1,19,57,8
377398,0,1289,0,40,3,0,2,1,19,28,8
377446,0,1289,0,40,2,0,2,1,19,40,8
377504,0,1289,0,40,3,0,2,1,19,33,8
377528,0,1289,0,40,3,0,2,1,19,24,8
318446,0,1289,0,40,3,17,2,1,113,16,8
304306,0,1289,0,40,3,13,2,1,96,40,8
356046,0,1289,0,40,2,4,2,1,35,52,8
361593,0,1289,0,40,3,2,2,1,31,27,8
352374,0,1289,0,40,3,4,2,1,45,90,8
347596,0,1289,0,40,3,4,2,1,50,35,8
332203,0,1289,0,40,3,8,2,1,75,36,8
371080,0,1289,0,40,2,1,2,1,19,29,8
352405,0,1289,0,40,2,3,2,1,46,52,8
328484,0,1289,0,40,3,9,2,1,49,64,8
338067,0,1289,0,40,3,11,2,1,64,49,8
370571,0,1289,0,40,3,1,2,1,22,61,8
324777,0,1289,0,40,2,4,2,1,46,72,8
351395,0,1289,0,40,3,7,2,1,38,68,8
371465,0,1289,0,40,2,1,2,1,22,61,8
364867,0,1289,0,40,2,2,2,1,25,20,8
334864,0,1289,0,40,3,8,2,1,76,17,8
354555,0,1289,0,40,2,6,2,1,37,33,8
364015,0,1289,0,40,2,2,2,1,29,36,8
372491,0,1289,0,40,3,1,2,1,19,17,8
372841,0,1289,0,40,2,1,2,1,19,29,8
328249,0,1289,0,40,3,9,2,1,81,72,8
358538,0,1289,0,40,3,4,2,1,37,32,8
343718,0,1289,0,40,2,4,2,1,66,34,8
362826,0,1289,0,40,2,2,2,1,35,25,8
335853,0,1289,0,40,2,5,2,1,88,19,8
345003,0,1289,0,40,2,4,2,1,64,104,8
327274,0,1289,0,40,2,8,2,1,78,34,8
362144,0,1289,0,40,3,3,2,1,28,20,8
358603,0,1289,0,40,3,3,2,1,33,60,8
361320,0,1289,0,40,3,2,2,1,26,66,8
338312,0,1289,0,40,2,6,2,1,68,43,8
370100,0,1289,0,40,3,1,2,1,21,39,8
372646,0,1289,0,40,3,1,2,1,21,50,8
327438,0,1289,0,40,3,8,2,1,42,22,8
347445,0,1289,0,40,3,8,2,1,37,74,8
324461,0,1289,0,40,3,7,2,1,67,61,8
341769,0,1289,0,40,2,8,2,1,47,25,8
344754,0,1289,0,40,2,5,2,1,56,37,8
366597,0,1289,0,40,2,1,2,1,33,46,8
367217,0,1289,0,40,3,1,2,1,27,40,8
344551,0,1289,0,40,2,6,2,1,55,23,8
357981,0,1289,0,40,2,3,2,1,38,58,8
348332,0,1289,0,40,2,6,2,1,48,53,8
371487,0,1289,0,40,3,1,2,1,24,58,8
322648,0,1289,0,40,3,8,2,1,93,29,8
359366,0,1289,0,40,3,3,2,1,35,43,8
345603,0,1289,0,40,2,7,2,1,41,43,8
371098,0,1289,0,40,2,1,2,1,21,68,8
364742,0,1289,0,40,2,2,2,1,27,34,8
345934,0,1289,0,40,3,6,2,1,50,33,8
363763,0,1289,0,40,2,2,2,1,33,27,8
360006,0,1289,0,40,3,4,2,1,35,27,8
343268,0,1289,0,40,3,7,2,1,52,36,8
356082,0,1289,0,40,3,2,2,1,41,64,8
328439,0,1289,0,40,2,5,2,1,51,48,8
363094,0,1289,0,40,3,4,2,1,34,70,8
368012,0,1289,0,40,2,2,2,1,29,53,8
363179,0,1289,0,40,3,2,2,1,33,34,8
338231,0,1289,0,40,2,8,2,1,64,9,8
360175,0,1289,0,40,3,3,2,1,37,39,8
341276,0,1289,0,40,2,7,2,1,45,89,8
366165,0,1289,0,40,3,3,2,1,30,61,8
372691,0,1289,0,40,2,1,2,1,22,81,8
373019,0,1289,0,40,2,1,2,1,22,57,8
360975,0,1289,0,40,3,3,2,1,35,32,8
373785,0,1289,0,40,3,1,2,1,21,12,8
365120,0,1289,0,40,2,2,2,1,32,31,8
373294,0,1289,0,40,2,1,2,1,20,31,8
326948,0,1289,0,40,2,8,2,1,57,43,8
348383,0,1289,0,40,3,3,2,1,56,34,8
349636,0,1289,0,40,2,5,2,1,48,50,8
324515,0,1289,0,40,3,3,2,1,27,63,8
357730,0,1289,0,40,3,5,2,1,40,12,8
335338,0,1289,0,40,3,6,2,1,80,48,8
369298,0,1289,0,40,3,1,2,1,30,48,8
369171,0,1289,0,40,2,1,2,1,29,25,8
346026,0,1289,0,40,3,7,2,1,49,78,8
362177,0,1289,0,40,3,3,2,1,33,38,8
355684,0,1289,0,40,3,5,2,1,43,29,8
355630,0,1289,0,40,2,5,2,1,32,21,8
336441,0,1289,0,40,3,8,2,1,69,16,8
354379,0,1289,0,40,2,3,2,1,48,50,8
327498,0,1289,0,40,2,6,2,1,67,20,8
371185,0,1289,0,40,2,2,2,1,24,43,8
344954,0,1289,0,40,2,7,2,1,46,34,8
358592,0,1289,0,40,3,4,2,1,37,18,8
371387,0,1289,0,40,3,2,2,1,23,47,8
357809,0,1289,0,40,2,4,2,1,36,21,8
339034,0,1289,0,40,2,8,2,1,60,43,8
369352,0,1289,0,40,2,2,2,1,26,22,8
374622,0,1289,0,40,3,1,2,1,20,58,8
351165,0,1289,0,40,3,6,2,1,45,29,8
328411,0,1289,0,40,2,7,2,1,60,19,8
349485,0,1289,0,40,3,6,2,1,40,31,8
365899,0,1289,0,40,3,3,2,1,28,71,8
344162,0,1289,0,40,2,6,2,1,65,13,8
371606,0,1289,0,40,2,2,2,1,20,47,8
369164,0,1289,0,40,2,1,2,1,31,26,8
330476,0,1289,0,40,2,5,2,1,43,32,8
330166,0,1289,0,40,3,11,2,1,98,23,8
348628,0,1289,0,40,2,7,2,1,45,39,8
364591,0,1289,0,40,2,3,2,1,25,75,8
347193,0,1289,0,40,2,5,2,1,55,44,8
339137,0,1289,0,40,2,10,2,1,55,32,8
354879,0,1289,0,40,3,6,2,1,40,49,8
367013,1,1289,1257,40,3,3,2,1,26,34,8
310813,0,1289,0,40,3,10,2,1,103,51,8
342009,0,1289,0,40,3,9,2,1,57,70,8
370981,0,1289,0,40,3,3,2,1,22,25,8
374456,0,1289,0,40,2,1,2,1,19,25,8
360209,0,1289,0,40,2,3,2,1,41,39,8
342938,0,1289,0,40,3,6,2,1,62,26,8
346675,0,1289,0,40,2,5,2,1,62,60,8
325966,1,1289,1265,40,2,10,2,1,60,44,8
372319,0,1289,0,40,3,2,2,1,22,34,8
368805,0,1289,0,40,3,2,2,1,29,60,8
374849,0,1289,0,40,3,0,2,1,18,38,8
375053,0,1289,0,40,3,0,2,1,18,47,8
375159,0,1289,0,40,2,0,2,1,18,41,8
375223,0,1289,0,40,2,0,2,1,18,52,8
375319,0,1289,0,40,3,0,2,1,18,62,8
375537,0,1289,0,40,3,0,2,1,18,23,8
375569,0,1289,0,40,3,0,2,1,18,50,8
376440,0,1289,0,40,3,0,2,1,18,35,8
376756,0,1289,0,40,3,0,2,1,18,21,8
377053,0,1289,0,40,2,0,2,1,18,29,8
377149,0,1289,0,40,2,0,2,1,18,40,8
377355,0,1289,0,40,2,0,2,1,18,35,8
377411,0,1289,0,40,2,0,2,1,18,40,8
377459,0,1289,0,40,3,0,2,1,18,31,8
377491,0,1289,0,40,2,0,2,1,18,68,8
377632,0,1289,0,40,3,0,2,1,18,52,8
377644,0,1289,0,40,3,0,2,1,18,48,8
377658,0,1289,0,40,2,0,2,1,18,35,8
377788,0,1289,0,40,3,0,2,1,18,48,8
377834,0,1289,0,40,3,0,2,1,18,51,8
377876,0,1289,0,40,3,0,2,1,18,35,8
377890,0,1289,0,40,2,0,2,1,18,26,8
377954,0,1289,0,40,2,0,2,1,18,36,8
377972,0,1289,0,40,3,0,2,1,18,59,8
378044,0,1289,0,40,3,0,2,1,18,31,8
378078,0,1289,0,40,3,0,2,1,18,29,8
366751,0,1289,0,40,2,2,2,1,21,43,8
347788,0,1289,0,40,3,5,2,1,44,29,8
360850,0,1289,0,40,2,2,2,1,36,28,8
330785,0,1289,0,40,2,12,2,1,65,45,8
357283,0,1289,0,40,3,3,2,1,31,34,8
359646,0,1289,0,40,3,4,2,1,32,70,8
370031,0,1289,0,40,2,1,2,1,22,33,8
363285,0,1289,0,40,3,3,2,1,23,53,8
351013,0,1289,0,40,3,4,2,1,41,57,8
368020,0,1289,0,40,2,2,2,1,23,38,8
365817,0,1289,0,40,2,3,2,1,24,47,8
370580,0,1289,0,40,2,1,2,1,21,16,8
365645,0,1289,0,40,2,4,2,1,22,37,8
356126,0,1289,0,40,2,3,2,1,43,17,8
362789,0,1289,0,40,2,4,2,1,31,48,8
344835,0,1289,0,40,2,4,2,1,53,36,8
360614,0,1289,0,40,2,2,2,1,31,61,8
358048,0,1289,0,40,2,2,2,1,41,59,8
343966,0,1289,0,40,2,6,2,1,52,49,8
347147,1,1289,1246,40,2,5,2,1,43,59,8
354332,0,1289,0,40,2,3,2,1,40,57,8
353763,1,1289,1267,39.4452,3,6,2,1,42,33,8
360167,0,1289,0,40,2,3,2,1,32,51,8
358904,0,1289,0,40,2,5,2,1,34,56,8
371946,0,1289,0,40,2,1,2,1,21,58,8
371993,0,1289,0,40,2,1,2,1,20,25,8
355306,0,1289,0,40,3,4,2,1,35,25,8
356417,0,1289,0,40,3,3,2,1,44,67,8
363356,0,1289,0,40,3,2,2,1,34,45,8
331922,0,1289,0,40,2,12,2,1,81,48,8
363595,0,1289,0,40,2,2,2,1,33,26,8
339415,0,1289,0,40,2,6,2,1,67,85,8
362582,0,1289,0,40,3,3,2,1,29,22,8
335050,0,1289,0,40,2,8,2,1,76,51,8
364662,0,1289,0,40,3,2,2,1,32,79,8
373439,0,1289,0,40,3,1,2,1,19,60,8
361829,0,1289,0,40,3,4,2,1,30,29,8
364763,0,1289,0,40,2,3,2,1,27,60,8
342814,0,1289,0,40,2,8,2,1,49,48,8
343377,0,1289,0,40,3,6,2,1,65,65,8
369291,0,1289,0,40,2,1,2,1,27,63,8
362627,0,1289,0,40,2,2,2,1,35,35,8
346433,0,1289,0,40,3,6,2,1,59,41,8
368087,0,1289,0,40,3,2,2,1,25,14,8
353058,0,1289,0,40,2,5,2,1,36,56,8
369770,0,1289,0,40,2,1,2,1,23,55,8
362587,0,1289,0,40,2,3,2,1,29,31,8
332846,1,1289,1263,28.9527,3,10,2,1,60,19,8
357530,0,1289,0,40,2,3,2,1,38,36,8
330075,0,1289,0,40,2,12,2,1,87,30,8
368393,0,1289,0,40,2,2,2,1,22,32,8
371141,0,1289,0,40,2,2,2,1,23,32,8
368143,0,1289,0,40,2,2,2,1,24,63,8
335254,0,1289,0,40,3,12,2,1,66,59,8
372215,0,1289,0,40,2,1,2,1,19,35,8
374343,0,1289,0,40,3,1,2,1,19,22,8
368266,0,1289,0,40,2,2,2,1,23,29,8
337902,0,1289,0,40,3,9,2,1,63,100,8
371918,0,1289,0,40,3,2,2,1,19,34,8
336139,0,1289,0,40,3,9,2,1,74,39,8
375132,0,1289,0,40,3,1,2,1,18,29,8
347019,0,1289,0,40,3,4,2,1,65,32,8
335170,0,1289,0,40,2,10,2,1,70,28,8
368216,0,1289,0,40,3,2,2,1,26,54,8
371291,0,1289,0,40,2,1,2,1,25,139,8
357312,0,1289,0,40,2,5,2,1,37,60,8
337568,0,1289,0,40,3,8,2,1,56,42,8
367681,0,1289,0,40,2,2,2,1,24,22,8
360839,0,1289,0,40,2,3,2,1,30,70,8
366935,0,1289,0,40,3,2,2,1,27,130,8
373637,0,1289,0,40,3,1,2,1,21,62,8
366768,0,1289,0,40,2,4,2,1,23,56,8
373438,0,1289,0,40,3,1,2,1,20,65,8
374005,0,1289,0,40,3,1,2,1,20,40,8
356787,0,1289,0,40,3,4,2,1,33,47,8
367260,0,1289,0,40,2,2,2,1,26,46,8
338961,0,1289,0,40,3,9,2,1,59,18,8
353680,0,1289,0,40,3,5,2,1,43,60,8
356583,0,1289,0,40,2,5,2,1,35,15,8
335686,0,1289,0,40,2,9,2,1,55,44,8
373018,0,1289,0,40,3,1,2,1,19,91,8
322152,0,1289,0,40,3,9,2,1,83,51,8
367541,0,1289,0,40,2,3,2,1,24,57,8
343944,0,1289,0,40,3,6,2,1,55,24,8
329362,0,1289,0,40,2,6,2,1,57,29,8
346330,0,1289,0,40,2,2,2,1,69,43,8
343755,0,1289,0,40,3,4,2,1,63,47,8
325161,0,1289,0,40,2,6,2,1,73,89,8
339367,0,1289,0,40,2,7,2,1,71,30,8
363226,0,1289,0,40,2,2,2,1,39,53,8
347132,0,1289,0,40,3,3,2,1,62,29,8
368199,0,1289,0,40,2,2,2,1,27,74,8
352717,0,1289,0,40,3,6,2,1,39,25,8
355390,0,1289,0,40,2,4,2,1,37,35,8
317020,1,1289,1249,40,3,8,2,1,68,55,8
359335,0,1289,0,40,2,4,2,1,37,17,8
360429,0,1289,0,40,3,3,2,1,32,95,8
343103,0,1289,0,40,2,7,2,1,51,44,8
353855,0,1289,0,40,2,5,2,1,45,39,8
359152,0,1289,0,40,2,5,2,1,28,58,8
373985,0,1289,0,40,2,1,2,1,22,8,8
356904,0,1289,0,40,2,6,2,1,35,26,8
372748,0,1289,0,40,3,2,2,1,22,42,8
369493,0,1289,0,40,2,2,2,1,21,17,8
358787,0,1289,0,40,3,5,2,1,36,63,8
350085,0,1289,0,40,3,6,2,1,37,65,8
368755,0,1289,0,40,2,2,2,1,24,43,8
370347,0,1289,0,40,2,3,2,1,23,31,8
348316,0,1289,0,40,2,5,2,1,54,49,8
370888,0,1289,0,40,2,2,2,1,19,72,8
327086,0,1289,0,40,2,6,2,1,59,41,8
340224,0,1289,0,40,2,9,2,1,65,53,8
373922,0,1289,0,40,2,2,2,1,19,42,8
375937,0,1289,0,40,3,1,2,1,18,12,8
353364,0,1289,0,40,3,4,2,1,43,25,8
357435,0,1289,0,40,3,3,2,1,43,24,8
350053,0,1289,0,40,2,5,2,1,53,23,8
351620,0,1289,0,40,2,4,2,1,50,64,8
371354,0,1289,0,40,2,1,2,1,24,31,8
339191,0,1289,0,40,3,9,2,1,69,10,8
342520,0,1289,0,40,3,7,2,1,62,71,8
362565,0,1289,0,40,2,2,2,1,36,48,8
353168,0,1289,0,40,2,5,2,1,36,88,8
360555,0,1289,0,40,2,2,2,1,38,59,8
372390,0,1289,0,40,2,2,2,1,21,48,8
374308,0,1289,0,40,3,1,2,1,20,35,8
336635,0,1289,0,40,3,9,2,1,67,35,8
375765,0,1289,0,40,3,1,2,1,19,60,8
370204,0,1289,0,40,2,2,2,1,22,43,8
349264,1,1289,1273,21.9699,3,5,2,1,52,27,8
370734,0,1289,0,40,2,1,2,1,26,18,8
361107,0,1289,0,40,2,5,2,1,35,64,8
374387,0,1289,0,40,3,1,2,1,23,62,8
330231,0,1289,0,40,3,13,2,1,90,43,8
324814,0,1289,0,40,2,4,2,1,61,35,8
337596,0,1289,0,40,2,11,2,1,60,46,8
367843,0,1289,0,40,2,2,2,1,31,59,8
364502,0,1289,0,40,3,3,2,1,34,13,8
374304,0,1289,0,40,2,1,2,1,19,34,8
376919,0,1289,0,40,3,1,2,1,19,50,8
349546,0,1289,0,40,2,6,2,1,57,19,8
365179,0,1289,0,40,3,3,2,1,24,46,8
347266,0,1289,0,40,2,4,2,1,59,25,8
375872,0,1289,0,40,2,0,2,1,17,55,8
376532,0,1289,0,40,3,0,2,1,17,36,8
376672,0,1289,0,40,3,0,2,1,17,54,8
376928,0,1289,0,40,3,0,2,1,17,38,8
377043,0,1289,0,40,3,0,2,1,17,32,8
377163,0,1289,0,40,2,0,2,1,17,72,8
377313,0,1289,0,40,2,0,2,1,17,51,8
377489,0,1289,0,40,3,0,2,1,17,38,8
377617,0,1289,0,40,2,0,2,1,17,66,8
377661,0,1289,0,40,2,0,2,1,17,66,8
377693,0,1289,0,40,3,0,2,1,17,44,8
377797,0,1289,0,40,3,0,2,1,17,52,8
377901,0,1289,0,40,3,0,2,1,17,22,8
377965,0,1289,0,40,3,0,2,1,17,50,8
377993,0,1289,0,40,3,0,2,1,17,41,8
378017,0,1289,0,40,3,0,2,1,17,32,8
378073,0,1289,0,40,3,0,2,1,17,53,8
378085,0,1289,0,40,2,0,2,1,17,30,8
378130,0,1289,0,40,2,0,2,1,17,39,8
378146,0,1289,0,40,2,0,2,1,17,32,8
378212,0,1289,0,40,3,0,2,1,17,38,8
378228,0,1289,0,40,3,0,2,1,17,32,8
378244,0,1289,0,40,3,0,2,1,17,24,8
378274,0,1289,0,40,3,0,2,1,17,58,8
378426,0,1289,0,40,3,0,2,1,17,46,8
378440,0,1289,0,40,3,0,2,1,17,35,8
378508,0,1289,0,40,3,0,2,1,17,28,8
378518,0,1289,0,40,3,0,2,1,17,20,8
378544,0,1289,0,40,3,0,2,1,17,128,8
378570,0,1289,0,40,3,0,2,1,17,71,8
378608,0,1289,0,40,3,0,2,1,17,32,8
378624,0,1289,0,40,3,0,2,1,17,31,8
378640,0,1289,0,40,2,0,2,1,17,56,8
357458,0,1289,0,40,2,3,2,1,34,58,8
346471,0,1289,0,40,2,7,2,1,44,58,8
338425,0,1289,0,40,2,7,2,1,57,34,8
353064,0,1289,0,40,3,5,2,1,32,22,8
368394,0,1289,0,40,3,2,2,1,22,25,8
332057,0,1289,0,40,3,11,2,1,67,44,8
362384,0,1289,0,40,2,3,2,1,29,97,8
331712,0,1289,0,40,3,9,2,1,78,30,8
363011,0,1289,0,40,3,4,2,1,24,32,8
340722,0,1289,0,40,3,6,2,1,73,143,8
357008,0,1289,0,40,3,2,2,1,42,19,8
365279,0,1289,0,40,3,1,2,1,30,53,8
365656,0,1289,0,40,2,2,2,1,24,51,8
363734,0,1289,0,40,3,2,2,1,29,58,8
371801,0,1289,0,40,2,1,2,1,19,93,8
362321,0,1289,0,40,3,3,2,1,25,43,8
372131,0,1289,0,40,3,1,2,1,18,33,8
333701,0,1289,0,40,3,10,2,1,80,21,8
328856,0,1289,0,40,3,5,2,1,50,59,8
338360,0,1289,0,40,3,8,2,1,59,53,8
350753,0,1289,0,40,3,6,2,1,41,71,8
363619,0,1289,0,40,3,3,2,1,30,58,8
359482,0,1289,0,40,2,5,2,1,26,39,8
362520,0,1289,0,40,3,2,2,1,34,77,8
363035,0,1289,0,40,2,3,2,1,24,41,8
361876,0,1289,0,40,3,2,2,1,39,43,8
355620,0,1289,0,40,2,3,2,1,39,71,8
333342,0,1289,0,40,2,11,2,1,68,74,8
362513,0,1289,0,40,2,3,2,1,25,39,8
351015,0,1289,0,40,3,5,2,1,35,59,8
324615,0,1289,0,40,3,6,2,1,52,44,8
364382,0,1289,0,40,2,3,2,1,23,39,8
369779,0,1289,0,40,3,2,2,1,23,59,8
364103,0,1289,0,40,2,3,2,1,27,60,8
373643,0,1289,0,40,3,1,2,1,19,57,8
351694,0,1289,0,40,2,4,2,1,41,65,8
363326,0,1289,0,40,3,3,2,1,27,71,8
363258,0,1289,0,40,2,3,2,1,31,17,8
358944,0,1289,0,40,3,3,2,1,38,68,8
329238,0,1289,0,40,3,12,2,1,78,31,8
329456,0,1289,0,40,3,11,2,1,50,54,8
374748,0,1289,0,40,2,1,2,1,17,51,8
327764,0,1289,0,40,2,6,2,1,59,49,8
329153,0,1289,0,40,3,4,2,1,56,72,8
365905,0,1289,0,40,3,1,2,1,34,21,8
368661,0,1289,0,40,2,1,2,1,28,49,8
364049,0,1289,0,40,3,2,2,1,26,10,8
336894,0,1289,0,40,2,7,2,1,75,51,8
347229,0,1289,0,40,2,7,2,1,47,45,8
360470,0,1289,0,40,2,4,2,1,28,38,8
359631,0,1289,0,40,2,2,2,1,39,41,8
366201,0,1289,0,40,2,2,2,1,29,44,8
372714,0,1289,0,40,2,1,2,1,22,66,8
330935,0,1289,0,40,3,12,2,1,76,42,8
366486,0,1289,0,40,3,2,2,1,27,34,8
356491,0,1289,0,40,3,6,2,1,34,22,8
354138,0,1289,0,40,3,5,2,1,36,33,8
368108,0,1289,0,40,3,2,2,1,24,68,8
357507,0,1289,0,40,2,4,2,1,35,38,8
372717,0,1289,0,40,3,1,2,1,20,30,8
329767,0,1289,0,40,2,7,2,1,59,53,8
373794,0,1289,0,40,2,1,2,1,19,85,8
332014,0,1289,0,40,3,11,2,1,69,52,8
364304,0,1289,0,40,2,4,2,1,22,23,8
362361,0,1289,0,40,3,2,2,1,24,50,8
354558,0,1289,0,40,2,3,2,1,43,23,8
357396,0,1289,0,40,3,6,2,1,31,33,8
339000,0,1289,0,40,2,9,2,1,60,62,8
352164,0,1289,0,40,2,2,2,1,55,37,8
326255,0,1289,0,40,3,2,2,1,49,26,8
363567,0,1289,0,40,2,2,2,1,37,63,8
367117,0,1289,0,40,2,2,2,1,29,71,8
369474,0,1289,0,40,2,1,2,1,26,34,8
351182,0,1289,0,40,3,4,2,1,46,39,8
371516,0,1289,0,40,2,1,2,1,24,34,8
366293,0,1289,0,40,2,2,2,1,27,55,8
336497,0,1289,0,40,3,9,2,1,79,33,8
361595,0,1289,0,40,2,3,2,1,30,78,8
372663,0,1289,0,40,3,1,2,1,22,45,8
335632,0,1289,0,40,3,9,2,1,63,61,8
361421,0,1289,0,40,3,3,2,1,30,35,8
356963,0,1289,0,40,2,3,2,1,44,38,8
350664,0,1289,0,40,2,5,2,1,38,26,8
328307,0,1289,0,40,2,9,2,1,54,64,8
368554,0,1289,0,40,2,2,2,1,26,36,8
371603,0,1289,0,40,3,2,2,1,22,39,8
323035,0,1289,0,40,3,12,2,1,50,44,8
372801,0,1289,0,40,3,1,2,1,20,26,8
374187,0,1289,0,40,3,1,2,1,20,17,8
364402,0,1289,0,40,2,3,2,1,23,25,8
368241,0,1289,0,40,3,2,2,1,22,47,8
365892,0,1289,0,40,3,3,2,1,27,33,8
361025,0,1289,0,40,3,4,2,1,32,70,8
360866,0,1289,0,40,2,5,2,1,33,32,8
374598,0,1289,0,40,2,1,2,1,19,101,8
369349,0,1289,0,40,2,2,2,1,22,41,8
335925,0,1289,0,40,3,9,2,1,68,88,8
366989,0,1289,0,40,3,3,2,1,26,32,8
375612,0,1289,0,40,3,1,2,1,18,79,8
331894,0,1289,0,40,2,12,2,1,82,121,8
351884,0,1289,0,40,3,6,2,1,29,31,8
366440,0,1289,0,40,2,2,2,1,31,54,8
336786,0,1289,0,40,3,7,2,1,80,75,8
356792,0,1289,0,40,3,2,2,1,49,59,8
345763,0,1289,0,40,2,9,2,1,58,15,8
355891,0,1289,0,40,3,5,2,1,44,29,8
368075,0,1289,0,40,3,2,2,1,25,44,8
343145,0,1289,0,40,3,9,2,1,51,68,8
371494,0,1289,0,40,2,1,2,1,23,16,8
347756,0,1289,0,40,2,6,2,1,46,17,8
337805,0,1289,0,40,3,9,2,1,68,45,8
327100,0,1289,0,40,3,10,2,1,59,89,8
333339,0,1289,0,40,2,10,2,1,74,20,8
374678,0,1289,0,40,3,1,2,1,20,60,8
363536,0,1289,0,40,3,2,2,1,33,23,8
338749,1,1289,1248,40,2,7,2,1,67,62,8
347713,0,1289,0,40,3,5,2,1,51,51,8
357756,0,1289,0,40,3,2,2,1,44,42,8
347208,0,1289,0,40,3,7,2,1,48,40,8
365011,0,1289,0,40,2,5,2,1,26,89,8
351127,1,1289,1272,40,2,4,2,1,49,88,8
332987,0,1289,0,40,3,6,2,1,94,52,8
328357,0,1289,0,40,3,6,2,1,58,20,8
360793,0,1289,0,40,3,4,2,1,25,58,8
371383,0,1289,0,40,2,2,2,1,25,41,8
375637,0,1289,0,40,2,1,2,1,17,19,8
375858,0,1289,0,40,3,1,2,1,17,14,8
359759,0,1289,0,40,3,2,2,1,41,53,8
366066,0,1289,0,40,3,1,2,1,35,62,8
347949,0,1289,0,40,2,8,2,1,49,64,8
358708,0,1289,0,40,2,3,2,1,37,60,8
326560,0,1289,0,40,3,11,2,1,62,30,8
356239,0,1289,0,40,2,6,2,1,40,81,8
347064,0,1289,0,40,2,6,2,1,52,35,8
374349,0,1289,0,40,3,1,2,1,22,45,8
374134,0,1289,0,40,2,1,2,1,21,66,8
327609,0,1289,0,40,3,9,2,1,86,44,8
339917,0,1289,0,40,3,8,2,1,50,45,8
359183,0,1289,0,40,3,4,2,1,36,115,8
366657,0,1289,0,40,2,2,2,1,29,65,8
366779,0,1289,0,40,2,4,2,1,24,58,8
354323,0,1289,0,40,3,5,2,1,35,18,8
335900,0,1289,0,40,3,11,2,1,49,35,8
353184,0,1289,0,40,3,5,2,1,37,51,8
372460,0,1289,0,40,3,3,2,1,19,64,8
366878,0,1289,0,40,3,2,2,1,30,64,8
309825,0,1289,0,40,2,16,2,1,110,65,8
342185,1,1289,1220,40,2,10,2,1,62,58,8
351604,0,1289,0,40,2,5,2,1,47,65,8
350086,0,1289,0,40,3,6,2,1,45,62,8
352263,0,1289,0,40,3,7,2,1,39,47,8
327246,1,1289,1274,40,2,9,2,1,67,37,8
338692,0,1289,0,40,3,8,2,1,73,29,8
337778,1,1289,1274,31.259,3,11,2,1,59,62,8
361358,0,1289,0,40,3,4,2,1,31,30,8
376696,0,1289,0,40,3,0,2,1,16,71,8
377159,0,1289,0,40,2,0,2,1,16,63,8
377493,0,1289,0,40,2,0,2,1,16,23,8
377671,0,1289,0,40,2,0,2,1,16,34,8
377695,0,1289,0,40,2,0,2,1,16,47,8
377775,0,1289,0,40,2,0,2,1,16,31,8
378015,0,1289,0,40,3,0,2,1,16,47,8
378071,0,1289,0,40,2,0,2,1,16,21,8
378267,0,1289,0,40,3,0,2,1,16,59,8
378351,0,1289,0,40,3,0,2,1,16,54,8
378415,0,1289,0,40,2,0,2,1,16,42,8
378419,0,1289,0,40,2,0,2,1,16,20,8
378431,0,1289,0,40,3,0,2,1,16,51,8
378475,0,1289,0,40,2,0,2,1,16,72,8
378595,0,1289,0,40,3,0,2,1,16,43,8
378635,0,1289,0,40,2,0,2,1,16,40,8
378683,0,1289,0,40,2,0,2,1,16,21,8
378765,0,1289,0,40,3,0,2,1,16,39,8
378773,0,1289,0,40,3,0,2,1,16,46,8
378775,0,1289,0,40,2,0,2,1,16,77,8
378779,0,1289,0,40,2,0,2,1,16,71,8
378793,0,1289,0,40,2,0,2,1,16,60,8
378855,0,1289,0,40,3,0,2,1,16,59,8
378893,0,1289,0,40,3,0,2,1,16,48,8
378895,0,1289,0,40,3,0,2,1,16,24,8
378935,0,1289,0,40,2,0,2,1,16,30,8
378945,0,1289,0,40,2,0,2,1,16,82,8
378957,0,1289,0,40,3,0,2,1,16,16,8
379013,0,1289,0,40,2,0,2,1,16,37,8
379017,0,1289,0,40,3,0,2,1,16,45,8
379035,0,1289,0,40,2,0,2,1,16,53,8
379037,0,1289,0,40,3,0,2,1,16,22,8
379073,0,1289,0,40,3,0,2,1,16,21,8
379093,0,1289,0,40,2,0,2,1,16,19,8
379103,0,1289,0,40,2,0,2,1,16,35,8
379135,0,1289,0,40,2,0,2,1,16,26,8
379157,0,1289,0,40,2,0,2,1,16,72,8
379217,0,1289,0,40,3,0,2,1,16,34,8
338694,0,1289,0,40,2,7,2,1,55,49,8
361324,0,1289,0,40,2,1,2,1,33,27,8
329623,0,1289,0,40,3,6,2,1,68,33,8
351213,0,1289,0,40,3,3,2,1,44,36,8
350172,0,1289,0,40,2,7,2,1,36,35,8
373371,0,1289,0,40,2,1,2,1,16,41,8
328968,0,1289,0,40,2,8,2,1,64,53,8
329766,0,1289,0,40,3,4,2,1,24,64,8
338039,0,1289,0,40,3,10,2,1,61,63,8
359034,0,1289,0,40,2,2,2,1,38,45,8
335271,0,1289,0,40,3,6,2,1,77,23,8
360657,0,1289,0,40,2,3,2,1,30,30,8
352136,0,1289,0,40,3,5,2,1,44,35,8
364115,0,1289,0,40,3,2,2,1,29,10,8
358365,0,1289,0,40,2,5,2,1,29,19,8
354699,0,1289,0,40,2,6,2,1,32,53,8
370575,0,1289,0,40,3,2,2,1,19,30,8
344425,0,1289,0,40,2,6,2,1,51,69,8
358682,0,1289,0,40,2,3,2,1,38,43,8
368016,0,1289,0,40,2,2,2,1,28,59,8
335001,0,1289,0,40,2,8,2,1,69,84,8
326976,0,1289,0,40,3,5,2,1,55,53,8
334690,0,1289,0,40,2,6,2,1,80,27,8
358946,0,1289,0,40,3,3,2,1,34,25,8
344047,1,1289,1263,36.4629,3,6,2,1,59,44,8
356790,0,1289,0,40,2,4,2,1,31,30,8
369880,0,1289,0,40,3,2,2,1,21,41,8
373829,0,1289,0,40,3,1,2,1,18,117,8
345785,0,1289,0,40,3,5,2,1,45,68,8
372447,0,1289,0,40,3,2,2,1,18,62,8
373326,0,1289,0,40,2,1,2,1,17,35,8
373944,0,1289,0,40,2,1,2,1,17,54,8
375056,0,1289,0,40,2,1,2,1,16,24,8
364705,0,1289,0,40,3,1,2,1,33,51,8
355828,0,1289,0,40,2,3,2,1,40,38,8
351889,0,1289,0,40,3,7,2,1,43,22,8
347586,0,1289,0,40,2,5,2,1,46,42,8
335326,0,1289,0,40,3,9,2,1,67,43,8
351641,0,1289,0,40,3,5,2,1,50,38,8
357440,0,1289,0,40,2,3,2,1,38,27,8
354770,0,1289,0,40,3,5,2,1,44,49,8
370518,0,1289,0,40,3,1,2,1,20,49,8
340652,0,1289,0,40,3,7,2,1,47,72,8
373931,0,1289,0,40,2,1,2,1,19,37,8
366791,0,1289,0,40,2,2,2,1,24,43,8
323773,0,1289,0,40,2,7,2,1,72,52,8
355260,0,1289,0,40,2,5,2,1,37,27,8
338376,0,1289,0,40,3,8,2,1,67,54,8
334431,0,1289,0,40,3,9,2,1,64,44,8
374138,0,1289,0,40,3,1,2,1,17,25,8
331277,0,1289,0,40,2,9,2,1,78,41,8
332395,0,1289,0,40,2,11,2,1,59,32,8
330588,0,1289,0,40,3,7,2,1,53,15,8
362802,0,1289,0,40,2,3,2,1,29,44,8
363349,0,1289,0,40,3,4,2,1,30,49,8
363297,0,1289,0,40,3,2,2,1,37,37,8
375316,0,1289,0,40,2,1,2,1,16,52,8
345691,0,1289,0,40,2,4,2,1,60,62,8
317672,0,1289,0,40,3,6,2,1,70,15,8
350452,0,1289,0,40,2,3,2,1,52,35,8
345030,0,1289,0,40,3,4,2,1,67,55,8
367838,0,1289,0,40,2,1,2,1,30,8,8
349740,0,1289,0,40,3,5,2,1,45,25,8
346787,0,1289,0,40,2,6,2,1,58,27,8
366303,0,1289,0,40,2,2,2,1,30,49,8
370226,0,1289,0,40,3,1,2,1,25,52,8
370493,0,1289,0,40,3,1,2,1,25,37,8
366788,0,1289,0,40,2,2,2,1,27,22,8
334208,0,1289,0,40,3,10,2,1,74,29,8
348772,0,1289,0,40,2,3,2,1,56,25,8
327499,0,1289,0,40,3,9,2,1,59,69,8
371737,0,1289,0,40,3,1,2,1,22,28,8
348980,0,1289,0,40,2,4,2,1,47,58,8
357122,0,1289,0,40,3,8,2,1,38,53,8
366723,0,1289,0,40,2,2,2,1,27,80,8
373390,0,1289,0,40,2,1,2,1,19,55,8
373924,0,1289,0,40,3,1,2,1,19,44,8
349808,0,1289,0,40,2,6,2,1,46,57,8
346482,0,1289,0,40,2,6,2,1,55,44,8
330898,0,1289,0,40,2,11,2,1,80,37,8
354065,0,1289,0,40,2,4,2,1,37,30,8
330139,0,1289,0,40,2,10,2,1,79,69,8
299283,0,1289,0,40,3,13,2,1,70,26,8
374819,0,1289,0,40,2,1,2,1,17,49,8
357837,0,1289,0,40,2,5,2,1,26,63,8
375571,0,1289,0,40,2,1,2,1,16,38,8
375643,0,1289,0,40,2,1,2,1,16,100,8
375795,0,1289,0,40,2,1,2,1,16,17,8
375977,0,1289,0,40,2,1,2,1,16,32,8
376169,0,1289,0,40,3,1,2,1,16,50,8
212622,0,1289,0,40,3,31,2,1,214,19,8
353441,0,1289,0,40,2,3,2,1,45,48,8
345000,0,1289,0,40,2,5,2,1,68,55,8
366985,0,1289,0,40,2,1,2,1,29,32,8
327938,0,1289,0,40,3,5,2,1,47,88,8
370357,0,1289,0,40,3,1,2,1,27,55,8
351787,0,1289,0,40,2,5,2,1,56,30,8
340464,0,1289,0,40,2,8,2,1,61,54,8
349920,0,1289,0,40,3,6,2,1,42,45,8
351346,0,1289,0,40,2,5,2,1,51,23,8
372724,0,1289,0,40,3,1,2,1,23,19,8
335017,0,1289,0,40,2,10,2,1,78,42,8
373293,0,1289,0,40,2,1,2,1,22,37,8
370211,0,1289,0,40,3,2,2,1,24,48,8
326656,0,1289,0,40,3,7,2,1,66,54,8
335898,0,1289,0,40,2,9,2,1,68,84,8
357699,0,1289,0,40,3,4,2,1,34,49,8
350650,0,1289,0,40,3,7,2,1,41,37,8
357438,0,1289,0,40,2,3,2,1,46,80,8
355589,0,1289,0,40,2,4,2,1,39,15,8
346031,0,1289,0,40,3,7,2,1,50,51,8
374348,0,1289,0,40,2,1,2,1,18,73,8
375158,0,1289,0,40,2,1,2,1,18,45,8
375454,0,1289,0,40,2,1,2,1,18,47,8
321106,0,1289,0,40,2,6,2,1,43,23,8
372250,0,1289,0,40,3,2,2,1,18,30,8
350838,0,1289,0,40,3,8,2,1,46,30,8
349949,0,1289,0,40,3,6,2,1,47,54,8
325679,0,1289,0,40,2,4,2,1,39,29,8
340112,0,1289,0,40,2,8,2,1,52,10,8
368529,0,1289,0,40,2,3,2,1,21,69,8
354930,0,1289,0,40,3,5,2,1,38,50,8
375782,0,1289,0,40,3,1,2,1,16,50,8
328155,0,1289,0,40,2,6,2,1,135,37,8
359350,0,1289,0,40,3,3,2,1,36,45,8
349317,0,1289,0,40,2,5,2,1,50,22,8
371557,0,1289,0,40,2,1,2,1,26,53,8
331985,0,1289,0,40,2,10,2,1,84,33,8
342844,0,1289,0,40,3,6,2,1,68,31,8
369624,0,1289,0,40,2,2,2,1,24,15,8
365567,0,1289,0,40,2,3,2,1,26,44,8
352168,0,1289,0,40,3,5,2,1,48,31,8
336988,0,1289,0,40,2,8,2,1,65,50,8
337197,0,1289,0,40,3,9,2,1,72,32,8
346570,0,1289,0,40,2,7,2,1,51,21,8
365162,0,1289,0,40,2,3,2,1,27,10,8
367963,0,1289,0,40,3,3,2,1,24,29,8
370131,0,1289,0,40,3,2,2,1,20,60,8
366088,0,1289,0,40,2,3,2,1,25,29,8
341745,0,1289,0,40,2,8,2,1,58,49,8
372007,0,1289,0,40,2,1,2,1,19,77,8
368417,0,1289,0,40,2,3,2,1,21,48,8
357612,0,1289,0,40,2,5,2,1,35,32,8
373648,0,1289,0,40,3,1,2,1,18,57,8
375849,0,1289,0,40,3,1,2,1,18,49,8
320317,0,1289,0,40,2,11,2,1,68,38,8
370519,0,1289,0,40,3,2,2,1,21,41,8
362302,0,1289,0,40,2,3,2,1,32,21,8
346147,0,1289,0,40,3,9,2,1,39,24,8
373192,0,1289,0,40,3,2,2,1,19,42,8
366385,0,1289,0,40,3,2,2,1,33,58,8
376685,0,1289,0,40,3,1,2,1,17,31,8
376701,0,1289,0,40,3,1,2,1,17,21,8
371687,0,1289,0,40,2,2,2,1,20,15,8
348246,0,1289,0,40,3,6,2,1,55,42,8
371608,0,1289,0,40,3,2,2,1,23,48,8
375812,0,1289,0,40,3,1,2,1,16,84,8
376590,0,1289,0,40,3,1,2,1,16,50,8
377198,0,1289,0,40,2,1,2,1,16,54,8
377354,0,1289,0,40,2,1,2,1,16,44,8
355636,0,1289,0,40,2,2,2,1,53,60,8
369129,0,1289,0,40,2,1,2,1,29,36,8
372989,0,1289,0,40,3,1,2,1,24,28,8
352395,0,1289,0,40,2,5,2,1,44,49,8
349668,0,1289,0,40,3,6,2,1,45,57,8
349542,0,1289,0,40,2,5,2,1,50,109,8
337975,0,1289,0,40,2,11,2,1,63,51,8
373146,0,1289,0,40,2,1,2,1,21,35,8
338650,0,1289,0,40,2,7,2,1,69,52,8
376253,1,1289,1274,31.8477,3,1,2,1,19,43,8
330158,0,1289,0,40,3,9,2,1,80,16,8
357433,0,1289,0,40,2,6,2,1,32,28,8
335620,0,1289,0,40,2,10,2,1,70,39,8
329652,0,1289,0,40,3,10,2,1,97,54,8
375489,0,1289,0,40,2,1,2,1,18,84,8
376805,0,1289,0,40,2,1,2,1,18,33,8
371586,0,1289,0,40,3,2,2,1,20,33,8
369778,0,1289,0,40,2,3,2,1,22,40,8
364146,0,1289,0,40,2,3,2,1,28,51,8
361755,0,1289,0,40,3,4,2,1,36,57,8
376346,0,1289,0,40,2,1,2,1,17,55,8
376490,0,1289,0,40,2,1,2,1,17,47,8
341873,0,1289,0,40,2,6,2,1,57,16,8
351396,0,1289,0,40,3,5,2,1,49,36,8
354971,0,1289,0,40,2,6,2,1,37,57,8
373946,0,1289,0,40,3,2,2,1,17,86,8
370561,0,1289,0,40,2,1,2,1,29,34,8
373443,0,1289,0,40,3,1,2,1,24,76,8
359882,0,1289,0,40,3,4,2,1,32,23,8
349800,0,1289,0,40,3,9,2,1,43,29,8
374068,0,1289,0,40,2,1,2,1,21,97,8
371120,0,1289,0,40,3,2,2,1,24,49,8
335492,0,1289,0,40,3,8,2,1,76,21,8
376044,0,1289,0,40,3,1,2,1,18,26,8
358631,0,1289,0,40,3,5,2,1,32,15,8
338669,0,1289,0,40,3,10,2,1,65,40,8
368670,0,1289,0,40,2,3,2,1,22,30,8
340551,0,1289,0,40,2,9,2,1,59,33,8
337351,0,1289,0,40,2,8,2,1,70,45,8
377701,0,1289,0,40,2,1,2,1,16,25,8
378582,0,1289,0,40,2,1,2,1,16,109,8
342166,0,1289,0,40,2,5,2,1,74,96,8
360012,0,1289,0,40,2,5,2,1,33,78,8
376948,0,1289,0,40,3,1,2,1,18,16,8
373259,0,1289,0,40,3,2,2,1,21,53,8
344277,0,1289,0,40,2,9,2,1,52,24,8
374043,0,1289,0,40,2,3,2,1,19,53,8
375335,0,1289,0,40,2,0,2,1,15,29,8
375760,0,1289,0,40,2,0,2,1,15,56,8
376380,0,1289,0,40,2,0,2,1,15,31,8
377071,0,1289,0,40,3,0,2,1,15,42,8
377199,0,1289,0,40,3,0,2,1,15,40,8
377501,0,1289,0,40,2,0,2,1,15,54,8
377611,0,1289,0,40,2,0,2,1,15,74,8
377931,0,1289,0,40,3,0,2,1,15,33,8
378217,0,1289,0,40,2,0,2,1,15,68,8
378281,0,1289,0,40,3,0,2,1,15,21,8
378313,0,1289,0,40,2,0,2,1,15,50,8
378329,0,1289,0,40,2,0,2,1,15,38,8
378353,0,1289,0,40,2,0,2,1,15,96,8
378433,0,1289,0,40,2,0,2,1,15,28,8
378521,0,1289,0,40,2,0,2,1,15,49,8
378662,0,1289,0,40,3,0,2,1,15,19,8
378686,0,1289,0,40,2,0,2,1,15,45,8
378786,0,1289,0,40,2,0,2,1,15,19,8
378814,0,1289,0,40,3,0,2,1,15,31,8
378834,0,1289,0,40,3,0,2,1,15,47,8
378874,0,1289,0,40,2,0,2,1,15,29,8
378886,0,1289,0,40,3,0,2,1,15,65,8
378926,0,1289,0,40,3,0,2,1,15,71,8
378962,0,1289,0,40,2,0,2,1,15,71,8
378966,0,1289,0,40,3,0,2,1,15,30,8
378990,0,1289,0,40,3,0,2,1,15,48,8
379050,0,1289,0,40,3,0,2,1,15,66,8
379126,0,1289,0,40,2,0,2,1,15,62,8
379146,0,1289,0,40,3,0,2,1,15,39,8
379154,0,1289,0,40,3,0,2,1,15,78,8
379244,0,1289,0,40,2,0,2,1,15,56,8
379250,0,1289,0,40,3,0,2,1,15,45,8
379254,0,1289,0,40,2,0,2,1,15,69,8
379278,0,1289,0,40,2,0,2,1,15,55,8
379294,0,1289,0,40,3,0,2,1,15,27,8
379328,0,1289,0,40,3,0,2,1,15,30,8
379356,0,1289,0,40,2,0,2,1,15,17,8
379360,0,1289,0,40,3,0,2,1,15,105,8
379412,0,1289,0,40,2,0,2,1,15,27,8
379432,0,1289,0,40,2,0,2,1,15,26,8
379438,0,1289,0,40,2,0,2,1,15,19,8
379446,0,1289,0,40,2,0,2,1,15,74,8
379486,0,1289,0,40,3,0,2,1,15,43,8
379510,0,1289,0,40,2,0,2,1,15,61,8
379520,0,1289,0,40,2,0,2,1,15,80,8
379548,0,1289,0,40,2,0,2,1,15,22,8
379584,0,1289,0,40,2,0,2,1,15,30,8
379588,0,1289,0,40,3,0,2,1,15,76,8
379658,0,1289,0,40,2,0,2,1,15,19,8
379682,0,1289,0,40,2,0,2,1,15,67,8
379686,0,1289,0,40,3,0,2,1,15,55,8
379706,0,1289,0,40,2,0,2,1,15,50,8
379712,0,1289,0,40,3,0,2,1,15,63,8
379714,0,1289,0,40,2,0,2,1,15,47,8
379720,0,1289,0,40,3,0,2,1,15,48,8
379760,0,1289,0,40,2,0,2,1,15,33,8
379788,0,1289,0,40,2,0,2,1,15,28,8
328132,0,1289,0,40,2,9,2,1,56,21,8
333168,0,1289,0,40,2,8,2,1,79,36,8
351614,0,1289,0,40,2,6,2,1,32,27,8
351251,0,1289,0,40,3,3,2,1,45,71,8
353775,0,1289,0,40,3,5,2,1,36,50,8
352093,0,1289,0,40,2,3,2,1,51,43,8
371257,0,1289,0,40,3,1,2,1,20,71,8
368505,0,1289,0,40,3,2,2,1,20,33,8
364915,0,1289,0,40,3,3,2,1,21,50,8
335967,0,1289,0,40,3,9,2,1,63,18,8
291907,0,1289,0,40,2,12,2,1,118,32,8
360035,0,1289,0,40,2,3,2,1,29,21,8
360062,0,1289,0,40,3,3,2,1,34,54,8
353393,0,1289,0,40,2,4,2,1,45,57,8
355273,0,1289,0,40,3,4,2,1,36,67,8
372947,1,1289,1269,40,2,1,2,1,18,47,8
326001,0,1289,0,40,2,4,2,1,58,89,8
364215,0,1289,0,40,2,3,2,1,26,38,8
350424,0,1289,0,40,3,4,2,1,52,26,8
351152,0,1289,0,40,2,7,2,1,36,40,8
374230,0,1289,0,40,2,1,2,1,15,43,8
346969,0,1289,0,40,2,4,2,1,53,66,8
326220,0,1289,0,40,3,10,2,1,62,36,8
323392,0,1289,0,40,2,6,2,1,47,73,8
357598,0,1289,0,40,3,3,2,1,33,39,8
368688,0,1289,0,40,3,1,2,1,27,28,8
360988,0,1289,0,40,3,3,2,1,31,82,8
361581,0,1289,0,40,2,3,2,1,30,50,8
364655,0,1289,0,40,2,3,2,1,23,20,8
365356,0,1289,0,40,2,3,2,1,27,39,8
340934,0,1289,0,40,3,8,2,1,54,53,8
336222,0,1289,0,40,2,9,2,1,64,33,8
353322,0,1289,0,40,2,5,2,1,36,32,8
354307,0,1289,0,40,3,4,2,1,37,42,8
357358,0,1289,0,40,3,3,2,1,41,42,8
374071,0,1289,0,40,3,1,2,1,17,60,8
360954,0,1289,0,40,2,4,2,1,33,101,8
362941,0,1289,0,40,3,4,2,1,25,17,8
346302,0,1289,0,40,3,7,2,1,46,52,8
375326,0,1289,0,40,3,1,2,1,15,18,8
324305,0,1289,0,40,3,9,2,1,52,31,8
365610,0,1289,0,40,2,1,2,1,27,63,8
362653,0,1289,0,40,2,2,2,1,27,20,8
370716,0,1289,0,40,3,1,2,1,23,31,8
358745,0,1289,0,40,3,4,2,1,32,20,8
362256,0,1289,0,40,3,3,2,1,28,24,8
372145,0,1289,0,40,2,1,2,1,21,18,8
359247,0,1289,0,40,3,4,2,1,31,28,8
354510,0,1289,0,40,2,4,2,1,33,30,8
329722,1,1289,1237,40,3,11,2,1,88,28,8
357248,0,1289,0,40,2,4,2,1,32,65,8
359189,0,1289,0,40,2,4,2,1,32,19,8
334161,0,1289,0,40,3,7,2,1,77,36,8
336624,0,1289,0,40,2,7,2,1,62,37,8
325720,0,1289,0,40,3,7,2,1,63,56,8
345830,0,1289,0,40,3,7,2,1,40,49,8
372533,0,1289,0,40,3,1,2,1,17,18,8
374932,0,1289,0,40,2,1,2,1,17,68,8
363776,0,1289,0,40,2,3,2,1,21,27,8
357080,0,1289,0,40,3,3,2,1,40,57,8
357537,0,1289,0,40,2,4,2,1,32,40,8
329250,0,1289,0,40,2,3,2,1,26,111,8
335360,0,1289,0,40,3,10,2,1,66,37,8
344974,0,1289,0,40,3,7,2,1,53,33,8
322979,0,1289,0,40,2,10,2,1,75,42,8
347643,0,1289,0,40,2,5,2,1,58,34,8
366763,0,1289,0,40,2,1,2,1,31,14,8
368059,0,1289,0,40,2,1,2,1,29,7,8
367714,0,1289,0,40,2,2,2,1,28,46,8
356951,0,1289,0,40,3,4,2,1,31,25,8
360965,1,1289,1272,40,2,3,2,1,33,70,8
339464,0,1289,0,40,2,9,2,1,61,40,8
347057,0,1289,0,40,3,7,2,1,43,41,8
337547,0,1289,0,40,2,9,2,1,66,51,8
348820,0,1289,0,40,3,7,2,1,50,30,8
329545,0,1289,0,40,3,8,2,1,52,42,8
369747,0,1289,0,40,3,2,2,1,25,66,8
366207,0,1289,0,40,3,3,2,1,24,24,8
363967,0,1289,0,40,3,2,2,1,31,73,8
369322,0,1289,0,40,2,2,2,1,25,58,8
373996,0,1289,0,40,2,1,2,1,19,29,8
367204,0,1289,0,40,3,2,2,1,22,33,8
324180,0,1289,0,40,2,9,2,1,65,13,8
374978,0,1289,0,40,2,1,2,1,18,19,8
375052,0,1289,0,40,3,1,2,1,18,37,8
333903,0,1289,0,40,2,8,2,1,82,59,8
352280,0,1289,0,40,3,7,2,1,41,61,8
375358,0,1289,0,40,2,1,2,1,17,40,8
338745,0,1289,0,40,3,7,2,1,66,59,8
373867,0,1289,0,40,2,2,2,1,17,52,8
370604,0,1289,0,40,3,2,2,1,22,28,8
366386,0,1289,0,40,3,3,2,1,20,44,8
347413,0,1289,0,40,2,7,2,1,49,22,8
355548,0,1289,0,40,2,4,2,1,39,31,8
357731,0,1289,0,40,2,4,2,1,30,30,8
375427,0,1289,0,40,2,1,2,1,15,48,8
328987,0,1289,0,40,2,3,2,1,43,61,8
331417,0,1289,0,40,2,11,2,1,73,16,8
367315,0,1289,0,40,2,1,2,1,31,26,8
363847,0,1289,0,40,3,3,2,1,30,24,8
371217,0,1289,0,40,2,1,2,1,25,37,8
361341,0,1289,0,40,3,4,2,1,35,18,8
354313,0,1289,0,40,3,4,2,1,31,47,8
337390,0,1289,0,40,2,9,2,1,69,54,8
362077,0,1289,0,40,2,3,2,1,33,52,8
367359,0,1289,0,40,3,2,2,1,23,43,8
349612,0,1289,0,40,3,4,2,1,46,59,8
325462,0,1289,0,40,3,8,2,1,55,65,8
370776,0,1289,0,40,2,2,2,1,22,62,8
374145,0,1289,0,40,3,1,2,1,20,30,8
336038,0,1289,0,40,3,7,2,1,70,60,8
372967,0,1289,0,40,2,2,2,1,20,37,8
372809,0,1289,0,40,3,1,2,1,19,40,8
334229,0,1289,0,40,2,11,2,1,61,42,8
352955,0,1289,0,40,3,7,2,1,38,35,8
351908,1,1289,1273,40,2,5,2,1,40,49,8
374084,0,1289,0,40,2,1,2,1,18,113,8
374807,0,1289,0,40,2,1,2,1,18,26,8
375302,0,1289,0,40,2,1,2,1,18,9,8
375712,0,1289,0,40,2,1,2,1,18,55,8
362761,0,1289,0,40,3,3,2,1,31,71,8
332760,0,1289,0,40,3,8,2,1,85,35,8
340840,0,1289,0,40,2,6,2,1,54,39,8
329170,0,1289,0,40,2,10,2,1,49,35,8
341603,0,1289,0,40,2,8,2,1,54,34,8
340121,0,1289,0,40,2,9,2,1,61,28,8
372085,0,1289,0,40,2,2,2,1,21,58,8
354166,0,1289,0,40,2,4,2,1,46,52,8
376735,0,1289,0,40,3,1,2,1,16,66,8
376783,0,1289,0,40,3,1,2,1,16,28,8
369916,0,1289,0,40,2,2,2,1,20,29,8
365778,0,1289,0,40,3,4,2,1,21,53,8
358217,0,1289,0,40,3,4,2,1,36,17,8
342492,0,1289,0,40,3,10,2,1,60,21,8
376698,0,1289,0,40,2,1,2,1,15,69,8
377424,0,1289,0,40,2,1,2,1,15,44,8
362418,0,1289,0,40,2,2,2,1,39,34,8
359671,0,1289,0,40,3,2,2,1,43,28,8
348371,0,1289,0,40,2,6,2,1,50,26,8
362911,0,1289,0,40,3,2,2,1,32,21,8
359114,0,1289,0,40,2,4,2,1,33,87,8
357336,0,1289,0,40,2,4,2,1,44,28,8
352791,0,1289,0,40,2,5,2,1,47,95,8
357872,0,1289,0,40,2,3,2,1,42,52,8
323742,0,1289,0,40,2,13,2,1,79,40,8
363099,0,1289,0,40,3,3,2,1,34,61,8
367917,0,1289,0,40,3,2,2,1,24,29,8
326619,0,1289,0,40,3,10,2,1,58,46,8
370220,0,1289,0,40,2,2,2,1,22,34,8
325959,0,1289,0,40,3,9,2,1,66,58,8
355453,0,1289,0,40,2,5,2,1,38,13,8
369019,0,1289,0,40,3,2,2,1,25,63,8
364002,0,1289,0,40,3,3,2,1,28,71,8
352342,0,1289,0,40,2,4,2,1,40,36,8
326713,0,1289,0,40,2,7,2,1,45,33,8
366710,0,1289,0,40,3,2,2,1,31,28,8
375889,0,1289,0,40,3,1,2,1,18,14,8
333133,0,1289,0,40,2,8,2,1,88,46,8
333484,0,1289,0,40,3,11,2,1,75,34,8
345781,0,1289,0,40,3,7,2,1,54,34,8
359879,0,1289,0,40,2,5,2,1,28,22,8
353911,0,1289,0,40,3,7,2,1,36,43,8
339813,0,1289,0,40,2,6,2,1,70,40,8
330961,0,1289,0,40,3,11,2,1,84,25,8
375862,0,1289,0,40,3,1,2,1,17,17,8
376721,0,1289,0,40,3,1,2,1,17,19,8
333389,0,1289,0,40,2,8,2,1,71,52,8
326735,0,1289,0,40,3,6,2,1,80,34,8
373888,0,1289,0,40,3,2,2,1,18,77,8
365281,0,1289,0,40,3,3,2,1,26,33,8
377042,0,1289,0,40,2,1,2,1,16,43,8
368580,0,1289,0,40,3,3,2,1,20,28,8
368400,0,1289,0,40,3,3,2,1,26,26,8
344416,0,1289,0,40,2,8,2,1,53,46,8
335121,0,1289,0,40,3,8,2,1,72,62,8
370984,0,1289,0,40,2,3,2,1,18,28,8
344537,0,1289,0,40,3,6,2,1,61,57,8
376008,0,1289,0,40,2,1,2,1,15,33,8
377427,0,1289,0,40,2,1,2,1,15,43,8
377554,0,1289,0,40,3,1,2,1,15,59,8
377566,0,1289,0,40,2,1,2,1,15,52,8
362338,0,1289,0,40,2,2,2,1,34,34,8
326051,0,1289,0,40,3,8,2,1,74,31,8
335186,0,1289,0,40,3,7,2,1,81,52,8
344901,0,1289,0,40,2,8,2,1,57,63,8
374097,0,1289,0,40,3,1,2,1,22,30,8
367200,0,1289,0,40,3,2,2,1,27,27,8
370241,0,1289,0,40,3,2,2,1,21,15,8
352827,0,1289,0,40,3,4,2,1,47,30,8
359909,0,1289,0,40,2,4,2,1,33,38,8
368577,0,1289,0,40,2,2,2,1,29,24,8
376445,0,1289,0,40,2,1,2,1,18,33,8
372072,0,1289,0,40,2,2,2,1,19,61,8
359001,0,1289,0,40,2,6,2,1,28,64,8
346624,0,1289,0,40,3,6,2,1,55,59,8
344138,0,1289,0,40,3,9,2,1,44,22,8
364389,0,1289,0,40,2,4,2,1,26,42,8
346267,0,1289,0,40,3,4,2,1,55,81,8
363028,0,1289,0,40,2,4,2,1,31,49,8
328909,0,1289,0,40,2,4,2,1,45,48,8
361625,0,1289,0,40,3,4,2,1,28,40,8
346621,0,1289,0,40,3,6,2,1,51,44,8
370644,0,1289,0,40,2,3,2,1,20,86,8
370019,0,1289,0,40,2,3,2,1,24,47,8
343649,0,1289,0,40,3,6,2,1,58,42,8
364628,0,1289,0,40,3,5,2,1,27,58,8
378490,0,1289,0,40,3,1,2,1,15,19,8
354671,0,1289,0,40,2,4,2,1,47,28,8
350674,0,1289,0,40,2,4,2,1,53,31,8
357013,0,1289,0,40,2,3,2,1,37,15,8
331625,0,1289,0,40,3,9,2,1,86,55,8
372795,0,1289,0,40,3,1,2,1,25,42,8
373567,0,1289,0,40,2,1,2,1,24,27,8
366677,0,1289,0,40,2,2,2,1,26,30,8
350882,0,1289,0,40,2,6,2,1,37,28,8
342741,0,1289,0,40,2,6,2,1,66,45,8
352590,0,1289,0,40,3,5,2,1,46,41,8
361254,0,1289,0,40,2,3,2,1,32,40,8
327451,0,1289,0,40,3,11,2,1,65,47,8
373362,0,1289,0,40,2,1,2,1,20,89,8
372281,0,1289,0,40,3,2,2,1,21,28,8
367411,0,1289,0,40,3,4,2,1,21,28,8
348738,0,1289,0,40,2,6,2,1,46,76,8
377672,0,1289,0,40,2,1,2,1,17,50,8
375269,0,1289,0,40,3,2,2,1,17,51,8
326865,0,1289,0,40,2,6,2,1,44,20,8
343066,0,1289,0,40,3,9,2,1,58,49,8
347710,0,1289,0,40,3,8,2,1,41,39,8
377143,0,1289,0,40,3,1,2,1,15,27,8
377767,0,1289,0,40,2,1,2,1,15,17,8
336640,0,1289,0,40,3,7,2,1,77,31,8
372286,0,1289,0,40,2,2,2,1,24,47,8
378417,0,1289,0,40,3,1,2,1,15,39,8
377875,0,1289,0,40,3,0,2,1,14,61,8
378173,0,1289,0,40,3,0,2,1,14,45,8
378205,0,1289,0,40,3,0,2,1,14,26,8
378301,0,1289,0,40,2,0,2,1,14,43,8
378381,0,1289,0,40,2,0,2,1,14,43,8
378589,0,1289,0,40,3,0,2,1,14,23,8
378720,0,1289,0,40,2,0,2,1,14,90,8
378776,0,1289,0,40,3,0,2,1,14,44,8
378848,0,1289,0,40,3,0,2,1,14,66,8
378912,0,1289,0,40,3,0,2,1,14,32,8
378952,0,1289,0,40,2,0,2,1,14,26,8
378992,0,1289,0,40,3,0,2,1,14,35,8
379064,0,1289,0,40,2,0,2,1,14,36,8
379072,0,1289,0,40,3,0,2,1,14,30,8
379208,0,1289,0,40,3,0,2,1,14,64,8
379297,0,1289,0,40,3,0,2,1,14,110,8
379349,0,1289,0,40,2,0,2,1,14,57,8
379385,0,1289,0,40,2,0,2,1,14,49,8
379409,0,1289,0,40,2,0,2,1,14,52,8
379477,0,1289,0,40,3,0,2,1,14,22,8
379489,0,1289,0,40,2,0,2,1,14,59,8
379505,0,1289,0,40,2,0,2,1,14,74,8
379529,0,1289,0,40,3,0,2,1,14,44,8
379601,0,1289,0,40,2,0,2,1,14,22,8
379629,0,1289,0,40,2,0,2,1,14,30,8
379673,0,1289,0,40,2,0,2,1,14,69,8
379725,2,1289,0,40,3,0,2,1,14,33,8
379773,0,1289,0,40,2,0,2,1,14,33,8
379812,0,1289,0,40,3,0,2,1,14,54,8
379830,0,1289,0,40,3,0,2,1,14,45,8
379842,0,1289,0,40,2,0,2,1,14,102,8
379854,0,1289,0,40,3,0,2,1,14,40,8
379880,0,1289,0,40,2,0,2,1,14,55,8
379894,0,1289,0,40,3,0,2,1,14,46,8
379906,0,1289,0,40,2,0,2,1,14,36,8
379920,0,1289,0,40,3,0,2,1,14,71,8
379928,0,1289,0,40,3,0,2,1,14,19,8
379944,0,1289,0,40,2,0,2,1,14,60,8
379984,0,1289,0,40,2,0,2,1,14,50,8
379994,0,1289,0,40,2,0,2,1,14,17,8
379996,0,1289,0,40,2,0,2,1,14,49,8
380000,0,1289,0,40,2,0,2,1,14,80,8
380052,0,1289,0,40,3,0,2,1,14,62,8
380068,0,1289,0,40,3,0,2,1,14,38,8
380074,0,1289,0,40,2,0,2,1,14,30,8
380092,0,1289,0,40,2,0,2,1,14,32,8
380110,0,1289,0,40,2,0,2,1,14,67,8
380126,0,1289,0,40,2,0,2,1,14,71,8
380130,0,1289,0,40,3,0,2,1,14,51,8
380192,0,1289,0,40,2,0,2,1,14,44,8
380202,0,1289,0,40,3,0,2,1,14,82,8
380204,0,1289,0,40,2,0,2,1,14,44,8
380222,0,1289,0,40,2,0,2,1,14,49,8
380234,0,1289,0,40,3,0,2,1,14,18,8
380258,0,1289,0,40,2,0,2,1,14,46,8
380290,0,1289,0,40,2,0,2,1,14,57,8
380302,0,1289,0,40,3,0,2,1,14,30,8
380318,0,1289,0,40,3,0,2,1,14,47,8
380332,0,1289,0,40,2,0,2,1,14,72,8
380352,0,1289,0,40,2,0,2,1,14,56,8
368874,0,1289,0,40,2,1,2,1,19,25,8
355460,0,1289,0,40,2,2,2,1,45,62,8
369197,0,1289,0,40,3,1,2,1,17,46,8
344013,0,1289,0,40,3,5,2,1,49,12,8
333629,0,1289,0,40,3,11,2,1,59,19,8
349158,0,1289,0,40,3,7,2,1,47,81,8
357786,0,1289,0,40,2,3,2,1,32,46,8
328076,0,1289,0,40,3,6,2,1,50,61,8
369068,0,1289,0,40,2,2,2,1,21,38,8
368350,0,1289,0,40,2,3,2,1,22,41,8
373331,0,1289,0,40,2,1,2,1,17,48,8
331729,0,1289,0,40,2,10,2,1,73,26,8
360750,0,1289,0,40,3,4,2,1,24,51,8
373180,0,1289,0,40,3,1,2,1,16,57,8
368091,0,1289,0,40,2,2,2,1,16,52,8
329808,0,1289,0,40,3,2,2,1,72,58,8
347317,0,1289,0,40,3,4,2,1,55,47,8
364219,0,1289,0,40,2,2,2,1,23,34,8
349564,0,1289,0,40,3,5,2,1,36,45,8
350777,0,1289,0,40,2,5,2,1,35,61,8
367737,0,1289,0,40,3,3,2,1,20,83,8
373161,0,1289,0,40,3,1,2,1,18,57,8
325551,0,1289,0,40,3,4,2,1,41,40,8
341089,0,1289,0,40,3,7,2,1,59,53,8
365999,0,1289,0,40,2,2,2,1,26,68,8
331886,0,1289,0,40,3,9,2,1,75,27,8
328405,0,1289,0,40,2,7,2,1,65,88,8
365440,0,1289,0,40,2,1,2,1,33,48,8
359564,0,1289,0,40,3,3,2,1,31,45,8
361437,0,1289,0,40,2,2,2,1,30,38,8
362648,0,1289,0,40,3,3,2,1,28,62,8
360034,0,1289,0,40,2,3,2,1,29,28,8
368306,0,1289,0,40,3,2,2,1,22,50,8
327825,0,1289,0,40,3,5,2,1,43,38,8
363972,0,1289,0,40,2,3,2,1,26,58,8
343693,0,1289,0,40,3,6,2,1,58,44,8
365250,0,1289,0,40,3,3,2,1,25,19,8
374421,0,1289,0,40,3,1,2,1,17,45,8
360181,0,1289,0,40,2,5,2,1,25,43,8
373508,0,1289,0,40,2,1,2,1,16,46,8
369979,0,1289,0,40,3,2,2,1,19,52,8
375244,0,1289,0,40,3,1,2,1,15,32,8
343538,0,1289,0,40,3,7,2,1,42,21,8
369665,0,1289,0,40,2,2,2,1,18,31,8
324547,0,1289,0,40,2,9,2,1,58,30,8
369077,0,1289,0,40,2,2,2,1,18,34,8
361830,0,1289,0,40,3,3,2,1,24,50,8
362788,0,1289,0,40,3,5,2,1,19,87,8
376139,0,1289,0,40,2,1,2,1,14,27,8
342784,0,1289,0,40,2,6,2,1,57,36,8
359195,0,1289,0,40,2,3,2,1,36,18,8
364176,0,1289,0,40,2,2,2,1,28,83,8
347161,0,1289,0,40,2,6,2,1,56,48,8
342048,0,1289,0,40,3,7,2,1,58,20,8
369339,0,1289,0,40,3,1,2,1,26,29,8
360189,0,1289,0,40,2,2,2,1,39,55,8
362586,0,1289,0,40,3,3,2,1,28,46,8
367897,0,1289,0,40,3,2,2,1,24,43,8
358496,1,1289,1254,40,3,5,2,1,30,42,8
371616,0,1289,0,40,2,1,2,1,22,19,8
372113,0,1289,0,40,3,1,2,1,21,59,8
319546,0,1289,0,40,3,6,2,1,71,52,8
360641,0,1289,0,40,2,4,2,1,23,17,8
355664,0,1289,0,40,2,5,2,1,31,18,8
364787,0,1289,0,40,3,3,2,1,22,62,8
313028,0,1289,0,40,2,14,2,1,95,7,8
330127,0,1289,0,40,2,2,2,1,42,36,8
374195,0,1289,0,40,3,1,2,1,18,13,8
374314,0,1289,0,40,3,1,2,1,17,41,8
340943,0,1289,0,40,3,9,2,1,48,55,8
363936,0,1289,0,40,3,4,2,1,25,107,8
371896,0,1289,0,40,2,2,2,1,17,34,8
364562,0,1289,0,40,3,3,2,1,24,52,8
361800,0,1289,0,40,3,3,2,1,31,32,8
355086,0,1289,0,40,3,5,2,1,32,33,8
324711,0,1289,0,40,3,6,2,1,50,46,8
358957,0,1289,0,40,3,3,2,1,36,41,8
368372,0,1289,0,40,2,3,2,1,19,94,8
345454,0,1289,0,40,3,6,2,1,53,51,8
365688,0,1289,0,40,3,4,2,1,19,27,8
374925,0,1289,0,40,2,1,2,1,15,32,8
375845,0,1289,0,40,2,1,2,1,15,39,8
334927,0,1289,0,40,3,8,2,1,71,45,8
364361,0,1289,0,40,2,3,2,1,28,66,8
335866,0,1289,0,40,3,9,2,1,61,22,8
361348,0,1289,0,40,3,4,2,1,26,33,8
372583,0,1289,0,40,3,2,2,1,17,30,8
346903,0,1289,0,40,2,6,2,1,62,17,8
356684,0,1289,0,40,2,5,2,1,29,22,8
375653,0,1289,0,40,2,1,2,1,14,30,8
376933,0,1289,0,40,3,1,2,1,14,39,8
365628,0,1289,0,40,2,1,2,1,33,30,8
361000,0,1289,0,40,3,3,2,1,35,81,8
366868,0,1289,0,40,3,2,2,1,30,21,8
354919,0,1289,0,40,2,3,2,1,37,15,8
359232,0,1289,0,40,2,3,2,1,26,38,8
344513,0,1289,0,40,2,8,2,1,46,63,8
369706,0,1289,0,40,2,1,2,1,23,41,8
354752,0,1289,0,40,2,5,2,1,41,26,8
338346,0,1289,0,40,3,6,2,1,69,49,8
332596,0,1289,0,40,3,9,2,1,76,84,8
372833,0,1289,0,40,3,1,2,1,21,32,8
373685,0,1289,0,40,2,1,2,1,20,85,8
351853,0,1289,0,40,2,5,2,1,39,8,8
347292,0,1289,0,40,3,4,2,1,55,68,8
363569,0,1289,0,40,2,4,2,1,26,52,8
373238,0,1289,0,40,3,1,2,1,19,16,8
327957,0,1289,0,40,3,9,2,1,61,32,8
374956,0,1289,0,40,3,1,2,1,18,39,8
331145,1,1289,1273,40,2,11,2,1,81,78,8
353085,0,1289,0,40,3,5,2,1,35,30,8
350061,0,1289,0,40,3,6,2,1,41,13,8
368816,0,1289,0,40,2,2,2,1,24,43,8
355767,0,1289,0,40,3,6,2,1,31,46,8
336174,0,1289,0,40,3,12,2,1,60,25,8
360880,0,1289,0,40,3,4,2,1,37,56,8
375519,0,1289,0,40,3,1,2,1,16,12,8
343563,0,1289,0,40,2,8,2,1,50,22,8
338678,0,1289,0,40,3,9,2,1,56,29,8
358453,0,1289,0,40,2,3,2,1,37,42,8
330280,0,1289,0,40,2,6,2,1,43,48,8
370586,0,1289,0,40,2,2,2,1,20,46,8
373163,0,1289,0,40,3,2,2,1,18,64,8
367661,0,1289,0,40,3,3,2,1,19,30,8
345345,0,1289,0,40,3,8,2,1,50,6,8
365761,0,1289,0,40,3,2,2,1,27,46,8
351863,0,1289,0,40,2,5,2,1,34,28,8
354231,0,1289,0,40,2,4,2,1,32,52,8
349339,0,1289,0,40,2,7,2,1,44,24,8
366909,0,1289,0,40,2,3,2,1,25,39,8
376538,0,1289,0,40,2,1,2,1,14,19,8
377500,0,1289,0,40,3,1,2,1,14,38,8
350968,0,1289,0,40,2,6,2,1,47,35,8
368387,0,1289,0,40,2,1,2,1,28,26,8
325698,0,1289,0,40,3,9,2,1,76,107,8
357680,0,1289,0,40,3,4,2,1,35,21,8
344665,0,1289,0,40,2,5,2,1,55,29,8
367853,0,1289,0,40,2,1,2,1,26,78,8
325886,0,1289,0,40,2,9,2,1,77,32,8
369701,0,1289,0,40,2,2,2,1,24,27,8
373521,0,1289,0,40,2,1,2,1,21,25,8
358012,0,1289,0,40,3,4,2,1,38,50,8
374255,0,1289,0,40,2,1,2,1,20,64,8
342558,0,1289,0,40,2,7,2,1,54,37,8
367118,0,1289,0,40,2,3,2,1,28,60,8
329754,0,1289,0,40,3,13,2,1,93,24,8
374542,0,1289,0,40,2,1,2,1,19,54,8
338992,0,1289,0,40,2,6,2,1,51,55,8
350242,0,1289,0,40,3,6,2,1,40,39,8
337517,0,1289,0,40,2,10,2,1,49,26,8
355554,0,1289,0,40,3,5,2,1,29,55,8
361117,0,1289,0,40,2,3,2,1,27,46,8
371517,0,1289,0,40,2,2,2,1,23,38,8
375055,0,1289,0,40,3,1,2,1,18,27,8
327094,0,1289,0,40,3,17,2,1,112,13,8
352041,0,1289,0,40,2,4,2,1,51,45,8
342511,0,1289,0,40,2,10,2,1,52,66,8
375967,0,1289,0,40,2,1,2,1,17,67,8
355167,0,1289,0,40,2,5,2,1,31,20,8
334914,0,1289,0,40,3,9,2,1,63,35,8
360218,0,1289,0,40,2,4,2,1,31,9,8
348223,0,1289,0,40,3,7,2,1,40,27,8
368391,0,1289,0,40,2,3,2,1,21,49,8
373098,0,1289,0,40,2,2,2,1,17,58,8
337423,0,1289,0,40,3,9,2,1,62,16,8
375045,0,1289,0,40,2,1,2,1,16,62,8
376703,0,1289,0,40,3,1,2,1,16,84,8
376887,0,1289,0,40,2,1,2,1,16,20,8
322438,0,1289,0,40,2,11,2,1,73,40,8
330298,0,1289,0,40,2,16,2,1,70,41,8
376180,0,1289,0,40,3,1,2,1,15,62,8
376826,0,1289,0,40,3,1,2,1,15,50,8
339402,0,1289,0,40,3,11,2,1,53,62,8
350750,0,1289,0,40,2,4,2,1,49,14,8
364773,0,1289,0,40,3,4,2,1,21,46,8
361303,0,1289,0,40,3,4,2,1,25,9,8
319182,0,1289,0,40,2,11,2,1,50,34,8
356404,0,1289,0,40,2,4,2,1,41,43,8
376109,0,1289,0,40,2,2,2,1,15,44,8
340249,0,1289,0,40,2,8,2,1,62,45,8
376520,0,1289,0,40,3,1,2,1,14,37,8
376628,0,1289,0,40,2,1,2,1,14,17,8
377970,0,1289,0,40,2,1,2,1,14,70,8
355755,0,1289,0,40,3,4,2,1,46,24,8
345512,0,1289,0,40,2,7,2,1,56,40,8
343271,0,1289,0,40,3,7,2,1,57,65,8
362163,0,1289,0,40,3,2,2,1,40,78,8
351739,0,1289,0,40,3,4,2,1,41,18,8
334332,0,1289,0,40,2,8,2,1,71,60,8
366475,0,1289,0,40,2,3,2,1,31,61,8
361002,0,1289,0,40,3,4,2,1,34,37,8
321050,0,1289,0,40,3,9,2,1,66,81,8
360139,0,1289,0,40,2,2,2,1,42,57,8
349759,0,1289,0,40,3,6,2,1,51,67,8
372790,0,1289,0,40,3,2,2,1,22,71,8
368490,0,1289,0,40,2,2,2,1,25,57,8
354940,0,1289,0,40,2,5,2,1,37,70,8
358864,0,1289,0,40,2,5,2,1,32,20,8
368687,0,1289,0,40,3,2,2,1,23,58,8
360890,0,1289,0,40,3,3,2,1,36,31,8
357020,0,1289,0,40,2,4,2,1,35,43,8
326268,0,1289,0,40,2,13,2,1,69,33,8
333495,0,1289,0,40,3,10,2,1,71,67,8
372528,0,1289,0,40,2,2,2,1,21,44,8
350016,0,1289,0,40,3,6,2,1,39,76,8
339942,0,1289,0,40,2,8,2,1,58,62,8
352461,0,1289,0,40,3,6,2,1,34,48,8
367085,0,1289,0,40,3,2,2,1,26,13,8
372565,0,1289,0,40,3,2,2,1,18,69,8
364159,0,1289,0,40,2,4,2,1,31,30,8
369488,0,1289,0,40,2,2,2,1,26,49,8
376002,0,1289,0,40,2,1,2,1,17,60,8
369569,0,1289,0,40,2,2,2,1,17,73,8
362247,0,1289,0,40,2,4,2,1,24,23,8
357700,0,1289,0,40,3,4,2,1,40,45,8
373530,0,1289,0,40,3,2,2,1,19,45,8
377072,0,1289,0,40,3,1,2,1,16,36,8
320006,0,1289,0,40,3,10,2,1,104,53,8
359926,0,1289,0,40,2,2,2,1,40,59,8
299308,0,1289,0,40,3,20,2,1,115,35,8
374779,0,1289,0,40,3,2,2,1,16,58,8
377968,0,1289,0,40,3,1,2,1,15,11,8
347587,0,1289,0,40,3,6,2,1,38,52,8
327342,0,1289,0,40,3,7,2,1,61,24,8
355831,0,1289,0,40,2,5,2,1,38,54,8
363840,0,1289,0,40,2,4,2,1,26,7,8
359891,0,1289,0,40,2,4,2,1,30,70,8
370567,0,1289,0,40,3,3,2,1,18,61,8
354759,0,1289,0,40,3,5,2,1,27,24,8
377003,1,1289,1275,28.4011,3,1,2,1,14,67,8
378360,0,1289,0,40,3,1,2,1,14,39,8
358029,0,1289,0,40,3,4,2,1,39,21,8
320782,0,1289,0,40,3,13,2,1,107,65,8
321187,0,1289,0,40,3,7,2,1,76,61,8
359924,0,1289,0,40,3,3,2,1,32,66,8
372783,0,1289,0,40,2,1,2,1,24,53,8
374818,0,1289,0,40,3,1,2,1,21,17,8
370949,0,1289,0,40,2,2,2,1,24,33,8
349360,0,1289,0,40,2,6,2,1,40,63,8
372746,0,1289,0,40,3,2,2,1,23,42,8
376219,0,1289,0,40,2,1,2,1,19,27,8
372430,0,1289,0,40,2,2,2,1,19,39,8
339723,1,1289,1257,40,2,8,2,1,70,23,8
374670,0,1289,0,40,2,2,2,1,19,42,8
376471,0,1289,0,40,2,1,2,1,18,62,8
355319,0,1289,0,40,2,5,2,1,35,41,8
374297,0,1289,0,40,2,2,2,1,19,44,8
359572,0,1289,0,40,3,4,2,1,27,76,8
369452,0,1289,0,40,3,3,2,1,21,31,8
336890,0,1289,0,40,3,12,2,1,57,22,8
339009,0,1289,0,40,3,9,2,1,61,30,8
343637,0,1289,0,40,2,9,2,1,47,19,8
323783,0,1289,0,40,2,12,2,1,77,46,8
361009,0,1289,0,40,2,4,2,1,32,39,8
354440,0,1289,0,40,2,5,2,1,44,46,8
351909,0,1289,0,40,2,7,2,1,44,23,8
375143,0,1289,0,40,3,1,2,1,15,23,8
378182,0,1289,0,40,3,1,2,1,15,14,8
323160,0,1289,0,40,3,9,2,1,75,53,8
348798,0,1289,0,40,2,7,2,1,42,59,8
371849,0,1289,0,40,3,2,2,1,18,57,8
347499,0,1289,0,40,2,8,2,1,38,44,8
359344,0,1289,0,40,3,5,2,1,25,35,8
362266,0,1289,0,40,3,4,2,1,26,35,8
355551,0,1289,0,40,3,5,2,1,39,48,8
339815,0,1289,0,40,2,7,2,1,73,50,8
377807,0,1289,0,40,2,1,2,1,14,19,8
362570,0,1289,0,40,2,1,2,1,44,18,8
327294,0,1289,0,40,2,3,2,1,54,59,8
363842,0,1289,0,40,2,3,2,1,35,70,8
344171,0,1289,0,40,2,7,2,1,51,39,8
349351,0,1289,0,40,2,5,2,1,42,27,8
366254,0,1289,0,40,3,3,2,1,32,41,8
361928,0,1289,0,40,3,4,2,1,32,55,8
363186,0,1289,0,40,2,3,2,1,37,54,8
347760,0,1289,0,40,3,5,2,1,59,45,8
351313,0,1289,0,40,2,5,2,1,48,47,8
376997,0,1289,0,40,3,1,2,1,17,39,8
347968,0,1289,0,40,2,8,2,1,41,45,8
367446,0,1289,0,40,3,3,2,1,20,34,8
363693,0,1289,0,40,2,2,2,1,40,28,8
341347,0,1289,0,40,3,7,2,1,72,51,8
373491,1,1289,1277,40,2,2,2,1,18,69,8
328783,0,1289,0,40,3,12,2,1,53,12,8
368106,0,1289,0,40,3,3,2,1,27,56,8
378145,0,1289,0,40,2,1,2,1,14,24,8
379656,0,1289,0,40,3,1,2,1,14,12,8
336808,0,1289,0,40,2,9,2,1,63,12,8
372251,0,1289,0,40,2,1,2,1,26,51,8
336113,0,1289,0,40,2,10,2,1,68,50,8
377704,0,1289,0,40,2,1,2,1,18,71,8
364435,0,1289,0,40,3,4,2,1,28,48,8
368310,0,1289,0,40,3,3,2,1,27,83,8
376347,0,1289,0,40,3,2,2,1,18,64,8
378035,0,1289,0,40,3,1,2,1,14,58,8
377421,0,1289,0,40,2,0,2,1,13,41,8
377827,0,1289,0,40,3,0,2,1,13,59,8
378229,0,1289,0,40,2,0,2,1,13,21,8
378549,0,1289,0,40,2,0,2,1,13,80,8
378748,0,1289,0,40,3,0,2,1,13,37,8
379044,0,1289,0,40,3,0,2,1,13,68,8
379172,0,1289,0,40,2,0,2,1,13,24,8
379227,0,1289,0,40,3,0,2,1,13,29,8
379467,0,1289,0,40,3,0,2,1,13,32,8
379603,0,1289,0,40,2,0,2,1,13,40,8
379675,0,1289,0,40,3,0,2,1,13,31,8
379707,0,1289,0,40,3,0,2,1,13,34,8
379723,0,1289,0,40,3,0,2,1,13,16,8
379783,0,1289,0,40,3,0,2,1,13,85,8
379805,0,1289,0,40,2,0,2,1,13,17,8
379813,0,1289,0,40,3,0,2,1,13,48,8
379865,0,1289,0,40,3,0,2,1,13,39,8
379869,0,1289,0,40,2,0,2,1,13,64,8
379885,0,1289,0,40,3,0,2,1,13,20,8
379897,0,1289,0,40,2,0,2,1,13,68,8
379905,0,1289,0,40,3,0,2,1,13,49,8
379981,0,1289,0,40,2,0,2,1,13,15,8
380021,0,1289,0,40,3,0,2,1,13,57,8
380065,0,1289,0,40,3,0,2,1,13,58,8
380097,0,1289,0,40,3,0,2,1,13,28,8
380145,0,1289,0,40,3,0,2,1,13,56,8
380225,0,1289,0,40,3,0,2,1,13,34,8
380229,0,1289,0,40,3,0,2,1,13,42,8
380257,0,1289,0,40,2,0,2,1,13,58,8
380269,0,1289,0,40,2,0,2,1,13,48,8
380301,0,1289,0,40,2,0,2,1,13,16,8
380345,0,1289,0,40,3,0,2,1,13,60,8
380353,0,1289,0,40,3,0,2,1,13,91,8
380360,0,1289,0,40,3,0,2,1,13,84,8
380378,0,1289,0,40,3,0,2,1,13,116,8
380394,0,1289,0,40,2,0,2,1,13,117,8
380438,0,1289,0,40,2,0,2,1,13,55,8
380440,0,1289,0,40,3,0,2,1,13,71,8
380460,0,1289,0,40,3,0,2,1,13,34,8
380488,0,1289,0,40,3,0,2,1,13,35,8
380504,0,1289,0,40,3,0,2,1,13,26,8
380556,0,1289,0,40,3,0,2,1,13,37,8
380566,0,1289,0,40,3,0,2,1,13,23,8
380580,0,1289,0,40,3,0,2,1,13,68,8
380594,0,1289,0,40,3,0,2,1,13,42,8
380600,0,1289,0,40,3,0,2,1,13,41,8
380604,0,1289,0,40,3,0,2,1,13,51,8
380626,0,1289,0,40,2,0,2,1,13,47,8
380632,0,1289,0,40,3,0,2,1,13,24,8
380644,0,1289,0,40,2,0,2,1,13,20,8
380670,0,1289,0,40,3,0,2,1,13,19,8
380708,0,1289,0,40,3,0,2,1,13,47,8
380714,0,1289,0,40,3,0,2,1,13,71,8
380724,0,1289,0,40,2,0,2,1,13,26,8
380758,0,1289,0,40,3,0,2,1,13,37,8
380776,0,1289,0,40,3,0,2,1,13,9,8
380788,0,1289,0,40,2,0,2,1,13,45,8
380822,0,1289,0,40,3,0,2,1,13,42,8
380838,0,1289,0,40,3,0,2,1,13,64,8
380840,0,1289,0,40,3,0,2,1,13,92,8
380858,0,1289,0,40,3,0,2,1,13,40,8
380872,0,1289,0,40,2,0,2,1,13,85,8
380884,0,1289,0,40,3,0,2,1,13,43,8
325349,0,1289,0,40,2,5,2,1,51,42,8
327261,0,1289,0,40,2,9,2,1,67,43,8
327007,0,1289,0,40,2,3,2,1,62,82,8
350598,0,1289,0,40,2,5,2,1,34,42,8
360433,0,1289,0,40,3,2,2,1,34,49,8
373486,0,1289,0,40,2,1,2,1,13,112,8
340212,0,1289,0,40,3,6,2,1,57,17,8
364606,0,1289,0,40,3,2,2,1,26,26,8
312435,0,1289,0,40,2,12,2,1,61,38,8
370301,0,1289,0,40,2,2,2,1,17,39,8
371582,0,1289,0,40,2,1,2,1,15,23,8
368384,0,1289,0,40,2,3,2,1,20,19,8
345892,0,1289,0,40,2,6,2,1,44,65,8
330671,0,1289,0,40,3,10,2,1,83,35,8
335862,0,1289,0,40,2,11,2,1,60,17,8
364234,0,1289,0,40,3,2,2,1,27,37,8
343200,0,1289,0,40,2,6,2,1,53,49,8
369556,0,1289,0,40,2,2,2,1,19,62,8
370557,0,1289,0,40,2,2,2,1,18,29,8
331607,0,1289,0,40,3,11,2,1,57,53,8
366444,0,1289,0,40,3,2,2,1,17,30,8
353003,0,1289,0,40,3,4,2,1,35,67,8
328452,0,1289,0,40,3,6,2,1,36,45,8
341050,0,1289,0,40,3,6,2,1,66,73,8
372294,0,1289,0,40,3,1,2,1,19,37,8
350252,0,1289,0,40,3,7,2,1,37,39,8
336674,0,1289,0,40,3,7,2,1,72,33,8
344723,0,1289,0,40,2,7,2,1,60,32,8
365707,0,1289,0,40,2,4,2,1,23,55,8
344875,0,1289,0,40,3,6,2,1,48,45,8
326507,0,1289,0,40,2,5,2,1,57,74,8
375368,0,1289,0,40,3,1,2,1,14,26,8
353247,0,1289,0,40,3,5,2,1,26,24,8
355407,0,1289,0,40,3,6,2,1,37,35,8
375891,0,1289,0,40,3,1,2,1,13,68,8
364964,0,1289,0,40,3,1,2,1,34,36,8
355391,0,1289,0,40,2,4,2,1,43,32,8
344472,0,1289,0,40,2,5,2,1,52,43,8
333524,0,1289,0,40,2,12,2,1,61,33,8
359669,0,1289,0,40,3,2,2,1,37,33,8
340685,0,1289,0,40,2,7,2,1,55,44,8
338563,0,1289,0,40,3,7,2,1,70,83,8
337192,0,1289,0,40,3,9,2,1,62,59,8
371929,0,1289,0,40,3,1,2,1,20,37,8
351332,0,1289,0,40,2,3,2,1,51,86,8
354750,0,1289,0,40,3,4,2,1,45,43,8
356870,0,1289,0,40,3,3,2,1,35,17,8
345821,0,1289,0,40,3,5,2,1,56,104,8
352952,0,1289,0,40,2,3,2,1,52,45,8
373988,0,1289,0,40,2,1,2,1,17,59,8
374157,0,1289,0,40,2,1,2,1,17,52,8
371179,0,1289,0,40,2,2,2,1,17,45,8
372110,0,1289,0,40,2,2,2,1,17,39,8
370374,0,1289,0,40,2,2,2,1,19,28,8
344857,0,1289,0,40,2,8,2,1,45,22,8
352624,1,1289,1272,21.8362,3,4,2,1,39,44,8
325904,0,1289,0,40,3,7,2,1,52,65,8
364468,0,1289,0,40,2,3,2,1,24,22,8
375957,0,1289,0,40,3,1,2,1,14,79,8
376181,0,1289,0,40,2,1,2,1,14,33,8
369127,0,1289,0,40,2,2,2,1,20,23,8
357867,0,1289,0,40,2,5,2,1,31,12,8
353513,0,1289,0,40,3,6,2,1,26,37,8
364969,0,1289,0,40,3,3,2,1,22,48,8
325562,0,1289,0,40,2,6,2,1,49,45,8
376835,0,1289,0,40,2,1,2,1,13,34,8
355679,0,1289,0,40,2,1,2,1,52,30,8
360605,0,1289,0,40,3,2,2,1,32,69,8
342641,0,1289,0,40,2,4,2,1,66,63,8
336487,0,1289,0,40,3,8,2,1,62,55,8
350265,1,1289,1239,40,2,6,2,1,35,26,8
361349,0,1289,0,40,2,4,2,1,31,35,8
347953,0,1289,0,40,3,5,2,1,42,26,8
372555,0,1289,0,40,3,1,2,1,20,24,8
352873,0,1289,0,40,3,5,2,1,31,32,8
327908,0,1289,0,40,2,6,2,1,63,56,8
351764,0,1289,0,40,3,4,2,1,36,46,8
368632,0,1289,0,40,3,2,2,1,18,47,8
351970,0,1289,0,40,3,4,2,1,49,39,8
370274,0,1289,0,40,2,3,2,1,20,20,8
374698,0,1289,0,40,3,1,2,1,17,51,8
333472,0,1289,0,40,3,11,2,1,70,74,8
375556,0,1289,0,40,3,1,2,1,16,25,8
335151,0,1289,0,40,3,8,2,1,62,30,8
363093,0,1289,0,40,3,3,2,1,23,109,8
368381,0,1289,0,40,2,2,2,1,25,47,8
376311,0,1289,0,40,2,1,2,1,15,89,8
326883,0,1289,0,40,3,9,2,1,88,42,8
327249,0,1289,0,40,2,5,2,1,42,30,8
343427,0,1289,0,40,2,7,2,1,48,40,8
346671,0,1289,0,40,3,7,2,1,51,46,8
365912,0,1289,0,40,2,3,2,1,23,58,8
372611,0,1289,0,40,3,2,2,1,18,57,8
359447,0,1289,0,40,2,5,2,1,20,21,8
334796,0,1289,0,40,3,10,2,1,60,67,8
367065,0,1289,0,40,3,2,2,1,18,52,8
363554,0,1289,0,40,2,3,2,1,25,36,8
353543,0,1289,0,40,3,4,2,1,39,37,8
357095,0,1289,0,40,3,4,2,1,36,64,8
364321,0,1289,0,40,3,5,2,1,26,38,8
366566,0,1289,0,40,3,3,2,1,23,46,8
357442,0,1289,0,40,3,5,2,1,37,32,8
364368,0,1289,0,40,2,4,2,1,27,59,8
374993,0,1289,0,40,3,1,2,1,13,68,8
375705,0,1289,0,40,3,1,2,1,13,35,8
377202,0,1289,0,40,2,1,2,1,13,43,8
361638,0,1289,0,40,2,2,2,1,40,34,8
337086,0,1289,0,40,2,10,2,1,57,63,8
332909,0,1289,0,40,3,8,2,1,71,106,8
355750,0,1289,0,40,3,3,2,1,39,53,8
350455,0,1289,0,40,2,6,2,1,46,51,8
368027,0,1289,0,40,3,2,2,1,28,31,8
335299,0,1289,0,40,2,7,2,1,68,32,8
372186,0,1289,0,40,3,1,2,1,23,65,8
367752,0,1289,0,40,3,2,2,1,25,24,8
369101,0,1289,0,40,3,1,2,1,22,34,8
354548,0,1289,0,40,2,6,2,1,35,53,8
340206,0,1289,0,40,3,9,2,1,55,87,8
343209,0,1289,0,40,2,9,2,1,47,25,8
350593,0,1289,0,40,3,5,2,1,38,75,8
337471,0,1289,0,40,2,11,2,1,63,32,8
372449,0,1289,0,40,3,1,2,1,20,37,8
329931,0,1289,0,40,2,12,2,1,86,45,8
347148,0,1289,0,40,2,8,2,1,49,49,8
365359,0,1289,0,40,3,2,2,1,29,24,8
360757,0,1289,0,40,3,3,2,1,33,27,8
367519,0,1289,0,40,2,2,2,1,28,65,8
373556,0,1289,0,40,2,1,2,1,18,31,8
371089,0,1289,0,40,3,2,2,1,18,29,8
358002,0,1289,0,40,2,5,2,1,33,70,8
372347,0,1289,0,40,3,2,2,1,19,59,8
366129,0,1289,0,40,2,3,2,1,31,25,8
375322,0,1289,0,40,3,1,2,1,17,35,8
369819,0,1289,0,40,2,2,2,1,18,32,8
350198,0,1289,0,40,3,5,2,1,47,12,8
365637,0,1289,0,40,3,2,2,1,31,75,8
360022,0,1289,0,40,3,4,2,1,33,34,8
376201,0,1289,0,40,2,1,2,1,16,35,8
364548,0,1289,0,40,3,2,2,1,30,21,8
352002,0,1289,0,40,2,6,2,1,39,29,8
328023,0,1289,0,40,3,6,2,1,66,40,8
366085,0,1289,0,40,2,4,2,1,25,42,8
328086,0,1289,0,40,3,5,2,1,40,36,8
363231,0,1289,0,40,3,3,2,1,22,26,8
345912,0,1289,0,40,3,6,2,1,50,67,8
359610,0,1289,0,40,2,3,2,1,30,35,8
365481,0,1289,0,40,3,3,2,1,25,28,8
333398,0,1289,0,40,3,11,2,1,71,31,8
352965,0,1289,0,40,3,5,2,1,36,44,8
361138,0,1289,0,40,2,4,2,1,28,34,8
377506,0,1289,0,40,2,1,2,1,14,59,8
361592,0,1289,0,40,3,4,2,1,26,32,8
363705,0,1289,0,40,2,3,2,1,31,37,8
335821,0,1289,0,40,2,11,2,1,72,55,8
353608,1,1289,1274,40,2,6,2,1,34,59,8
353043,0,1289,0,40,3,10,2,1,38,52,8
378072,0,1289,0,40,3,1,2,1,13,24,8
356852,0,1289,0,40,3,4,2,1,39,10,8
352658,0,1289,0,40,2,4,2,1,46,17,8
360095,0,1289,0,40,3,3,2,1,33,27,8
361268,0,1289,0,40,3,3,2,1,30,20,8
364685,0,1289,0,40,3,2,2,1,26,41,8
347350,0,1289,0,40,3,6,2,1,54,36,8
370940,0,1289,0,40,2,1,2,1,25,35,8
366346,0,1289,0,40,2,2,2,1,29,27,8
372412,0,1289,0,40,2,1,2,1,23,16,8
361675,0,1289,0,40,2,4,2,1,34,22,8
372823,0,1289,0,40,3,1,2,1,22,21,8
356182,0,1289,0,40,2,5,2,1,34,30,8
348969,0,1289,0,40,3,6,2,1,46,81,8
365984,0,1289,0,40,2,3,2,1,24,27,8
371328,0,1289,0,40,3,2,2,1,21,48,8
359934,0,1289,0,40,3,3,2,1,39,32,8
374784,0,1289,0,40,3,1,2,1,19,38,8
374858,0,1289,0,40,2,1,2,1,19,42,8
357401,0,1289,0,40,2,5,2,1,28,74,8
369918,0,1289,0,40,2,2,2,1,23,9,8
346444,0,1289,0,40,3,6,2,1,55,50,8
373148,0,1289,0,40,3,2,2,1,20,48,8
365108,0,1289,0,40,2,3,2,1,21,68,8
362989,0,1289,0,40,3,4,2,1,27,27,8
342220,0,1289,0,40,2,7,2,1,56,34,8
372831,0,1289,0,40,2,2,2,1,18,129,8
376111,0,1289,0,40,3,1,2,1,17,53,8
363931,0,1289,0,40,2,3,2,1,22,60,8
320846,0,1289,0,40,3,11,2,1,80,44,8
268437,0,1289,0,40,3,18,2,1,158,35,8
372346,0,1289,0,40,2,2,2,1,20,50,8
343741,0,1289,0,40,2,7,2,1,46,34,8
354460,0,1289,0,40,2,6,2,1,38,24,8
376010,0,1289,0,40,3,1,2,1,16,34,8
376318,0,1289,0,40,2,1,2,1,16,87,8
366429,0,1289,0,40,3,3,2,1,21,30,8
352867,0,1289,0,40,3,5,2,1,45,33,8
369152,0,1289,0,40,2,3,2,1,24,57,8
376662,0,1289,0,40,2,1,2,1,15,45,8
377260,0,1289,0,40,2,1,2,1,15,129,8
339607,0,1289,0,40,2,11,2,1,50,15,8
357820,0,1289,0,40,2,4,2,1,39,65,8
374934,0,1289,0,40,2,2,2,1,15,30,8
358191,0,1289,0,40,2,4,2,1,36,25,8
341923,0,1289,0,40,3,8,2,1,50,63,8
377227,0,1289,0,40,3,1,2,1,14,59,8
377660,0,1289,0,40,2,1,2,1,14,48,8
377930,0,1289,0,40,2,1,2,1,14,19,8
345954,1,1289,1248,40,3,6,2,1,53,30,8
329565,1,1289,1267,29.2451,3,14,2,1,90,83,8
330589,0,1289,0,40,3,5,2,1,48,14,8
369122,0,1289,0,40,3,3,2,1,17,49,8
329024,0,1289,0,40,3,13,2,1,82,57,8
328786,0,1289,0,40,3,6,2,1,39,49,8
367480,0,1289,0,40,2,2,2,1,29,20,8
367760,0,1289,0,40,3,4,2,1,18,23,8
364607,0,1289,0,40,3,4,2,1,29,69,8
378196,0,1289,0,40,3,1,2,1,13,47,8
378320,0,1289,0,40,2,1,2,1,13,64,8
366160,0,1289,0,40,3,1,2,1,33,33,8
369385,0,1289,0,40,3,1,2,1,29,38,8
326900,0,1289,0,40,2,8,2,1,62,62,8
355377,0,1289,0,40,3,6,2,1,41,52,8
337482,0,1289,0,40,3,8,2,1,77,38,8
326580,0,1289,0,40,2,6,2,1,50,37,8
332282,0,1289,0,40,3,10,2,1,82,31,8
353330,0,1289,0,40,3,6,2,1,38,14,8
349686,0,1289,0,40,3,7,2,1,46,50,8
373860,0,1289,0,40,2,1,2,1,21,44,8
332720,0,1289,0,40,2,9,2,1,81,51,8
327167,0,1289,0,40,3,7,2,1,48,44,8
369621,0,1289,0,40,2,2,2,1,21,20,8
371948,0,1289,0,40,3,2,2,1,22,31,8
341348,0,1289,0,40,2,7,2,1,58,51,8
365360,0,1289,0,40,3,4,2,1,25,29,8
371374,0,1289,0,40,3,2,2,1,22,70,8
364914,0,1289,0,40,2,2,2,1,37,57,8
375745,0,1289,0,40,3,1,2,1,18,53,8
371336,0,1289,0,40,2,2,2,1,21,22,8
349040,0,1289,0,40,3,6,2,1,42,45,8
371612,0,1289,0,40,2,2,2,1,22,45,8
365413,0,1289,0,40,2,3,2,1,28,45,8
353586,0,1289,0,40,2,5,2,1,31,42,8
361626,0,1289,0,40,3,3,2,1,33,53,8
350255,0,1289,0,40,2,4,2,1,44,36,8
359196,0,1289,0,40,3,4,2,1,33,26,8
363742,0,1289,0,40,3,4,2,1,30,31,8
376938,0,1289,0,40,3,1,2,1,16,93,8
377420,0,1289,0,40,2,1,2,1,16,54,8
326022,0,1289,0,40,2,5,2,1,41,36,8
348909,0,1289,0,40,2,4,2,1,55,35,8
363551,0,1289,0,40,3,5,2,1,29,33,8
377165,0,1289,0,40,2,1,2,1,15,29,8
377988,0,1289,0,40,2,1,2,1,15,37,8
342801,0,1289,0,40,2,8,2,1,48,99,8
364578,0,1289,0,40,3,3,2,1,31,61,8
347650,0,1289,0,40,3,8,2,1,39,70,8
361120,0,1289,0,40,3,3,2,1,30,70,8
365485,0,1289,0,40,3,4,2,1,21,54,8
359945,0,1289,0,40,2,3,2,1,40,38,8
344557,0,1289,0,40,2,7,2,1,55,39,8
366688,0,1289,0,40,3,4,2,1,22,21,8
343122,0,1289,0,40,2,10,2,1,56,54,8
377091,0,1289,0,40,3,1,2,1,14,27,8
332936,2,1289,0,40,2,11,2,1,64,49,8
370288,0,1289,0,40,2,2,2,1,16,41,8
325284,0,1289,0,40,3,11,2,1,82,65,8
369091,0,1289,0,40,2,3,2,1,23,41,8
325794,0,1289,0,40,3,11,2,1,47,25,8
343475,0,1289,0,40,3,9,2,1,49,56,8
369610,1,1289,1272,40,2,2,2,1,22,55,8
323120,0,1289,0,40,2,14,2,1,95,62,8
326847,0,1289,0,40,3,7,2,1,79,39,8
364426,0,1289,0,40,2,4,2,1,31,29,8
377999,0,1289,0,40,3,1,2,1,13,35,8
378917,0,1289,0,40,2,1,2,1,13,34,8
379115,1,1289,1276,20.7358,3,1,2,1,13,76,8
351816,0,1289,0,40,3,5,2,1,45,59,8
344361,0,1289,0,40,2,6,2,1,50,41,8
336175,0,1289,0,40,2,6,2,1,76,22,8
371332,0,1289,0,40,3,1,2,1,26,37,8
357431,0,1289,0,40,3,3,2,1,39,59,8
373152,0,1289,0,40,3,1,2,1,23,64,8
345769,0,1289,0,40,2,8,2,1,51,38,8
374295,0,1289,0,40,2,1,2,1,22,39,8
321843,0,1289,0,40,2,10,2,1,70,21,8
307716,0,1289,0,40,3,12,2,1,93,29,8
358414,0,1289,0,40,2,4,2,1,33,30,8
375344,0,1289,0,40,2,1,2,1,20,46,8
367837,0,1289,0,40,2,2,2,1,22,40,8
364646,0,1289,0,40,3,2,2,1,34,53,8
376613,0,1289,0,40,3,1,2,1,18,33,8
376863,0,1289,0,40,3,1,2,1,18,67,8
362298,0,1289,0,40,3,4,2,1,33,32,8
377460,0,1289,0,40,2,1,2,1,17,20,8
365438,0,1289,0,40,3,2,2,1,35,39,8
372968,0,1289,0,40,3,2,2,1,22,25,8
356668,0,1289,0,40,2,4,2,1,43,53,8
377622,0,1289,0,40,2,1,2,1,16,26,8
377678,0,1289,0,40,3,1,2,1,16,37,8
377800,0,1289,0,40,2,1,2,1,16,46,8
356665,0,1289,0,40,3,5,2,1,36,21,8
338602,0,1289,0,40,2,8,2,1,64,31,8
367889,0,1289,0,40,3,4,2,1,20,31,8
360260,0,1289,0,40,3,4,2,1,33,36,8
362320,0,1289,0,40,2,4,2,1,29,64,8
376468,0,1289,0,40,2,1,2,1,15,40,8
361434,0,1289,0,40,3,4,2,1,34,49,8
366823,0,1289,0,40,3,4,2,1,23,11,8
331193,0,1289,0,40,3,11,2,1,83,31,8
358514,0,1289,0,40,3,4,2,1,42,61,8
357049,0,1289,0,40,3,6,2,1,39,18,8
334289,1,1289,1273,40,2,10,2,1,70,40,8
335580,0,1289,0,40,3,9,2,1,77,51,8
332245,0,1289,0,40,2,10,2,1,90,42,8
361266,0,1289,0,40,2,4,2,1,26,98,8
356585,0,1289,0,40,3,6,2,1,34,108,8
367238,0,1289,0,40,2,3,2,1,20,58,8
359757,1,1289,1249,40,3,6,2,1,33,64,8
356265,0,1289,0,40,2,5,2,1,31,49,8
344428,0,1289,0,40,3,8,2,1,56,13,8
362739,0,1289,0,40,3,3,2,1,35,18,8
366540,0,1289,0,40,3,2,2,1,28,33,8
361934,0,1289,0,40,2,3,2,1,36,34,8
347184,0,1289,0,40,2,6,2,1,55,45,8
345075,0,1289,0,40,3,5,2,1,59,105,8
370840,0,1289,0,40,3,2,2,1,26,49,8
351247,0,1289,0,40,3,4,2,1,49,52,8
336212,0,1289,0,40,3,11,2,1,65,37,8
376317,0,1289,0,40,2,1,2,1,20,40,8
371220,0,1289,0,40,3,2,2,1,19,53,8
334911,0,1289,0,40,2,9,2,1,81,29,8
362473,0,1289,0,40,3,3,2,1,29,37,8
371426,0,1289,0,40,2,2,2,1,20,55,8
377109,0,1289,0,40,2,1,2,1,17,27,8
332702,0,1289,0,40,2,11,2,1,79,39,8
332499,0,1289,0,40,2,9,2,1,92,24,8
356902,0,1289,0,40,2,5,2,1,31,45,8
378482,0,1289,0,40,3,1,2,1,16,23,8
346840,0,1289,0,40,2,5,2,1,50,105,8
353406,0,1289,0,40,3,6,2,1,49,19,8
377599,0,1289,0,40,3,1,2,1,15,41,8
359516,0,1289,0,40,3,3,2,1,36,29,8
335298,0,1289,0,40,2,10,2,1,66,62,8
361228,1,1289,1249,40,3,5,2,1,33,37,8
330795,0,1289,0,40,2,13,2,1,78,73,8
327250,0,1289,0,40,3,12,2,1,91,74,8
354995,0,1289,0,40,2,6,2,1,42,34,8
370769,0,1289,0,40,2,4,2,1,24,34,8
357274,0,1289,0,40,2,4,2,1,42,44,8
379316,0,1289,0,40,3,1,2,1,15,130,8
366764,0,1289,0,40,2,4,2,1,25,37,8
357778,1,1289,1279,39.6088,2,6,2,1,29,27,8
361337,0,1289,0,40,3,7,2,1,30,55,8
358406,0,1289,0,40,2,6,2,1,35,52,8
377699,0,1289,0,40,3,0,2,1,12,50,8
378213,0,1289,0,40,2,0,2,1,12,41,8
378405,0,1289,0,40,2,0,2,1,12,42,8
378724,0,1289,0,40,2,0,2,1,12,40,8
378900,0,1289,0,40,2,0,2,1,12,81,8
379068,0,1289,0,40,2,0,2,1,12,32,8
379367,0,1289,0,40,2,0,2,1,12,33,8
379415,0,1289,0,40,2,0,2,1,12,32,8
379663,0,1289,0,40,3,0,2,1,12,14,8
379743,0,1289,0,40,2,0,2,1,12,102,8
379811,0,1289,0,40,3,0,2,1,12,42,8
379827,0,1289,0,40,3,0,2,1,12,34,8
379891,0,1289,0,40,2,0,2,1,12,31,8
379899,0,1289,0,40,3,0,2,1,12,55,8
379939,0,1289,0,40,3,0,2,1,12,43,8
380027,0,1289,0,40,3,0,2,1,12,55,8
380147,0,1289,0,40,3,0,2,1,12,49,8
380163,0,1289,0,40,2,0,2,1,12,43,8
380187,0,1289,0,40,3,0,2,1,12,35,8
380227,0,1289,0,40,3,0,2,1,12,29,8
380275,0,1289,0,40,3,0,2,1,12,30,8
380331,0,1289,0,40,2,0,2,1,12,40,8
380387,0,1289,0,40,3,0,2,1,12,32,8
380415,0,1289,0,40,3,0,2,1,12,41,8
380451,0,1289,0,40,2,0,2,1,12,52,8
380507,0,1289,0,40,3,0,2,1,12,61,8
380571,0,1289,0,40,2,0,2,1,12,74,8
380587,0,1289,0,40,3,0,2,1,12,56,8
380651,0,1289,0,40,2,0,2,1,12,48,8
380667,0,1289,0,40,2,0,2,1,12,51,8
380695,0,1289,0,40,3,0,2,1,12,71,8
380707,0,1289,0,40,2,0,2,1,12,15,8
380711,0,1289,0,40,2,0,2,1,12,46,8
380727,0,1289,0,40,3,0,2,1,12,78,8
380767,0,1289,0,40,3,0,2,1,12,27,8
380779,0,1289,0,40,3,0,2,1,12,70,8
380783,0,1289,0,40,2,0,2,1,12,34,8
380787,0,1289,0,40,3,0,2,1,12,60,8
380839,0,1289,0,40,2,0,2,1,12,25,8
380843,0,1289,0,40,3,0,2,1,12,34,8
380883,0,1289,0,40,3,0,2,1,12,65,8
380903,0,1289,0,40,2,0,2,1,12,27,8
380907,0,1289,0,40,2,0,2,1,12,31,8
380911,0,1289,0,40,3,0,2,1,12,52,8
380934,0,1289,0,40,3,0,2,1,12,18,8
380938,0,1289,0,40,2,0,2,1,12,82,8
380954,0,1289,0,40,2,0,2,1,12,80,8
380972,0,1289,0,40,3,0,2,1,12,39,8
380988,0,1289,0,40,2,0,2,1,12,31,8
380994,0,1289,0,40,3,0,2,1,12,25,8
381022,0,1289,0,40,2,0,2,1,12,65,8
381048,0,1289,0,40,3,0,2,1,12,37,8
381080,0,1289,0,40,2,0,2,1,12,59,8
381082,0,1289,0,40,3,0,2,1,12,53,8
381084,0,1289,0,40,3,0,2,1,12,13,8
381124,0,1289,0,40,2,0,2,1,12,29,8
381146,0,1289,0,40,3,0,2,1,12,42,8
381154,0,1289,0,40,2,0,2,1,12,49,8
381180,0,1289,0,40,2,0,2,1,12,54,8
381182,0,1289,0,40,3,0,2,1,12,24,8
381186,0,1289,0,40,3,0,2,1,12,45,8
381190,0,1289,0,40,2,0,2,1,12,61,8
381198,0,1289,0,40,2,0,2,1,12,25,8
381208,0,1289,0,40,3,0,2,1,12,53,8
381214,0,1289,0,40,3,0,2,1,12,30,8
381232,0,1289,0,40,2,0,2,1,12,8,8
381236,0,1289,0,40,3,0,2,1,12,33,8
381252,0,1289,0,40,2,0,2,1,12,85,8
381266,0,1289,0,40,3,0,2,1,12,104,8
381284,0,1289,0,40,2,0,2,1,12,32,8
381312,0,1289,0,40,3,0,2,1,12,51,8
381324,0,1289,0,40,2,0,2,1,12,27,8
381326,0,1289,0,40,2,0,2,1,12,17,8
381348,0,1289,0,40,3,0,2,1,12,17,8
381356,0,1289,0,40,2,0,2,1,12,33,8
381358,0,1289,0,40,2,0,2,1,12,46,8
381376,0,1289,0,40,2,0,2,1,12,58,8
381392,0,1289,0,40,2,0,2,1,12,45,8
381410,0,1289,0,40,3,0,2,1,12,64,8
381434,0,1289,0,40,2,0,2,1,12,31,8
381440,0,1289,0,40,3,0,2,1,12,61,8
381450,0,1289,0,40,3,0,2,1,12,85,8
381452,0,1289,0,40,2,0,2,1,12,77,8
381464,0,1289,0,40,3,0,2,1,12,45,8
381466,0,1289,0,40,2,0,2,1,12,47,8
365245,0,1289,0,40,2,2,2,1,23,74,8
337353,0,1289,0,40,3,7,2,1,64,34,8
371091,0,1289,0,40,3,1,2,1,17,33,8
350268,0,1289,0,40,2,4,2,1,41,98,8
355394,0,1289,0,40,3,2,2,1,36,23,8
340096,0,1289,0,40,3,7,2,1,50,35,8
329389,0,1289,0,40,3,2,2,1,37,31,8
371763,0,1289,0,40,3,1,2,1,15,54,8
370399,0,1289,0,40,3,2,2,1,18,32,8
371009,0,1289,0,40,2,2,2,1,16,58,8
320581,0,1289,0,40,2,10,2,1,74,53,8
353333,0,1289,0,40,3,3,2,1,43,33,8
358423,0,1289,0,40,2,3,2,1,33,79,8
341940,0,1289,0,40,3,8,2,1,57,57,8
344381,0,1289,0,40,3,7,2,1,51,36,8
353949,0,1289,0,40,2,5,2,1,37,56,8
332821,0,1289,0,40,3,12,2,1,65,51,8
319298,0,1289,0,40,3,13,2,1,94,17,8
354883,0,1289,0,40,2,5,2,1,34,42,8
373898,0,1289,0,40,2,1,2,1,13,35,8
375554,0,1289,0,40,2,1,2,1,12,40,8
359694,0,1289,0,40,3,2,2,1,36,52,8
356133,0,1289,0,40,3,2,2,1,44,31,8
345209,0,1289,0,40,3,5,2,1,46,44,8
328236,0,1289,0,40,3,3,2,1,42,51,8
343118,0,1289,0,40,3,8,2,1,37,41,8
346228,0,1289,0,40,2,6,2,1,47,26,8
373769,0,1289,0,40,3,1,2,1,16,40,8
331393,0,1289,0,40,3,10,2,1,79,88,8
323826,0,1289,0,40,3,4,2,1,58,59,8
366892,0,1289,0,40,3,3,2,1,27,52,8
354615,0,1289,0,40,3,5,2,1,28,29,8
327464,0,1289,0,40,2,4,2,1,54,28,8
353220,0,1289,0,40,2,3,2,1,48,21,8
342156,0,1289,0,40,2,8,2,1,46,59,8
333835,1,1289,1241,40,2,7,2,1,86,48,8
344210,0,1289,0,40,2,6,2,1,52,32,8
346796,0,1289,0,40,2,7,2,1,45,71,8
367906,0,1289,0,40,3,2,2,1,24,23,8
351580,0,1289,0,40,2,4,2,1,46,28,8
328179,0,1289,0,40,2,10,2,1,36,15,8
334747,0,1289,0,40,2,10,2,1,65,25,8
349785,0,1289,0,40,3,6,2,1,43,32,8
333894,0,1289,0,40,2,10,2,1,78,81,8
375837,0,1289,0,40,2,1,2,1,13,29,8
327972,0,1289,0,40,3,7,2,1,43,94,8
372955,0,1289,0,40,3,2,2,1,14,28,8
371122,0,1289,0,40,2,2,2,1,13,43,8
355706,0,1289,0,40,3,2,2,1,38,14,8
350287,0,1289,0,40,3,6,2,1,46,38,8
350620,0,1289,0,40,3,4,2,1,52,74,8
366893,0,1289,0,40,3,2,2,1,24,41,8
323888,0,1289,0,40,2,7,2,1,64,67,8
369501,0,1289,0,40,2,2,2,1,20,38,8
372952,0,1289,0,40,2,1,2,1,18,22,8
356172,0,1289,0,40,2,6,2,1,34,42,8
374898,0,1289,0,40,3,1,2,1,16,61,8
353995,1,1289,1273,40,2,5,2,1,35,52,8
345387,0,1289,0,40,2,9,2,1,47,19,8
365086,0,1289,0,40,2,4,2,1,24,103,8
365133,0,1289,0,40,2,3,2,1,23,46,8
373642,0,1289,0,40,2,2,2,1,15,39,8
375919,0,1289,0,40,3,1,2,1,14,43,8
342084,0,1289,0,40,3,8,2,1,38,83,8
344452,0,1289,0,40,3,5,2,1,52,22,8
355337,1,1289,1262,40,2,6,2,1,39,16,8
373658,0,1289,0,40,3,2,2,1,14,65,8
351577,0,1289,0,40,2,7,2,1,38,26,8
342446,0,1289,0,40,2,6,2,1,57,65,8
357026,0,1289,0,40,2,5,2,1,28,60,8
369974,0,1289,0,40,2,2,2,1,20,48,8
374541,0,1289,0,40,3,2,2,1,14,45,8
375167,0,1289,0,40,3,1,2,1,12,27,8
376292,0,1289,0,40,2,1,2,1,12,9,8
376690,0,1289,0,40,3,1,2,1,12,44,8
330884,0,1289,0,40,3,9,2,1,88,55,8
338621,0,1289,0,40,3,10,2,1,61,43,8
369148,0,1289,0,40,3,1,2,1,27,55,8
348986,1,1289,1260,40,3,6,2,1,50,46,8
353719,0,1289,0,40,2,4,2,1,42,32,8
344200,0,1289,0,40,3,8,2,1,54,25,8
364376,0,1289,0,40,2,2,2,1,28,33,8
361178,0,1289,0,40,3,3,2,1,34,33,8
372728,0,1289,0,40,3,1,2,1,21,45,8
339381,0,1289,0,40,2,7,2,1,61,24,8
257488,0,1289,0,40,2,20,2,1,155,24,8
326144,0,1289,0,40,2,4,2,1,35,50,8
368653,0,1289,0,40,2,2,2,1,23,50,8
355473,0,1289,0,40,3,4,2,1,40,34,8
344988,0,1289,0,40,3,7,2,1,55,60,8
373002,0,1289,0,40,3,1,2,1,17,72,8
361471,0,1289,0,40,3,3,2,1,23,69,8
363234,0,1289,0,40,3,3,2,1,32,29,8
369192,0,1289,0,40,3,2,2,1,25,58,8
363891,0,1289,0,40,2,3,2,1,23,34,8
348134,0,1289,0,40,3,6,2,1,46,30,8
349276,0,1289,0,40,2,7,2,1,41,47,8
374056,0,1289,0,40,2,1,2,1,15,39,8
376261,0,1289,0,40,3,1,2,1,15,30,8
358193,0,1289,0,40,2,4,2,1,30,47,8
364112,0,1289,0,40,2,3,2,1,30,75,8
376397,0,1289,0,40,3,1,2,1,14,40,8
367223,0,1289,0,40,2,3,2,1,18,64,8
370632,0,1289,0,40,2,2,2,1,18,51,8
364868,0,1289,0,40,2,4,2,1,30,17,8
371151,0,1289,0,40,2,2,2,1,21,90,8
341129,0,1289,0,40,3,8,2,1,59,66,8
377000,0,1289,0,40,2,1,2,1,13,23,8
377298,0,1289,0,40,2,1,2,1,13,54,8
344691,0,1289,0,40,3,5,2,1,46,68,8
365062,0,1289,0,40,2,2,2,1,29,101,8
358621,0,1289,0,40,2,4,2,1,29,35,8
345210,0,1289,0,40,3,8,2,1,39,39,8
329486,0,1289,0,40,3,10,2,1,90,57,8
374339,0,1289,0,40,2,2,2,1,15,22,8
349954,0,1289,0,40,3,7,2,1,48,68,8
359243,0,1289,0,40,2,6,2,1,26,27,8
377584,0,1289,0,40,3,1,2,1,12,38,8
342675,0,1289,0,40,3,6,2,1,57,115,8
365976,0,1289,0,40,3,1,2,1,33,58,8
333626,0,1289,0,40,2,7,2,1,72,35,8
339145,0,1289,0,40,3,6,2,1,78,34,8
366515,0,1289,0,40,3,2,2,1,31,43,8
359398,0,1289,0,40,3,3,2,1,41,77,8
324626,0,1289,0,40,2,13,2,1,74,24,8
361634,0,1289,0,40,2,3,2,1,33,50,8
369486,0,1289,0,40,2,1,2,1,24,9,8
324091,0,1289,0,40,2,8,2,1,71,48,8
361736,0,1289,0,40,2,3,2,1,29,56,8
372612,0,1289,0,40,3,1,2,1,22,56,8
326732,0,1289,0,40,3,8,2,1,46,47,8
349099,0,1289,0,40,2,5,2,1,51,30,8
373225,0,1289,0,40,2,1,2,1,21,55,8
336978,0,1289,0,40,2,7,2,1,70,17,8
363260,0,1289,0,40,2,4,2,1,23,82,8
366906,0,1289,0,40,2,3,2,1,27,58,8
374235,0,1289,0,40,3,1,2,1,19,72,8
327659,0,1289,0,40,3,6,2,1,47,52,8
338592,0,1289,0,40,3,8,2,1,58,63,8
374950,0,1289,0,40,2,1,2,1,18,77,8
276267,0,1289,0,40,2,17,2,1,104,68,8
328097,0,1289,0,40,3,8,2,1,60,73,8
316615,0,1289,0,40,2,13,2,1,61,83,8
374476,0,1289,0,40,3,1,2,1,17,16,8
374699,0,1289,0,40,3,1,2,1,17,25,8
375446,0,1289,0,40,3,1,2,1,17,35,8
364486,0,1289,0,40,2,2,2,1,25,31,8
339084,0,1289,0,40,2,7,2,1,55,34,8
348780,0,1289,0,40,3,5,2,1,47,32,8
370264,0,1289,0,40,3,2,2,1,17,54,8
326809,0,1289,0,40,2,5,2,1,73,64,8
336433,0,1289,0,40,3,11,2,1,58,76,8
371645,0,1289,0,40,3,2,2,1,22,43,8
373322,0,1289,0,40,3,2,2,1,17,30,8
376013,0,1289,0,40,2,1,2,1,16,36,8
369370,0,1289,0,40,2,2,2,1,16,57,8
354700,0,1289,0,40,3,4,2,1,36,70,8
350782,0,1289,0,40,2,5,2,1,42,83,8
330733,0,1289,0,40,2,9,2,1,57,39,8
375758,0,1289,0,40,2,1,2,1,15,38,8
345687,0,1289,0,40,2,7,2,1,52,33,8
371184,0,1289,0,40,2,2,2,1,18,27,8
347449,0,1289,0,40,3,6,2,1,42,33,8
311432,0,1289,0,40,3,13,2,1,90,27,8
376366,0,1289,0,40,2,1,2,1,14,55,8
376810,0,1289,0,40,3,1,2,1,14,45,8
377038,0,1289,0,40,3,1,2,1,14,50,8
377236,0,1289,0,40,3,1,2,1,14,88,8
355789,0,1289,0,40,2,6,2,1,34,20,8
342755,0,1289,0,40,3,6,2,1,66,45,8
372993,0,1289,0,40,2,2,2,1,16,39,8
332830,0,1289,0,40,3,9,2,1,79,19,8
351418,0,1289,0,40,3,6,2,1,42,16,8
328210,0,1289,0,40,3,14,2,1,105,43,8
323664,0,1289,0,40,3,4,2,1,28,56,8
374703,0,1289,0,40,2,2,2,1,16,155,8
377974,0,1289,0,40,2,1,2,1,13,48,8
348808,1,1289,1275,40,2,7,2,1,35,54,8
358664,0,1289,0,40,3,3,2,1,31,22,8
367665,0,1289,0,40,2,2,2,1,20,41,8
342195,0,1289,0,40,3,8,2,1,54,63,8
367472,0,1289,0,40,2,2,2,1,26,38,8
357360,0,1289,0,40,2,6,2,1,22,68,8
354102,0,1289,0,40,3,5,2,1,39,70,8
305160,0,1289,0,40,3,13,2,1,91,61,8
342576,0,1289,0,40,3,10,2,1,45,69,8
378566,0,1289,0,40,2,1,2,1,12,91,8
358211,0,1289,0,40,2,3,2,1,38,39,8
349244,0,1289,0,40,2,5,2,1,47,70,8
327353,0,1289,0,40,3,6,2,1,81,13,8
344503,0,1289,0,40,2,10,2,1,52,83,8
365816,0,1289,0,40,2,2,2,1,26,19,8
370296,0,1289,0,40,2,1,2,1,24,30,8
371794,0,1289,0,40,3,1,2,1,24,71,8
328001,1,1289,1276,29.3466,3,8,2,1,47,51,8
371638,0,1289,0,40,2,1,2,1,22,46,8
357710,0,1289,0,40,3,4,2,1,29,67,8
347015,0,1289,0,40,2,4,2,1,53,26,8
347407,0,1289,0,40,3,5,2,1,57,60,8
372473,0,1289,0,40,3,1,2,1,21,25,8
349549,0,1289,0,40,2,4,2,1,52,60,8
359373,0,1289,0,40,2,2,2,1,32,69,8
354786,0,1289,0,40,2,4,2,1,32,43,8
344320,0,1289,0,40,2,6,2,1,57,52,8
365871,0,1289,0,40,3,3,2,1,26,25,8
333898,0,1289,0,40,2,9,2,1,75,39,8
341628,0,1289,0,40,2,6,2,1,63,43,8
329810,0,1289,0,40,2,15,2,1,81,48,8
336821,0,1289,0,40,3,10,2,1,64,45,8
365730,0,1289,0,40,3,3,2,1,26,59,8
352212,0,1289,0,40,3,6,2,1,42,40,8
350248,0,1289,0,40,2,6,2,1,47,55,8
375510,1,1289,1276,40,2,1,2,1,18,46,8
329919,0,1289,0,40,2,9,2,1,93,37,8
351302,0,1289,0,40,2,5,2,1,36,55,8
353241,0,1289,0,40,3,4,2,1,42,21,8
366042,0,1289,0,40,2,2,2,1,29,22,8
375433,0,1289,0,40,3,1,2,1,17,55,8
376173,0,1289,0,40,2,1,2,1,17,35,8
353847,0,1289,0,40,3,5,2,1,30,58,8
350124,0,1289,0,40,2,7,2,1,41,42,8
347404,0,1289,0,40,3,7,2,1,39,52,8
359370,0,1289,0,40,3,5,2,1,32,59,8
355275,0,1289,0,40,2,4,2,1,42,40,8
376369,0,1289,0,40,2,1,2,1,16,51,8
376943,0,1289,0,40,3,1,2,1,16,51,8
351500,0,1289,0,40,3,5,2,1,38,39,8
345624,0,1289,0,40,3,7,2,1,49,23,8
373255,0,1289,0,40,3,2,2,1,18,42,8
341014,0,1289,0,40,2,7,2,1,63,25,8
373115,0,1289,0,40,2,2,2,1,19,42,8
374291,0,1289,0,40,2,3,2,1,19,27,8
377518,0,1289,0,40,2,1,2,1,15,29,8
358903,0,1289,0,40,2,6,2,1,27,66,8
355545,1,1289,1254,40,2,5,2,1,33,46,8
376764,0,1289,0,40,3,1,2,1,14,21,8
377315,0,1289,0,40,2,1,2,1,14,38,8
377994,0,1289,0,40,2,1,2,1,14,64,8
365012,0,1289,0,40,3,3,2,1,23,56,8
367575,0,1289,0,40,2,2,2,1,23,29,8
338311,0,1289,0,40,2,13,2,1,53,43,8
334292,0,1289,0,40,3,12,2,1,57,47,8
362527,1,1289,1276,40,2,3,2,1,33,55,8
369826,0,1289,0,40,2,2,2,1,20,31,8
354599,0,1289,0,40,2,6,2,1,33,27,8
357577,0,1289,0,40,2,6,2,1,32,37,8
335655,0,1289,0,40,2,9,2,1,65,35,8
372844,0,1289,0,40,3,2,2,1,18,24,8
335305,0,1289,0,40,2,12,2,1,67,63,8
370978,0,1289,0,40,2,3,2,1,15,82,8
365725,0,1289,0,40,3,4,2,1,27,40,8
377203,0,1289,0,40,3,1,2,1,13,52,8
378286,0,1289,0,40,2,1,2,1,13,26,8
378592,0,1289,0,40,3,1,2,1,13,60,8
326888,0,1289,0,40,2,12,2,1,58,53,8
360374,0,1289,0,40,3,5,2,1,26,33,8
365903,0,1289,0,40,2,4,2,1,24,37,8
373610,0,1289,0,40,2,2,2,1,14,34,8
371213,0,1289,0,40,2,3,2,1,19,47,8
323360,0,1289,0,40,3,8,2,1,71,32,8
368397,0,1289,0,40,3,2,2,1,25,61,8
365865,0,1289,0,40,2,3,2,1,25,10,8
373634,0,1289,0,40,2,2,2,1,16,40,8
327104,0,1289,0,40,3,10,2,1,61,38,8
335409,0,1289,0,40,3,7,2,1,84,34,8
376047,0,1289,0,40,3,2,2,1,15,36,8
340613,0,1289,0,40,2,10,2,1,49,52,8
377663,0,1289,0,40,3,1,2,1,12,26,8
378247,0,1289,0,40,3,1,2,1,12,42,8
378921,0,1289,0,40,2,1,2,1,12,21,8
368382,0,1289,0,40,2,1,2,1,31,41,8
352723,0,1289,0,40,3,4,2,1,42,29,8
349728,0,1289,0,40,2,3,2,1,60,30,8
372030,0,1289,0,40,2,1,2,1,25,28,8
329008,0,1289,0,40,3,8,2,1,54,50,8
367349,0,1289,0,40,3,2,2,1,24,86,8
369795,0,1289,0,40,2,2,2,1,23,77,8
326386,0,1289,0,40,3,11,2,1,70,99,8
364408,0,1289,0,40,2,3,2,1,26,39,8
323713,0,1289,0,40,2,10,2,1,82,36,8
362128,0,1289,0,40,2,3,2,1,33,31,8
371483,0,1289,0,40,2,2,2,1,23,24,8
365554,0,1289,0,40,3,3,2,1,30,24,8
348078,0,1289,0,40,2,7,2,1,51,52,8
369886,0,1289,0,40,2,2,2,1,21,41,8
345604,0,1289,0,40,2,6,2,1,61,13,8
360384,0,1289,0,40,3,4,2,1,29,20,8
374472,0,1289,0,40,3,1,2,1,18,38,8
375595,0,1289,0,40,3,1,2,1,18,73,8
344932,0,1289,0,40,2,7,2,1,50,50,8
363593,0,1289,0,40,3,3,2,1,31,53,8
355996,0,1289,0,40,2,5,2,1,33,40,8
325031,0,1289,0,40,2,6,2,1,72,29,8
363882,0,1289,0,40,3,3,2,1,29,21,8
375171,0,1289,0,40,2,1,2,1,17,36,8
375613,0,1289,0,40,3,1,2,1,17,51,8
375625,0,1289,0,40,2,1,2,1,16,40,8
328322,0,1289,0,40,2,4,2,1,35,55,8
312416,0,1289,0,40,3,8,2,1,74,39,8
338763,0,1289,0,40,2,9,2,1,58,57,8
349240,0,1289,0,40,3,8,2,1,37,64,8
374051,0,1289,0,40,3,3,2,1,17,11,8
364335,0,1289,0,40,3,4,2,1,30,40,8
376057,0,1289,0,40,2,2,2,1,16,83,8
372502,0,1289,0,40,2,3,2,1,20,67,8
366238,0,1289,0,40,3,3,2,1,17,55,8
345203,0,1289,0,40,2,6,2,1,48,34,8
352862,0,1289,0,40,3,4,2,1,47,36,8
367995,0,1289,0,40,3,2,2,1,26,37,8
368072,0,1289,0,40,3,3,2,1,27,28,8
355428,0,1289,0,40,2,5,2,1,35,38,8
376256,0,1289,0,40,3,1,2,1,14,56,8
378648,0,1289,0,40,2,1,2,1,14,41,8
352057,0,1289,0,40,2,8,2,1,33,27,8
373144,0,1289,0,40,3,2,2,1,16,42,8
355935,1,1289,1249,40,2,7,2,1,22,38,8
374196,0,1289,0,40,3,2,2,1,14,66,8
329740,0,1289,0,40,2,14,2,1,73,68,8
371226,0,1289,0,40,2,3,2,1,19,53,8
375064,0,1289,0,40,3,2,2,1,19,22,8
378087,0,1289,0,40,3,1,2,1,13,45,8
367777,0,1289,0,40,2,2,2,1,20,29,8
365026,0,1289,0,40,3,3,2,1,28,42,8
328135,0,1289,0,40,3,8,2,1,60,43,8
367181,0,1289,0,40,3,3,2,1,22,19,8
375879,0,1289,0,40,2,2,2,1,13,66,8
375277,0,1289,0,40,2,2,2,1,14,40,8
344768,0,1289,0,40,3,8,2,1,44,68,8
340110,0,1289,0,40,3,5,2,1,68,30,8
371585,0,1289,0,40,3,3,2,1,18,36,8
360940,0,1289,0,40,3,6,2,1,36,24,8
357827,0,1289,0,40,3,5,2,1,39,36,8
379102,0,1289,0,40,2,1,2,1,12,33,8
379364,0,1289,0,40,3,1,2,1,12,46,8
379674,0,1289,0,40,2,1,2,1,12,71,8
379740,0,1289,0,40,3,1,2,1,12,41,8
342690,0,1289,0,40,2,9,2,1,57,47,8
335774,1,1289,1242,40,3,9,2,1,71,16,8
336368,0,1289,0,40,2,11,2,1,67,44,8
353621,0,1289,0,40,3,5,2,1,37,36,8
360807,0,1289,0,40,2,3,2,1,37,33,8
358645,0,1289,0,40,2,6,2,1,35,26,8
374790,0,1289,0,40,2,1,2,1,21,14,8
364709,0,1289,0,40,2,2,2,1,31,30,8
358707,0,1289,0,40,2,4,2,1,37,69,8
373672,0,1289,0,40,3,1,2,1,20,55,8
375769,0,1289,0,40,3,1,2,1,19,37,8
370073,0,1289,0,40,2,3,2,1,23,32,8
370609,0,1289,0,40,2,2,2,1,23,60,8
345594,0,1289,0,40,3,8,2,1,50,46,8
317683,0,1289,0,40,2,9,2,1,63,49,8
373542,1,1289,1278,27.3839,3,2,2,1,19,57,8
370183,0,1289,0,40,2,3,2,1,27,27,8
376617,0,1289,0,40,2,1,2,1,18,51,8
347488,0,1289,0,40,3,7,2,1,46,68,8
375242,0,1289,0,40,2,2,2,1,18,42,8
346507,0,1289,0,40,2,6,2,1,50,17,8
237338,0,1289,0,40,2,23,2,1,170,62,8
373327,0,1289,0,40,2,2,2,1,20,20,8
324011,0,1289,0,40,3,8,2,1,52,62,8
329714,0,1289,0,40,2,7,2,1,58,104,8
350536,0,1289,0,40,2,7,2,1,44,25,8
372381,0,1289,0,40,3,2,2,1,16,32,8
325282,0,1289,0,40,3,7,2,1,46,48,8
356449,0,1289,0,40,2,6,2,1,37,27,8
373850,0,1289,0,40,3,2,2,1,17,28,8
378180,0,1289,0,40,2,1,2,1,15,38,8
320380,0,1289,0,40,3,13,2,1,81,41,8
373181,0,1289,0,40,2,3,2,1,16,61,8
345476,0,1289,0,40,3,8,2,1,45,30,8
372310,0,1289,0,40,3,2,2,1,24,67,8
377975,0,1289,0,40,2,1,2,1,14,60,8
369414,0,1289,0,40,2,2,2,1,19,21,8
339585,0,1289,0,40,3,9,2,1,60,65,8
336361,0,1289,0,40,2,11,2,1,54,41,8
369664,0,1289,0,40,3,3,2,1,21,64,8
336215,0,1289,0,40,3,8,2,1,78,19,8
378782,0,1289,0,40,2,1,2,1,13,53,8
379678,0,1289,0,40,3,1,2,1,13,19,8
373183,0,1289,0,40,3,2,2,1,15,58,8
358915,0,1289,0,40,3,4,2,1,21,42,8
365158,0,1289,0,40,2,2,2,1,32,36,8
377358,0,1289,0,40,2,2,2,1,13,16,8
362358,0,1289,0,40,3,4,2,1,33,58,8
354812,0,1289,0,40,3,7,2,1,39,51,8
372313,0,1289,0,40,2,3,2,1,15,48,8
368327,0,1289,0,40,2,3,2,1,25,48,8
379008,0,1289,0,40,3,1,2,1,12,17,8
379938,0,1289,0,40,2,1,2,1,12,71,8
380120,0,1289,0,40,2,1,2,1,12,40,8
323974,0,1289,0,40,3,9,2,1,75,21,8
360280,0,1289,0,40,3,4,2,1,33,84,8
329374,0,1289,0,40,3,10,2,1,94,40,8
366301,0,1289,0,40,2,3,2,1,31,59,8
352655,0,1289,0,40,3,6,2,1,40,37,8
359205,0,1289,0,40,3,5,2,1,29,20,8
326242,0,1289,0,40,2,5,2,1,50,34,8
364672,0,1289,0,40,3,2,2,1,34,46,8
372842,0,1289,0,40,3,2,2,1,20,97,8
360693,0,1289,0,40,3,5,2,1,26,37,8
360706,0,1289,0,40,3,3,2,1,32,101,8
378463,0,1289,0,40,2,1,2,1,15,44,8
379107,0,1289,0,40,2,1,2,1,15,56,8
318131,0,1289,0,40,3,11,2,1,99,17,8
353827,0,1289,0,40,3,4,2,1,45,32,8
326677,0,1289,0,40,3,10,2,1,38,68,8
354087,0,1289,0,40,3,5,2,1,38,97,8
372531,0,1289,0,40,3,3,2,1,19,45,8
343890,0,1289,0,40,3,7,2,1,61,40,8
379368,1,1289,1279,27.0384,3,1,2,1,14,11,8
356696,0,1289,0,40,2,5,2,1,29,23,8
352773,0,1289,0,40,3,6,2,1,36,76,8
363838,0,1289,0,40,2,4,2,1,24,74,8
347763,0,1289,0,40,3,4,2,1,59,27,8
366395,0,1289,0,40,3,3,2,1,31,31,8
380157,0,1289,0,40,3,1,2,1,12,46,8
380634,0,1289,0,40,2,1,2,1,12,105,8
376961,0,1289,0,40,3,1,2,1,18,44,8
370965,0,1289,0,40,3,3,2,1,20,38,8
327317,0,1289,0,40,3,4,2,1,29,55,8
363858,0,1289,0,40,2,2,2,1,36,40,8
368491,0,1289,0,40,3,2,2,1,31,60,8
371610,0,1289,0,40,3,2,2,1,23,42,8
380950,0,1289,0,40,3,1,2,1,12,53,8
378437,0,1289,0,40,2,0,2,1,11,63,8
379295,0,1289,0,40,2,0,2,1,11,82,8
379703,0,1289,0,40,2,0,2,1,11,38,8
379959,0,1289,0,40,2,0,2,1,11,15,8
380007,0,1289,0,40,2,0,2,1,11,42,8
380071,0,1289,0,40,3,0,2,1,11,35,8
380183,0,1289,0,40,2,0,2,1,11,29,8
380393,0,1289,0,40,3,0,2,1,11,43,8
380417,0,1289,0,40,3,0,2,1,11,45,8
380425,0,1289,0,40,3,0,2,1,11,74,8
380465,0,1289,0,40,3,0,2,1,11,55,8
380513,0,1289,0,40,3,0,2,1,11,40,8
380569,0,1289,0,40,3,0,2,1,11,75,8
380609,0,1289,0,40,2,0,2,1,11,46,8
380681,0,1289,0,40,2,0,2,1,11,48,8
380769,0,1289,0,40,2,0,2,1,11,37,8
380785,0,1289,0,40,3,0,2,1,11,42,8
380841,0,1289,0,40,2,0,2,1,11,35,8
380881,0,1289,0,40,3,0,2,1,11,71,8
380941,0,1289,0,40,2,0,2,1,11,72,8
380953,0,1289,0,40,3,0,2,1,11,44,8
380997,0,1289,0,40,3,0,2,1,11,33,8
381025,0,1289,0,40,3,0,2,1,11,32,8
381037,0,1289,0,40,3,0,2,1,11,36,8
381053,0,1289,0,40,2,0,2,1,11,21,8
381097,0,1289,0,40,2,0,2,1,11,52,8
381105,0,1289,0,40,3,0,2,1,11,13,8
381137,0,1289,0,40,2,0,2,1,11,52,8
381169,0,1289,0,40,2,0,2,1,11,51,8
381189,0,1289,0,40,3,0,2,1,11,80,8
381205,0,1289,0,40,2,0,2,1,11,28,8
381217,0,1289,0,40,2,0,2,1,11,48,8
381237,0,1289,0,40,2,0,2,1,11,28,8
381245,0,1289,0,40,2,0,2,1,11,26,8
381257,0,1289,0,40,2,0,2,1,11,29,8
381265,0,1289,0,40,3,0,2,1,11,20,8
381301,0,1289,0,40,2,0,2,1,11,52,8
381305,0,1289,0,40,3,0,2,1,11,55,8
381345,0,1289,0,40,3,0,2,1,11,35,8
381373,0,1289,0,40,3,0,2,1,11,32,8
381405,0,1289,0,40,2,0,2,1,11,138,8
381417,0,1289,0,40,3,0,2,1,11,41,8
381429,0,1289,0,40,3,0,2,1,11,35,8
381433,0,1289,0,40,3,0,2,1,11,17,8
381461,0,1289,0,40,3,0,2,1,11,14,8
381465,0,1289,0,40,2,0,2,1,11,59,8
381495,0,1289,0,40,2,0,2,1,11,31,8
381503,0,1289,0,40,2,0,2,1,11,56,8
381511,0,1289,0,40,3,0,2,1,11,24,8
381523,0,1289,0,40,2,0,2,1,11,63,8
381543,0,1289,0,40,2,0,2,1,11,10,8
381547,0,1289,0,40,3,0,2,1,11,60,8
381561,0,1289,0,40,3,0,2,1,11,74,8
381571,0,1289,0,40,3,0,2,1,11,41,8
381595,0,1289,0,40,2,0,2,1,11,24,8
381607,0,1289,0,40,3,0,2,1,11,64,8
381611,0,1289,0,40,2,0,2,1,11,23,8
381629,0,1289,0,40,2,0,2,1,11,33,8
381635,0,1289,0,40,3,0,2,1,11,36,8
381649,0,1289,0,40,2,0,2,1,11,38,8
381683,0,1289,0,40,2,0,2,1,11,49,8
381697,0,1289,0,40,3,0,2,1,11,32,8
381717,0,1289,0,40,2,0,2,1,11,22,8
381723,0,1289,0,40,2,0,2,1,11,41,8
381731,0,1289,0,40,2,0,2,1,11,24,8
381741,0,1289,0,40,3,0,2,1,11,86,8
381749,0,1289,0,40,2,0,2,1,11,24,8
381755,0,1289,0,40,2,0,2,1,11,49,8
381761,0,1289,0,40,3,0,2,1,11,36,8
381785,0,1289,0,40,3,0,2,1,11,68,8
381815,0,1289,0,40,3,0,2,1,11,28,8
381835,0,1289,0,40,3,0,2,1,11,45,8
381849,0,1289,0,40,3,0,2,1,11,47,8
381857,0,1289,0,40,3,0,2,1,11,83,8
381859,0,1289,0,40,2,0,2,1,11,29,8
381861,0,1289,0,40,3,0,2,1,11,39,8
381867,0,1289,0,40,3,0,2,1,11,51,8
381879,0,1289,0,40,2,0,2,1,11,64,8
381917,0,1289,0,40,3,0,2,1,11,58,8
381923,0,1289,0,40,2,0,2,1,11,51,8
381949,0,1289,0,40,2,0,2,1,11,56,8
381971,0,1289,0,40,3,0,2,1,11,22,8
381981,0,1289,0,40,3,0,2,1,11,38,8
381999,0,1289,0,40,3,0,2,1,11,49,8
382017,0,1289,0,40,2,0,2,1,11,48,8
382025,0,1289,0,40,3,0,2,1,11,81,8
382037,0,1289,0,40,2,0,2,1,11,63,8
382065,0,1289,0,40,2,0,2,1,11,59,8
382069,0,1289,0,40,3,0,2,1,11,99,8
382079,0,1289,0,40,3,0,2,1,11,13,8
382087,0,1289,0,40,3,0,2,1,11,44,8
337393,0,1289,0,40,2,8,2,1,60,38,8
323734,0,1289,0,40,3,5,2,1,56,23,8
372132,0,1289,0,40,3,1,2,1,16,29,8
363426,0,1289,0,40,3,1,2,1,30,34,8
371901,0,1289,0,40,3,1,2,1,16,41,8
374487,0,1289,0,40,3,1,2,1,13,62,8
347665,1,1289,1224,40,3,7,2,1,38,29,8
352424,0,1289,0,40,3,5,2,1,43,39,8
351503,0,1289,0,40,2,5,2,1,33,69,8
315450,0,1289,0,40,3,10,2,1,83,40,8
347300,0,1289,0,40,3,5,2,1,45,45,8
372367,0,1289,0,40,2,1,2,1,16,51,8
349129,0,1289,0,40,3,6,2,1,36,86,8
375127,0,1289,0,40,3,1,2,1,12,30,8
328978,2,1289,0,40,2,5,2,1,49,89,8
355142,0,1289,0,40,3,4,2,1,38,55,8
347222,0,1289,0,40,2,5,2,1,46,34,8
344794,0,1289,0,40,2,5,2,1,55,28,8
357610,0,1289,0,40,3,3,2,1,30,14,8
372765,0,1289,0,40,3,1,2,1,16,25,8
348397,0,1289,0,40,2,6,2,1,40,45,8
371962,0,1289,0,40,2,2,2,1,16,58,8
355999,0,1289,0,40,2,4,2,1,40,19,8
368484,0,1289,0,40,2,3,2,1,20,54,8
376093,0,1289,0,40,3,1,2,1,12,22,8
354663,0,1289,0,40,2,4,2,1,34,55,8
334978,0,1289,0,40,3,9,2,1,60,44,8
376747,0,1289,0,40,2,1,2,1,11,53,8
342138,0,1289,0,40,2,5,2,1,64,38,8
324340,0,1289,0,40,3,7,2,1,62,32,8
340073,0,1289,0,40,3,7,2,1,64,57,8
368396,0,1289,0,40,2,2,2,1,24,35,8
343210,0,1289,0,40,3,8,2,1,38,51,8
336066,0,1289,0,40,3,11,2,1,61,41,8
372655,0,1289,0,40,3,1,2,1,18,59,8
311529,0,1289,0,40,2,13,2,1,78,43,8
368405,0,1289,0,40,3,2,2,1,17,63,8
362604,0,1289,0,40,2,3,2,1,26,38,8
351698,1,1289,1273,29.6341,3,6,2,1,35,16,8
362270,0,1289,0,40,2,4,2,1,22,37,8
305716,0,1289,0,40,2,10,2,1,92,29,8
325974,0,1289,0,40,3,7,2,1,41,19,8
364279,1,1289,1260,40,3,4,2,1,20,32,8
359990,0,1289,0,40,3,4,2,1,26,27,8
358619,0,1289,0,40,3,5,2,1,27,85,8
375615,0,1289,0,40,2,1,2,1,13,38,8
341927,0,1289,0,40,2,6,2,1,51,58,8
325918,0,1289,0,40,2,7,2,1,61,59,8
353668,0,1289,0,40,2,5,2,1,36,65,8
370230,0,1289,0,40,2,3,2,1,15,32,8
359514,0,1289,0,40,2,6,2,1,29,44,8
371317,0,1289,0,40,2,2,2,1,15,76,8
343960,0,1289,0,40,2,8,2,1,44,78,8
366998,0,1289,0,40,3,3,2,1,23,47,8
368071,0,1289,0,40,2,2,2,1,24,49,8
339128,0,1289,0,40,2,7,2,1,57,35,8
377488,0,1289,0,40,2,1,2,1,11,58,8
365164,0,1289,0,40,3,1,2,1,33,39,8
360231,0,1289,0,40,3,2,2,1,35,38,8
369713,0,1289,0,40,3,1,2,1,25,84,8
355096,0,1289,0,40,2,5,2,1,35,14,8
348122,0,1289,0,40,3,7,2,1,41,47,8
362749,0,1289,0,40,2,2,2,1,27,70,8
372455,0,1289,0,40,3,1,2,1,19,35,8
351023,0,1289,0,40,3,4,2,1,46,42,8
355055,0,1289,0,40,3,6,2,1,30,32,8
373551,0,1289,0,40,2,1,2,1,18,38,8
373863,0,1289,0,40,3,1,2,1,18,31,8
367242,0,1289,0,40,2,2,2,1,22,41,8
330912,0,1289,0,40,3,14,2,1,69,28,8
355720,0,1289,0,40,3,5,2,1,28,79,8
359383,0,1289,0,40,3,3,2,1,31,49,8
372439,0,1289,0,40,2,2,2,1,18,19,8
351967,0,1289,0,40,2,5,2,1,36,23,8
366569,0,1289,0,40,3,3,2,1,20,70,8
366534,0,1289,0,40,3,2,2,1,27,117,8
375624,0,1289,0,40,3,1,2,1,15,54,8
326772,0,1289,0,40,2,9,2,1,60,62,8
302506,0,1289,0,40,2,13,2,1,77,38,8
338187,0,1289,0,40,3,9,2,1,66,34,8
331469,0,1289,0,40,2,13,2,1,71,37,8
343875,0,1289,0,40,3,6,2,1,49,52,8
373680,0,1289,0,40,2,1,2,1,14,30,8
347179,0,1289,0,40,3,8,2,1,38,33,8
362925,0,1289,0,40,2,4,2,1,24,50,8
359649,1,1289,1267,40,3,6,2,1,22,165,8
376423,0,1289,0,40,2,1,2,1,13,64,8
359184,0,1289,0,40,3,4,2,1,32,20,8
364261,0,1289,0,40,3,3,2,1,25,49,8
339682,0,1289,0,40,3,7,2,1,55,63,8
369448,0,1289,0,40,3,2,2,1,21,21,8
374708,0,1289,0,40,2,2,2,1,14,60,8
377450,0,1289,0,40,3,1,2,1,12,70,8
362745,0,1289,0,40,3,3,2,1,20,24,8
370761,0,1289,0,40,3,3,2,1,13,68,8
369559,0,1289,0,40,2,2,2,1,21,83,8
374706,0,1289,0,40,2,2,2,1,12,48,8
374700,0,1289,0,40,2,2,2,1,14,26,8
374122,0,1289,0,40,3,2,2,1,15,48,8
377878,0,1289,0,40,3,1,2,1,11,28,8
348414,0,1289,0,40,2,6,2,1,48,74,8
362616,0,1289,0,40,2,3,2,1,33,23,8
348725,0,1289,0,40,2,5,2,1,44,36,8
368392,0,1289,0,40,2,1,2,1,28,68,8
347977,0,1289,0,40,2,5,2,1,52,79,8
354359,0,1289,0,40,2,5,2,1,37,56,8
361342,0,1289,0,40,2,3,2,1,29,41,8
358173,0,1289,0,40,3,3,2,1,40,55,8
370744,0,1289,0,40,3,1,2,1,23,75,8
359415,0,1289,0,40,3,2,2,1,39,24,8
372222,0,1289,0,40,2,1,2,1,22,39,8
366963,0,1289,0,40,2,2,2,1,23,38,8
355190,0,1289,0,40,3,3,2,1,41,10,8
339844,0,1289,0,40,2,6,2,1,59,28,8
372487,0,1289,0,40,3,1,2,1,20,73,8
294977,0,1289,0,40,3,20,2,1,127,25,8
344708,0,1289,0,40,3,7,2,1,54,52,8
358908,0,1289,0,40,3,2,2,1,46,54,8
357078,0,1289,0,40,3,5,2,1,32,31,8
373270,0,1289,0,40,2,1,2,1,18,45,8
374185,0,1289,0,40,2,1,2,1,18,102,8
354077,0,1289,0,40,2,4,2,1,42,34,8
371725,0,1289,0,40,2,2,2,1,18,27,8
329597,0,1289,0,40,3,5,2,1,43,52,8
374434,0,1289,0,40,3,1,2,1,17,22,8
349186,0,1289,0,40,2,5,2,1,46,40,8
362593,0,1289,0,40,3,3,2,1,29,43,8
328509,0,1289,0,40,3,6,2,1,42,50,8
372183,0,1289,0,40,2,1,2,1,16,21,8
374871,0,1289,0,40,2,1,2,1,16,8,8
347592,0,1289,0,40,2,5,2,1,41,51,8
369123,0,1289,0,40,3,2,2,1,19,45,8
331363,0,1289,0,40,2,11,2,1,74,40,8
364620,0,1289,0,40,2,4,2,1,27,52,8
376069,0,1289,0,40,2,1,2,1,15,27,8
328337,0,1289,0,40,2,7,2,1,67,53,8
365016,0,1289,0,40,3,5,2,1,24,28,8
366252,0,1289,0,40,2,2,2,1,23,43,8
339283,0,1289,0,40,3,8,2,1,64,54,8
376106,0,1289,0,40,3,1,2,1,14,78,8
376371,0,1289,0,40,3,1,2,1,14,38,8
368096,0,1289,0,40,3,3,2,1,22,50,8
364297,0,1289,0,40,3,3,2,1,29,64,8
362601,0,1289,0,40,3,4,2,1,25,110,8
369029,0,1289,0,40,3,2,2,1,20,24,8
343315,0,1289,0,40,2,9,2,1,52,41,8
370603,0,1289,0,40,3,3,2,1,20,50,8
370251,0,1289,0,40,2,3,2,1,20,33,8
376204,0,1289,0,40,2,1,2,1,13,37,8
376842,0,1289,0,40,3,1,2,1,13,47,8
366767,0,1289,0,40,2,2,2,1,21,60,8
347376,1,1289,1250,40,3,8,2,1,32,46,8
373067,0,1289,0,40,3,2,2,1,14,12,8
330316,0,1289,0,40,3,12,2,1,63,28,8
360677,0,1289,0,40,2,3,2,1,28,33,8
363388,0,1289,0,40,2,3,2,1,30,61,8
355697,0,1289,0,40,2,5,2,1,32,41,8
340563,0,1289,0,40,2,9,2,1,52,50,8
344096,0,1289,0,40,2,7,2,1,54,79,8
356397,0,1289,0,40,2,6,2,1,31,33,8
333658,0,1289,0,40,3,13,2,1,62,43,8
377798,0,1289,0,40,3,1,2,1,12,34,8
330985,0,1289,0,40,3,10,2,1,82,33,8
347125,0,1289,0,40,2,7,2,1,32,80,8
361522,0,1289,0,40,2,3,2,1,27,50,8
368887,0,1289,0,40,3,3,2,1,16,31,8
344110,0,1289,0,40,2,9,2,1,37,46,8
368948,0,1289,0,40,3,3,2,1,16,23,8
352483,0,1289,0,40,3,4,2,1,45,81,8
317592,0,1289,0,40,2,9,2,1,66,53,8
339640,0,1289,0,40,2,9,2,1,58,24,8
364807,0,1289,0,40,3,4,2,1,24,20,8
351545,0,1289,0,40,3,6,2,1,45,46,8
375676,0,1289,0,40,2,2,2,1,14,45,8
377521,0,1289,0,40,3,1,2,1,11,77,8
378416,0,1289,0,40,3,1,2,1,11,57,8
378520,0,1289,0,40,2,1,2,1,11,113,8
363768,0,1289,0,40,3,2,2,1,31,62,8
368830,0,1289,0,40,2,1,2,1,28,30,8
359944,0,1289,0,40,2,2,2,1,39,75,8
348061,0,1289,0,40,3,5,2,1,59,14,8
369061,0,1289,0,40,3,1,2,1,25,52,8
370583,0,1289,0,40,3,1,2,1,25,24,8
330025,0,1289,0,40,2,7,2,1,67,24,8
335930,0,1289,0,40,3,6,2,1,76,48,8
367030,0,1289,0,40,3,3,2,1,24,30,8
347549,0,1289,0,40,2,6,2,1,49,24,8
363586,0,1289,0,40,2,3,2,1,30,34,8
372908,0,1289,0,40,3,1,2,1,20,24,8
345109,0,1289,0,40,2,9,2,1,51,30,8
360332,0,1289,0,40,2,4,2,1,34,19,8
324634,0,1289,0,40,2,10,2,1,71,50,8
367849,0,1289,0,40,2,2,2,1,25,23,8
374405,0,1289,0,40,2,1,2,1,19,20,8
354412,1,1289,1254,40,2,7,2,1,33,37,8
372017,0,1289,0,40,2,2,2,1,19,31,8
352646,0,1289,0,40,2,5,2,1,44,31,8
373548,0,1289,0,40,2,1,2,1,18,59,8
374608,0,1289,0,40,2,1,2,1,18,44,8
351527,0,1289,0,40,2,5,2,1,44,29,8
357234,0,1289,0,40,3,5,2,1,28,54,8
327571,0,1289,0,40,2,8,2,1,72,15,8
331834,0,1289,0,40,3,9,2,1,84,16,8
375432,0,1289,0,40,3,1,2,1,17,52,8
363532,0,1289,0,40,3,3,2,1,31,22,8
348634,0,1289,0,40,2,7,2,1,50,52,8
375847,0,1289,0,40,2,1,2,1,16,33,8
369071,0,1289,0,40,2,2,2,1,18,39,8
350077,0,1289,0,40,2,6,2,1,42,61,8
346643,0,1289,0,40,3,6,2,1,44,88,8
364181,0,1289,0,40,2,3,2,1,25,61,8
341830,0,1289,0,40,2,8,2,1,56,19,8
375830,0,1289,0,40,3,1,2,1,15,78,8
376258,0,1289,0,40,3,1,2,1,15,26,8
376551,0,1289,0,40,2,1,2,1,15,52,8
339753,0,1289,0,40,2,8,2,1,57,65,8
369036,0,1289,0,40,2,2,2,1,21,73,8
349818,0,1289,0,40,3,4,2,1,48,43,8
372041,0,1289,0,40,3,2,2,1,18,52,8
350762,0,1289,0,40,2,7,2,1,35,6,8
283933,0,1289,0,40,2,17,2,1,111,45,8
371646,0,1289,0,40,3,2,2,1,18,43,8
374426,0,1289,0,40,3,2,2,1,16,67,8
367835,0,1289,0,40,2,3,2,1,26,25,8
376316,0,1289,0,40,3,1,2,1,14,46,8
377020,0,1289,0,40,3,1,2,1,14,35,8
377228,0,1289,0,40,3,1,2,1,14,159,8
377352,0,1289,0,40,3,1,2,1,14,24,8
377510,0,1289,0,40,3,1,2,1,14,38,8
343541,0,1289,0,40,2,6,2,1,60,54,8
308177,0,1289,0,40,3,16,2,1,71,43,8
370554,0,1289,0,40,2,2,2,1,18,41,8
367292,0,1289,0,40,3,3,2,1,23,15,8
363471,0,1289,0,40,2,4,2,1,24,64,8
364444,0,1289,0,40,3,3,2,1,31,46,8
365720,0,1289,0,40,3,3,2,1,29,48,8
376608,0,1289,0,40,3,1,2,1,13,36,8
377515,0,1289,0,40,2,1,2,1,13,50,8
366214,0,1289,0,40,3,3,2,1,15,77,8
369652,0,1289,0,40,2,2,2,1,18,51,8
361112,0,1289,0,40,2,4,2,1,26,62,8
337863,0,1289,0,40,3,8,2,1,65,34,8
373222,0,1289,0,40,3,2,2,1,15,33,8
366633,0,1289,0,40,2,5,2,1,16,37,8
356319,0,1289,0,40,2,3,2,1,42,38,8
324706,0,1289,0,40,2,9,2,1,66,71,8
343984,0,1289,0,40,2,9,2,1,52,69,8
353332,0,1289,0,40,3,5,2,1,35,66,8
373684,0,1289,0,40,3,2,2,1,18,37,8
377925,0,1289,0,40,3,1,2,1,12,90,8
378344,0,1289,0,40,3,1,2,1,12,45,8
378628,0,1289,0,40,3,1,2,1,12,28,8
370558,0,1289,0,40,3,2,2,1,13,63,8
331613,0,1289,0,40,3,11,2,1,79,24,8
357034,0,1289,0,40,3,4,2,1,41,22,8
358476,0,1289,0,40,2,6,2,1,25,47,8
365711,0,1289,0,40,3,3,2,1,26,48,8
353086,0,1289,0,40,2,6,2,1,34,78,8
376142,0,1289,0,40,2,2,2,1,12,34,8
326697,0,1289,0,40,3,5,2,1,50,35,8
327412,0,1289,0,40,2,8,2,1,53,66,8
337575,1,1289,1276,40,2,9,2,1,65,37,8
349066,0,1289,0,40,2,8,2,1,37,60,8
364570,0,1289,0,40,2,3,2,1,30,47,8
310379,0,1289,0,40,2,12,2,1,81,35,8
378203,0,1289,0,40,2,1,2,1,11,63,8
378873,0,1289,0,40,2,1,2,1,11,160,8
353961,0,1289,0,40,3,3,2,1,49,74,8
358145,0,1289,0,40,3,3,2,1,33,29,8
335452,0,1289,0,40,2,5,2,1,90,86,8
355913,0,1289,0,40,3,6,2,1,34,30,8
371583,0,1289,0,40,2,1,2,1,25,28,8
322852,0,1289,0,40,2,8,2,1,69,31,8
331673,0,1289,0,40,2,6,2,1,101,51,8
359853,0,1289,0,40,3,3,2,1,36,45,8
351371,0,1289,0,40,3,3,2,1,51,14,8
365904,0,1289,0,40,2,3,2,1,28,90,8
370117,0,1289,0,40,2,2,2,1,26,61,8
372740,0,1289,0,40,3,1,2,1,23,56,8
354178,0,1289,0,40,3,4,2,1,41,46,8
365650,0,1289,0,40,2,2,2,1,25,26,8
366887,0,1289,0,40,3,2,2,1,27,47,8
368576,0,1289,0,40,3,2,2,1,24,73,8
366215,0,1289,0,40,3,3,2,1,27,27,8
361090,0,1289,0,40,2,3,2,1,36,41,8
359992,0,1289,0,40,2,3,2,1,34,17,8
355215,0,1289,0,40,3,3,2,1,47,71,8
355977,0,1289,0,40,3,5,2,1,40,42,8
361948,0,1289,0,40,2,3,2,1,29,21,8
355104,0,1289,0,40,2,5,2,1,30,64,8
373412,0,1289,0,40,3,1,2,1,19,29,8
340656,0,1289,0,40,3,9,2,1,49,60,8
324618,0,1289,0,40,3,8,2,1,61,34,8
358253,0,1289,0,40,2,4,2,1,40,45,8
374695,0,1289,0,40,2,1,2,1,18,38,8
366109,0,1289,0,40,3,3,2,1,22,51,8
370312,0,1289,0,40,2,2,2,1,19,53,8
371567,0,1289,0,40,3,2,2,1,21,108,8
361103,0,1289,0,40,2,5,2,1,25,75,8
281232,0,1289,0,40,3,19,2,1,126,72,8
375945,0,1289,0,40,3,1,2,1,17,39,8
346063,0,1289,0,40,2,7,2,1,40,13,8
349622,0,1289,0,40,2,6,2,1,52,42,8
345832,0,1289,0,40,2,6,2,1,59,37,8
349410,0,1289,0,40,2,5,2,1,50,60,8
363169,0,1289,0,40,2,3,2,1,27,55,8
376038,0,1289,0,40,3,1,2,1,16,74,8
376345,0,1289,0,40,2,1,2,1,16,55,8
327763,0,1289,0,40,2,12,2,1,109,51,8
338000,0,1289,0,40,3,8,2,1,66,31,8
376718,0,1289,0,40,2,1,2,1,15,39,8
366617,0,1289,0,40,3,2,2,1,19,39,8
324141,0,1289,0,40,3,9,2,1,66,42,8
345717,0,1289,0,40,3,6,2,1,54,90,8
370942,0,1289,0,40,2,2,2,1,20,20,8
346695,0,1289,0,40,2,7,2,1,50,65,8
354933,0,1289,0,40,3,5,2,1,42,55,8
333123,0,1289,0,40,2,12,2,1,62,93,8
367561,0,1289,0,40,2,3,2,1,24,108,8
376328,0,1289,0,40,2,1,2,1,14,62,8
376708,0,1289,0,40,2,1,2,1,14,39,8
377904,0,1289,0,40,2,1,2,1,14,60,8
343807,0,1289,0,40,3,8,2,1,36,9,8
368389,0,1289,0,40,3,3,2,1,18,19,8
351988,0,1289,0,40,2,5,2,1,36,55,8
361197,0,1289,0,40,2,3,2,1,34,52,8
373405,0,1289,0,40,3,2,2,1,17,56,8
357645,0,1289,0,40,3,3,2,1,44,84,8
353770,0,1289,0,40,3,4,2,1,43,22,8
372272,0,1289,0,40,2,3,2,1,17,60,8
377905,0,1289,0,40,3,1,2,1,13,37,8
378246,0,1289,0,40,3,1,2,1,13,46,8
378444,0,1289,0,40,3,1,2,1,13,39,8
356982,0,1289,0,40,3,5,2,1,26,27,8
372673,0,1289,0,40,2,2,2,1,13,65,8
365301,0,1289,0,40,2,3,2,1,21,47,8
349143,0,1289,0,40,3,6,2,1,45,45,8
361455,0,1289,0,40,3,4,2,1,25,45,8
371727,0,1289,0,40,2,2,2,1,17,50,8
352981,0,1289,0,40,2,3,2,1,54,38,8
328109,0,1289,0,40,2,10,2,1,61,45,8
356679,0,1289,0,40,2,4,2,1,46,29,8
367318,0,1289,0,40,3,4,2,1,23,26,8
352151,0,1289,0,40,2,8,2,1,35,59,8
368338,0,1289,0,40,2,4,2,1,22,42,8
378403,0,1289,0,40,2,1,2,1,12,19,8
379069,0,1289,0,40,3,1,2,1,12,28,8
360482,0,1289,0,40,3,2,2,1,32,29,8
363443,0,1289,0,40,3,4,2,1,22,78,8
363317,0,1289,0,40,2,4,2,1,26,48,8
321832,0,1289,0,40,2,12,2,1,80,41,8
340417,0,1289,0,40,2,10,2,1,54,58,8
326311,0,1289,0,40,3,9,2,1,73,32,8
364895,0,1289,0,40,3,2,2,1,34,36,8
347271,0,1289,0,40,3,8,2,1,42,92,8
361884,0,1289,0,40,3,3,2,1,36,48,8
346998,0,1289,0,40,2,8,2,1,51,27,8
378497,0,1289,0,40,2,1,2,1,11,53,8
379522,0,1289,0,40,3,1,2,1,11,75,8
367450,0,1289,0,40,3,1,2,1,33,31,8
367463,0,1289,0,40,2,1,2,1,32,15,8
369903,0,1289,0,40,3,1,2,1,29,33,8
351638,0,1289,0,40,2,4,2,1,45,39,8
336268,0,1289,0,40,3,11,2,1,62,50,8
353194,0,1289,0,40,2,5,2,1,38,33,8
362564,0,1289,0,40,2,2,2,1,33,17,8
370416,0,1289,0,40,2,1,2,1,24,52,8
363821,0,1289,0,40,2,3,2,1,27,46,8
340585,0,1289,0,40,3,8,2,1,52,32,8
335572,1,1289,1257,40,2,10,2,1,64,44,8
318090,0,1289,0,40,3,8,2,1,71,74,8
368121,0,1289,0,40,3,4,2,1,25,38,8
349447,0,1289,0,40,3,6,2,1,45,35,8
330040,0,1289,0,40,3,9,2,1,95,79,8
362447,0,1289,0,40,2,3,2,1,31,61,8
352928,0,1289,0,40,3,6,2,1,43,24,8
364820,0,1289,0,40,2,2,2,1,31,45,8
344720,0,1289,0,40,2,6,2,1,52,45,8
367611,0,1289,0,40,3,3,2,1,24,28,8
369777,0,1289,0,40,3,3,2,1,22,73,8
372601,0,1289,0,40,2,1,2,1,19,83,8
325428,0,1289,0,40,2,9,2,1,57,26,8
363981,0,1289,0,40,2,3,2,1,33,26,8
376187,0,1289,0,40,3,1,2,1,18,54,8
368058,0,1289,0,40,3,2,2,1,22,21,8
345918,0,1289,0,40,3,8,2,1,45,33,8
358006,0,1289,0,40,2,2,2,1,41,49,8
355037,0,1289,0,40,3,5,2,1,35,55,8
376687,0,1289,0,40,2,1,2,1,17,48,8
328233,0,1289,0,40,3,5,2,1,51,87,8
348847,0,1289,0,40,2,6,2,1,49,47,8
364577,0,1289,0,40,2,3,2,1,24,30,8
329343,1,1289,1253,40,3,7,2,1,63,32,8
336519,0,1289,0,40,2,9,2,1,76,22,8
364380,0,1289,0,40,3,5,2,1,24,60,8
376775,0,1289,0,40,2,2,2,1,17,57,8
372136,0,1289,0,40,3,2,2,1,17,77,8
364744,0,1289,0,40,3,3,2,1,31,25,8
335626,0,1289,0,40,2,9,2,1,62,20,8
359204,0,1289,0,40,2,4,2,1,37,66,8
377299,0,1289,0,40,2,1,2,1,15,18,8
352664,0,1289,0,40,2,6,2,1,37,27,8
366432,0,1289,0,40,3,4,2,1,24,99,8
373825,0,1289,0,40,2,2,2,1,19,43,8
354584,0,1289,0,40,2,6,2,1,38,43,8
369097,0,1289,0,40,3,3,2,1,21,56,8
366155,0,1289,0,40,3,5,2,1,24,54,8
329584,0,1289,0,40,3,11,2,1,91,69,8
342948,0,1289,0,40,3,7,2,1,49,32,8
361475,0,1289,0,40,2,3,2,1,34,45,8
363514,0,1289,0,40,3,4,2,1,21,110,8
324193,0,1289,0,40,3,14,2,1,83,49,8
328676,0,1289,0,40,2,7,2,1,42,44,8
358281,0,1289,0,40,2,7,2,1,36,62,8
372231,0,1289,0,40,2,2,2,1,18,14,8
378729,0,1289,0,40,3,1,2,1,13,73,8
350706,0,1289,0,40,3,6,2,1,35,33,8
353739,0,1289,0,40,2,5,2,1,43,46,8
368881,0,1289,0,40,2,2,2,1,24,65,8
332980,0,1289,0,40,2,11,2,1,69,28,8
335747,0,1289,0,40,3,9,2,1,65,22,8
327677,0,1289,0,40,3,13,2,1,69,31,8
362311,0,1289,0,40,3,4,2,1,31,34,8
336746,0,1289,0,40,3,11,2,1,58,54,8
379202,0,1289,0,40,3,1,2,1,12,46,8
379492,0,1289,0,40,2,1,2,1,12,55,8
379532,0,1289,0,40,2,1,2,1,12,47,8
366095,0,1289,0,40,2,2,2,1,24,21,8
362594,0,1289,0,40,3,4,2,1,27,28,8
304483,0,1289,0,40,2,7,2,1,56,18,8
373022,0,1289,0,40,3,2,2,1,18,49,8
351949,0,1289,0,40,2,8,2,1,37,56,8
352915,0,1289,0,40,2,7,2,1,39,21,8
325504,0,1289,0,40,2,11,2,1,71,45,8
355465,0,1289,0,40,3,5,2,1,43,20,8
371410,0,1289,0,40,2,3,2,1,16,45,8
313221,0,1289,0,40,3,17,2,1,99,39,8
379541,0,1289,0,40,2,1,2,1,11,41,8
380296,0,1289,0,40,3,1,2,1,11,32,8
354017,0,1289,0,40,3,5,2,1,40,47,8
370998,0,1289,0,40,3,1,2,1,24,50,8
358254,0,1289,0,40,3,5,2,1,38,34,8
362018,0,1289,0,40,3,4,2,1,30,28,8
344605,0,1289,0,40,3,8,2,1,62,54,8
283001,1,1289,1246,40,2,21,2,1,139,55,8
330572,0,1289,0,40,3,12,2,1,72,26,8
364926,0,1289,0,40,3,3,2,1,29,73,8
374694,0,1289,0,40,3,1,2,1,21,34,8
345510,0,1289,0,40,3,7,2,1,44,43,8
363877,0,1289,0,40,3,3,2,1,28,33,8
359262,0,1289,0,40,2,4,2,1,40,18,8
371041,0,1289,0,40,2,2,2,1,26,24,8
375867,0,1289,0,40,2,1,2,1,19,60,8
362958,0,1289,0,40,3,3,2,1,28,58,8
362976,0,1289,0,40,2,3,2,1,36,30,8
336350,0,1289,0,40,3,8,2,1,68,53,8
371418,0,1289,0,40,3,2,2,1,20,30,8
370919,0,1289,0,40,3,3,2,1,24,68,8
349566,0,1289,0,40,2,7,2,1,44,23,8
376686,0,1289,0,40,2,1,2,1,17,28,8
376894,0,1289,0,40,3,1,2,1,17,15,8
377372,0,1289,0,40,3,1,2,1,17,36,8
354052,0,1289,0,40,2,7,2,1,30,46,8
372956,0,1289,0,40,3,2,2,1,17,47,8
358018,0,1289,0,40,2,5,2,1,27,43,8
356727,0,1289,0,40,2,5,2,1,40,25,8
360629,0,1289,0,40,2,3,2,1,30,38,8
376120,0,1289,0,40,2,1,2,1,16,55,8
369525,0,1289,0,40,3,2,2,1,23,15,8
372885,0,1289,0,40,3,2,2,1,18,93,8
347462,0,1289,0,40,3,6,2,1,52,27,8
361278,0,1289,0,40,2,5,2,1,34,38,8
335962,0,1289,0,40,2,7,2,1,80,72,8
373193,0,1289,0,40,2,3,2,1,18,62,8
336401,0,1289,0,40,3,10,2,1,57,17,8
363102,0,1289,0,40,2,4,2,1,29,30,8
377321,0,1289,0,40,2,1,2,1,15,48,8
349119,0,1289,0,40,3,6,2,1,41,41,8
372761,0,1289,0,40,2,2,2,1,15,23,8
368036,0,1289,0,40,3,2,2,1,30,29,8
350032,0,1289,0,40,3,5,2,1,44,22,8
368775,0,1289,0,40,2,3,2,1,15,47,8
349437,0,1289,0,40,2,6,2,1,47,89,8
368673,0,1289,0,40,2,3,2,1,19,29,8
340119,0,1289,0,40,2,10,2,1,47,28,8
341759,0,1289,0,40,3,11,2,1,56,37,8
378042,0,1289,0,40,3,2,2,1,15,38,8
379400,0,1289,0,40,3,1,2,1,13,16,8
350269,0,1289,0,40,3,3,2,1,53,35,8
371676,0,1289,0,40,2,3,2,1,20,52,8
341279,0,1289,0,40,3,11,2,1,39,46,8
336474,0,1289,0,40,2,12,2,1,65,40,8
353850,0,1289,0,40,3,5,2,1,43,36,8
354990,0,1289,0,40,2,6,2,1,40,46,8
376327,0,1289,0,40,3,2,2,1,15,48,8
375762,0,1289,0,40,2,2,2,1,14,15,8
367481,0,1289,0,40,2,3,2,1,25,49,8
342474,0,1289,0,40,3,6,2,1,60,30,8
364309,0,1289,0,40,2,2,2,1,33,62,8
375620,0,1289,0,40,2,2,2,1,14,31,8
352335,0,1289,0,40,2,6,2,1,33,20,8
376400,0,1289,0,40,3,2,2,1,12,52,8
373034,0,1289,0,40,2,2,2,1,18,60,8
359087,1,1289,1267,40,2,4,2,1,38,41,8
350171,0,1289,0,40,2,7,2,1,40,58,8
348230,0,1289,0,40,3,7,2,1,44,48,8
375860,0,1289,0,40,2,2,2,1,16,60,8
379771,0,1289,0,40,2,1,2,1,11,15,8
380442,0,1289,0,40,2,1,2,1,11,46,8
367734,0,1289,0,40,3,1,2,1,35,92,8
360931,0,1289,0,40,3,5,2,1,28,40,8
375372,0,1289,0,40,2,1,2,1,21,33,8
366839,0,1289,0,40,2,3,2,1,30,22,8
377462,0,1289,0,40,2,1,2,1,18,104,8
364847,0,1289,0,40,3,4,2,1,28,58,8
376288,0,1289,0,40,3,1,2,1,16,36,8
378238,0,1289,0,40,3,1,2,1,16,32,8
373118,0,1289,0,40,2,2,2,1,16,51,8
338997,0,1289,0,40,2,8,2,1,70,46,8
368920,0,1289,0,40,2,2,2,1,29,35,8
363409,0,1289,0,40,3,5,2,1,28,53,8
378837,0,1289,0,40,2,1,2,1,15,45,8
378933,0,1289,0,40,3,1,2,1,15,38,8
366728,0,1289,0,40,3,3,2,1,24,21,8
375787,0,1289,0,40,3,2,2,1,17,47,8
362928,0,1289,0,40,3,5,2,1,30,41,8
379346,0,1289,0,40,3,1,2,1,14,58,8
369110,0,1289,0,40,2,2,2,1,24,44,8
306701,0,1289,0,40,2,12,2,1,101,39,8
346709,0,1289,0,40,2,6,2,1,48,29,8
342036,0,1289,0,40,3,8,2,1,62,73,8
356386,0,1289,0,40,3,7,2,1,37,17,8
379878,0,1289,0,40,3,1,2,1,13,54,8
368033,0,1289,0,40,2,4,2,1,16,20,8
349609,0,1289,0,40,2,8,2,1,39,61,8
323370,0,1289,0,40,2,8,2,1,75,52,8
368833,0,1289,0,40,3,3,2,1,23,57,8
370842,0,1289,0,40,2,3,2,1,24,38,8
375412,0,1289,0,40,3,2,2,1,20,43,8
325780,0,1289,0,40,2,8,2,1,65,41,8
378908,0,1289,0,40,3,1,2,1,12,72,8
379124,0,1289,0,40,3,1,2,1,12,73,8
380890,0,1289,0,40,2,1,2,1,12,21,8
364921,0,1289,0,40,2,3,2,1,25,18,8
368850,0,1289,0,40,2,3,2,1,24,37,8
376342,0,1289,0,40,3,2,2,1,14,45,8
360698,1,1289,1246,40,2,4,2,1,31,79,8
336142,0,1289,0,40,3,10,2,1,73,41,8
380315,0,1289,0,40,2,1,2,1,11,31,8
380639,0,1289,0,40,2,1,2,1,11,85,8
366173,0,1289,0,40,2,3,2,1,29,46,8
315340,0,1289,0,40,3,12,2,1,76,27,8
344992,0,1289,0,40,3,7,2,1,52,11,8
372981,0,1289,0,40,3,2,2,1,18,40,8
374951,1,1289,1272,36.2274,3,2,2,1,18,31,8
345728,0,1289,0,40,2,8,2,1,57,18,8
360715,0,1289,0,40,3,5,2,1,29,32,8
381148,0,1289,0,40,3,1,2,1,12,43,8
346182,0,1289,0,40,3,5,2,1,58,79,8
372202,1,1289,1272,40,2,4,2,1,18,51,8
378245,0,1289,0,40,2,0,2,1,10,47,8
378708,0,1289,0,40,2,0,2,1,10,49,8
379084,0,1289,0,40,2,0,2,1,10,53,8
379487,0,1289,0,40,2,0,2,1,10,42,8
379639,0,1289,0,40,3,0,2,1,10,40,8
380031,0,1289,0,40,2,0,2,1,10,34,8
380191,0,1289,0,40,3,0,2,1,10,25,8
380343,0,1289,0,40,2,0,2,1,10,52,8
380429,0,1289,0,40,2,0,2,1,10,91,8
380509,0,1289,0,40,3,0,2,1,10,86,8
380749,0,1289,0,40,2,0,2,1,10,67,8
380845,0,1289,0,40,2,0,2,1,10,63,8
380877,0,1289,0,40,3,0,2,1,10,67,8
380939,0,1289,0,40,3,0,2,1,10,30,8
381095,0,1289,0,40,3,0,2,1,10,21,8
381119,0,1289,0,40,2,0,2,1,10,55,8
381143,0,1289,0,40,2,0,2,1,10,66,8
381167,0,1289,0,40,2,0,2,1,10,33,8
381327,0,1289,0,40,3,0,2,1,10,66,8
381391,0,1289,0,40,2,0,2,1,10,26,8
381423,0,1289,0,40,2,0,2,1,10,65,8
381471,0,1289,0,40,2,0,2,1,10,58,8
381558,0,1289,0,40,2,0,2,1,10,33,8
381570,0,1289,0,40,3,0,2,1,10,34,8
381582,0,1289,0,40,2,0,2,1,10,46,8
381590,0,1289,0,40,3,0,2,1,10,14,8
381610,0,1289,0,40,3,0,2,1,10,24,8
381622,0,1289,0,40,3,0,2,1,10,29,8
381646,0,1289,0,40,2,0,2,1,10,11,8
381654,0,1289,0,40,3,0,2,1,10,45,8
381674,0,1289,0,40,2,0,2,1,10,33,8
381678,0,1289,0,40,2,0,2,1,10,58,8
381682,0,1289,0,40,2,0,2,1,10,38,8
381698,0,1289,0,40,3,0,2,1,10,22,8
381718,0,1289,0,40,3,0,2,1,10,58,8
381738,0,1289,0,40,2,0,2,1,10,44,8
381746,0,1289,0,40,3,0,2,1,10,56,8
381754,0,1289,0,40,2,0,2,1,10,84,8
381762,0,1289,0,40,2,0,2,1,10,33,8
381766,0,1289,0,40,3,0,2,1,10,24,8
381798,0,1289,0,40,2,0,2,1,10,38,8
381802,0,1289,0,40,3,0,2,1,10,53,8
381818,0,1289,0,40,2,0,2,1,10,50,8
381854,0,1289,0,40,3,0,2,1,10,48,8
381874,0,1289,0,40,2,0,2,1,10,66,8
381902,0,1289,0,40,2,0,2,1,10,43,8
381906,0,1289,0,40,2,0,2,1,10,23,8
381910,0,1289,0,40,2,0,2,1,10,42,8
381942,0,1289,0,40,2,0,2,1,10,64,8
381990,0,1289,0,40,3,0,2,1,10,55,8
382014,0,1289,0,40,3,0,2,1,10,58,8
382030,0,1289,0,40,3,0,2,1,10,42,8
382038,0,1289,0,40,3,0,2,1,10,55,8
382058,0,1289,0,40,3,0,2,1,10,33,8
382074,0,1289,0,40,3,0,2,1,10,67,8
382094,0,1289,0,40,2,0,2,1,10,35,8
382127,0,1289,0,40,3,0,2,1,10,63,8
382131,0,1289,0,40,2,0,2,1,10,39,8
382137,0,1289,0,40,3,0,2,1,10,42,8
382147,0,1289,0,40,2,0,2,1,10,64,8
382161,0,1289,0,40,2,0,2,1,10,44,8
382167,0,1289,0,40,3,0,2,1,10,35,8
382173,0,1289,0,40,3,0,2,1,10,45,8
382203,0,1289,0,40,2,0,2,1,10,38,8
382211,0,1289,0,40,2,0,2,1,10,20,8
382213,0,1289,0,40,3,0,2,1,10,33,8
382215,0,1289,0,40,2,0,2,1,10,36,8
382225,0,1289,0,40,3,0,2,1,10,65,8
382239,0,1289,0,40,2,0,2,1,10,26,8
382245,0,1289,0,40,2,0,2,1,10,36,8
382253,0,1289,0,40,2,0,2,1,10,14,8
382259,0,1289,0,40,2,0,2,1,10,48,8
382269,0,1289,0,40,3,0,2,1,10,54,8
382273,0,1289,0,40,2,0,2,1,10,100,8
382279,0,1289,0,40,2,0,2,1,10,22,8
382281,0,1289,0,40,2,0,2,1,10,57,8
382289,0,1289,0,40,3,0,2,1,10,27,8
382301,0,1289,0,40,3,0,2,1,10,83,8
382311,0,1289,0,40,3,0,2,1,10,39,8
382323,0,1289,0,40,2,0,2,1,10,44,8
382331,0,1289,0,40,2,0,2,1,10,42,8
382335,0,1289,0,40,3,0,2,1,10,20,8
382357,0,1289,0,40,2,0,2,1,10,41,8
382377,0,1289,0,40,3,0,2,1,10,49,8
382387,0,1289,0,40,2,0,2,1,10,41,8
382397,0,1289,0,40,3,0,2,1,10,34,8
382405,0,1289,0,40,2,0,2,1,10,39,8
382419,0,1289,0,40,2,0,2,1,10,75,8
382429,0,1289,0,40,3,0,2,1,10,44,8
382431,0,1289,0,40,3,0,2,1,10,15,8
382435,0,1289,0,40,2,0,2,1,10,72,8
382459,0,1289,0,40,2,0,2,1,10,28,8
382465,0,1289,0,40,2,0,2,1,10,40,8
382473,0,1289,0,40,2,0,2,1,10,42,8
382481,0,1289,0,40,3,0,2,1,10,36,8
382503,0,1289,0,40,3,0,2,1,10,58,8
382513,0,1289,0,40,3,0,2,1,10,50,8
382525,0,1289,0,40,2,0,2,1,10,37,8
382533,0,1289,0,40,3,0,2,1,10,45,8
382551,0,1289,0,40,3,0,2,1,10,79,8
382561,0,1289,0,40,3,0,2,1,10,30,8
382583,0,1289,0,40,3,0,2,1,10,43,8
382589,0,1289,0,40,2,0,2,1,10,30,8
382605,0,1289,0,40,2,0,2,1,10,10,8
382611,0,1289,0,40,2,0,2,1,10,80,8
382613,0,1289,0,40,2,0,2,1,10,49,8
382619,0,1289,0,40,2,0,2,1,10,64,8
382629,0,1289,0,40,2,0,2,1,10,44,8
382633,0,1289,0,40,3,0,2,1,10,80,8
382647,0,1289,0,40,3,0,2,1,10,38,8
382657,0,1289,0,40,2,0,2,1,10,60,8
382659,0,1289,0,40,2,0,2,1,10,37,8
382673,0,1289,0,40,3,0,2,1,10,34,8
371275,0,1289,0,40,2,1,2,1,16,45,8
361108,0,1289,0,40,2,3,2,1,24,57,8
341851,0,1289,0,40,3,6,2,1,44,38,8
343661,0,1289,0,40,2,7,2,1,50,25,8
326416,0,1289,0,40,3,9,2,1,64,36,8
330716,0,1289,0,40,2,11,2,1,84,28,8
362190,0,1289,0,40,3,3,2,1,24,25,8
353624,0,1289,0,40,2,5,2,1,35,48,8
372806,1,1289,1265,36.8245,3,2,2,1,12,53,8
353436,0,1289,0,40,2,9,2,1,31,54,8
374232,0,1289,0,40,2,1,2,1,10,38,8
361733,0,1289,0,40,3,3,2,1,30,90,8
336972,0,1289,0,40,3,10,2,1,60,53,8
357443,0,1289,0,40,3,4,2,1,25,26,8
328354,0,1289,0,40,2,10,2,1,43,48,8
343309,1,1289,1272,40,2,7,2,1,42,70,8
374996,0,1289,0,40,2,1,2,1,13,49,8
374987,0,1289,0,40,2,1,2,1,12,44,8
329090,0,1289,0,40,2,7,2,1,48,32,8
359545,0,1289,0,40,3,5,2,1,23,60,8
359121,0,1289,0,40,2,2,2,1,34,54,8
358436,0,1289,0,40,2,5,2,1,21,34,8
369562,0,1289,0,40,2,2,2,1,14,28,8
358706,0,1289,0,40,3,2,2,1,39,30,8
371921,0,1289,0,40,2,1,2,1,18,69,8
350588,0,1289,0,40,3,5,2,1,41,63,8
372557,0,1289,0,40,2,1,2,1,16,38,8
355169,0,1289,0,40,3,4,2,1,37,43,8
374250,0,1289,0,40,2,1,2,1,14,39,8
356307,0,1289,0,40,2,5,2,1,37,31,8
361535,0,1289,0,40,2,4,2,1,26,51,8
375168,0,1289,0,40,3,1,2,1,13,26,8
337109,0,1289,0,40,3,12,2,1,50,38,8
355363,0,1289,0,40,3,5,2,1,30,45,8
365962,0,1289,0,40,3,3,2,1,14,63,8
348358,0,1289,0,40,3,6,2,1,38,43,8
338567,2,1289,0,40,2,5,2,1,68,19,8
347337,0,1289,0,40,2,6,2,1,46,46,8
327756,0,1289,0,40,3,5,2,1,53,54,8
342514,0,1289,0,40,3,6,2,1,56,8,8
361942,0,1289,0,40,3,3,2,1,28,31,8
368261,0,1289,0,40,3,2,2,1,19,33,8
363653,0,1289,0,40,3,3,2,1,26,24,8
359221,1,1289,1262,40,3,3,2,1,30,51,8
339889,0,1289,0,40,3,7,2,1,62,41,8
365430,0,1289,0,40,2,3,2,1,26,72,8
347446,0,1289,0,40,3,8,2,1,40,39,8
342453,0,1289,0,40,2,6,2,1,52,24,8
357893,0,1289,0,40,3,4,2,1,31,39,8
328397,0,1289,0,40,2,4,2,1,25,74,8
372349,0,1289,0,40,3,2,2,1,15,65,8
346737,0,1289,0,40,2,6,2,1,49,35,8
360463,0,1289,0,40,2,3,2,1,32,44,8
341610,0,1289,0,40,3,6,2,1,66,58,8
374402,0,1289,0,40,2,2,2,1,14,46,8
375851,0,1289,0,40,2,1,2,1,13,30,8
376125,0,1289,0,40,2,1,2,1,13,57,8
360814,0,1289,0,40,2,4,2,1,25,51,8
350549,0,1289,0,40,2,7,2,1,33,12,8
355105,0,1289,0,40,2,7,2,1,29,50,8
337634,0,1289,0,40,2,8,2,1,61,52,8
326936,0,1289,0,40,2,11,2,1,73,46,8
361993,0,1289,0,40,2,3,2,1,25,15,8
328071,0,1289,0,40,3,9,2,1,70,44,8
303906,0,1289,0,40,2,12,2,1,73,30,8
369435,0,1289,0,40,2,3,2,1,16,42,8
376722,0,1289,0,40,3,1,2,1,11,77,8
354692,0,1289,0,40,3,4,2,1,29,15,8
371925,0,1289,0,40,2,3,2,1,13,51,8
350118,0,1289,0,40,3,6,2,1,36,55,8
347855,0,1289,0,40,3,6,2,1,52,43,8
359636,0,1289,0,40,2,4,2,1,19,34,8
364987,0,1289,0,40,3,2,2,1,31,87,8
376136,0,1289,0,40,3,1,2,1,10,11,8
377235,0,1289,0,40,3,1,2,1,10,66,8
377532,0,1289,0,40,2,1,2,1,10,52,8
378076,0,1289,0,40,3,1,2,1,10,25,8
370751,0,1289,0,40,2,1,2,1,23,17,8
332884,0,1289,0,40,3,9,2,1,76,33,8
371880,0,1289,0,40,3,1,2,1,21,31,8
362530,0,1289,0,40,2,3,2,1,30,41,8
372636,0,1289,0,40,3,1,2,1,20,64,8
326078,0,1289,0,40,2,8,2,1,64,38,8
335273,1,1289,1255,40,2,9,2,1,62,34,8
365055,0,1289,0,40,3,3,2,1,25,75,8
370400,0,1289,0,40,3,1,2,1,18,57,8
359351,0,1289,0,40,3,4,2,1,23,88,8
370568,0,1289,0,40,2,2,2,1,18,31,8
369359,0,1289,0,40,3,2,2,1,22,64,8
373126,0,1289,0,40,2,1,2,1,17,24,8
355252,0,1289,0,40,3,3,2,1,40,44,8
337580,0,1289,0,40,3,10,2,1,55,36,8
353343,0,1289,0,40,3,6,2,1,40,78,8
371819,0,1289,0,40,3,2,2,1,17,67,8
311322,0,1289,0,40,2,12,2,1,68,57,8
375090,0,1289,0,40,3,1,2,1,16,53,8
343216,0,1289,0,40,3,9,2,1,42,55,8
353470,0,1289,0,40,3,5,2,1,35,82,8
351491,0,1289,0,40,3,7,2,1,42,67,8
364881,0,1289,0,40,2,2,2,1,30,55,8
360352,0,1289,0,40,2,3,2,1,25,76,8
371381,0,1289,0,40,3,2,2,1,17,25,8
367866,0,1289,0,40,2,2,2,1,24,57,8
360538,0,1289,0,40,2,4,2,1,30,10,8
360730,0,1289,0,40,3,4,2,1,25,29,8
359387,0,1289,0,40,3,3,2,1,37,50,8
337002,0,1289,0,40,2,10,2,1,61,50,8
377480,0,1289,0,40,2,1,2,1,12,45,8
354242,0,1289,0,40,3,5,2,1,38,58,8
357190,0,1289,0,40,3,4,2,1,35,60,8
372933,0,1289,0,40,3,2,2,1,19,27,8
377069,0,1289,0,40,3,1,2,1,11,56,8
325633,1,1289,1270,40,2,4,2,1,33,28,8
378069,0,1289,0,40,2,1,2,1,10,90,8
378128,0,1289,0,40,2,1,2,1,10,25,8
378398,0,1289,0,40,2,1,2,1,10,42,8
322263,0,1289,0,40,3,6,2,1,89,44,8
356773,0,1289,0,40,3,3,2,1,40,40,8
321895,0,1289,0,40,3,7,2,1,74,46,8
353125,0,1289,0,40,3,5,2,1,33,42,8
370330,0,1289,0,40,3,1,2,1,24,19,8
357142,0,1289,0,40,2,5,2,1,39,29,8
347289,0,1289,0,40,3,5,2,1,49,9,8
338301,0,1289,0,40,2,8,2,1,62,26,8
371338,1,1289,1276,40,2,1,2,1,20,27,8
369939,0,1289,0,40,3,2,2,1,20,31,8
351378,0,1289,0,40,2,5,2,1,44,52,8
373633,0,1289,0,40,2,1,2,1,19,21,8
364980,0,1289,0,40,2,2,2,1,28,30,8
354219,0,1289,0,40,3,2,2,1,49,70,8
362598,0,1289,0,40,3,4,2,1,32,44,8
373968,0,1289,0,40,2,1,2,1,18,10,8
336137,0,1289,0,40,2,9,2,1,53,31,8
330643,0,1289,0,40,3,9,2,1,50,17,8
367953,0,1289,0,40,2,2,2,1,23,52,8
351659,0,1289,0,40,3,6,2,1,35,46,8
373528,0,1289,0,40,2,1,2,1,16,101,8
375015,0,1289,0,40,2,1,2,1,16,16,8
373465,0,1289,0,40,2,3,2,1,17,48,8
329991,0,1289,0,40,3,13,2,1,89,133,8
375603,0,1289,0,40,2,1,2,1,15,49,8
339531,0,1289,0,40,3,8,2,1,63,26,8
366008,0,1289,0,40,3,3,2,1,22,12,8
356231,0,1289,0,40,3,5,2,1,30,42,8
371186,0,1289,0,40,3,2,2,1,16,19,8
347370,0,1289,0,40,2,6,2,1,44,39,8
351556,0,1289,0,40,3,6,2,1,42,59,8
327299,0,1289,0,40,3,7,2,1,61,7,8
331732,0,1289,0,40,2,11,2,1,75,25,8
365370,0,1289,0,40,2,3,2,1,26,76,8
367147,0,1289,0,40,2,3,2,1,22,14,8
377436,0,1289,0,40,3,1,2,1,13,37,8
341407,0,1289,0,40,3,9,2,1,42,39,8
360328,0,1289,0,40,2,4,2,1,21,61,8
333939,0,1289,0,40,3,13,2,1,75,31,8
358871,0,1289,0,40,3,4,2,1,24,33,8
363925,0,1289,0,40,3,4,2,1,24,51,8
377956,0,1289,0,40,2,1,2,1,12,96,8
364210,0,1289,0,40,3,3,2,1,20,32,8
360834,0,1289,0,40,2,2,2,1,35,17,8
372118,0,1289,0,40,3,2,2,1,16,47,8
374009,0,1289,0,40,2,2,2,1,12,25,8
355057,1,1289,1276,40,2,4,2,1,35,27,8
352439,0,1289,0,40,2,7,2,1,32,41,8
367872,0,1289,0,40,3,3,2,1,23,55,8
337759,0,1289,0,40,3,11,2,1,62,50,8
376484,0,1289,0,40,3,1,2,1,11,21,8
378160,0,1289,0,40,3,1,2,1,11,39,8
378306,0,1289,0,40,3,1,2,1,11,65,8
341178,0,1289,0,40,2,10,2,1,57,76,8
373258,0,1289,0,40,3,2,2,1,11,27,8
342337,0,1289,0,40,3,7,2,1,53,47,8
365484,0,1289,0,40,3,4,2,1,16,71,8
370944,0,1289,0,40,2,3,2,1,17,53,8
373890,0,1289,0,40,3,2,2,1,13,63,8
362160,0,1289,0,40,3,3,2,1,34,66,8
364924,0,1289,0,40,2,4,2,1,20,45,8
379015,0,1289,0,40,2,1,2,1,10,34,8
327709,0,1289,0,40,2,6,2,1,80,13,8
326940,0,1289,0,40,3,4,2,1,53,21,8
359509,0,1289,0,40,2,2,2,1,39,79,8
362484,0,1289,0,40,3,2,2,1,33,70,8
332381,0,1289,0,40,3,9,2,1,87,22,8
346651,0,1289,0,40,3,5,2,1,54,56,8
368235,0,1289,0,40,2,2,2,1,26,44,8
370104,0,1289,0,40,3,1,2,1,24,67,8
358803,0,1289,0,40,2,3,2,1,34,32,8
360014,0,1289,0,40,3,4,2,1,31,43,8
365042,0,1289,0,40,3,2,2,1,31,86,8
372787,0,1289,0,40,2,1,2,1,21,13,8
365223,0,1289,0,40,2,2,2,1,28,45,8
371155,0,1289,0,40,2,2,2,1,21,44,8
374449,0,1289,0,40,2,1,2,1,19,39,8
369013,0,1289,0,40,2,2,2,1,22,35,8
327737,0,1289,0,40,2,9,2,1,44,29,8
356969,0,1289,0,40,2,3,2,1,38,71,8
345612,0,1289,0,40,2,8,2,1,46,34,8
373720,0,1289,0,40,3,1,2,1,17,101,8
374180,0,1289,0,40,2,1,2,1,17,29,8
375190,0,1289,0,40,2,1,2,1,17,39,8
358403,0,1289,0,40,3,4,2,1,34,33,8
370528,0,1289,0,40,3,2,2,1,19,83,8
371022,0,1289,0,40,2,2,2,1,17,67,8
358385,0,1289,0,40,2,5,2,1,32,61,8
368168,0,1289,0,40,3,2,2,1,29,40,8
324479,0,1289,0,40,2,4,2,1,54,69,8
369333,0,1289,0,40,3,2,2,1,19,52,8
368619,0,1289,0,40,3,3,2,1,22,60,8
357403,0,1289,0,40,3,4,2,1,37,30,8
326440,0,1289,0,40,3,6,2,1,59,34,8
323842,1,1289,1263,40,2,15,2,1,71,42,8
355871,0,1289,0,40,2,6,2,1,35,45,8
374240,0,1289,0,40,3,1,2,1,15,73,8
376769,0,1289,0,40,3,1,2,1,15,20,8
359358,0,1289,0,40,3,3,2,1,35,64,8
342510,1,1289,1267,26.8144,3,7,2,1,53,29,8
351101,0,1289,0,40,3,6,2,1,46,14,8
348398,0,1289,0,40,3,5,2,1,46,15,8
324506,0,1289,0,40,2,6,2,1,27,57,8
354677,0,1289,0,40,3,5,2,1,35,22,8
374565,0,1289,0,40,2,2,2,1,14,45,8
368473,0,1289,0,40,2,3,2,1,21,22,8
373546,0,1289,0,40,2,2,2,1,17,37,8
342585,0,1289,0,40,3,6,2,1,56,43,8
342820,0,1289,0,40,3,8,2,1,46,88,8
377752,0,1289,0,40,3,1,2,1,13,45,8
369958,0,1289,0,40,3,2,2,1,15,50,8
367193,0,1289,0,40,2,2,2,1,23,43,8
350629,0,1289,0,40,3,5,2,1,44,41,8
366712,0,1289,0,40,3,4,2,1,19,58,8
378198,0,1289,0,40,2,1,2,1,12,44,8
336563,0,1289,0,40,2,9,2,1,63,19,8
350468,0,1289,0,40,2,6,2,1,40,42,8
374063,0,1289,0,40,3,2,2,1,13,52,8
361170,0,1289,0,40,2,3,2,1,32,42,8
337018,0,1289,0,40,3,8,2,1,65,77,8
371968,0,1289,0,40,2,3,2,1,15,56,8
351777,0,1289,0,40,2,5,2,1,43,85,8
362041,0,1289,0,40,3,4,2,1,23,59,8
321729,0,1289,0,40,2,8,2,1,75,46,8
376682,0,1289,0,40,3,2,2,1,12,65,8
377127,0,1289,0,40,2,1,2,1,11,44,8
378943,0,1289,0,40,3,1,2,1,11,67,8
379179,0,1289,0,40,3,1,2,1,11,49,8
360804,0,1289,0,40,3,4,2,1,24,60,8
353565,0,1289,0,40,3,6,2,1,33,84,8
374293,0,1289,0,40,2,2,2,1,11,59,8
341502,0,1289,0,40,2,6,2,1,57,39,8
358851,0,1289,0,40,3,5,2,1,27,41,8
340382,0,1289,0,40,3,10,2,1,45,78,8
323608,0,1289,0,40,2,7,2,1,74,34,8
373803,0,1289,0,40,2,2,2,1,15,42,8
343843,0,1289,0,40,3,7,2,1,47,47,8
316714,0,1289,0,40,3,13,2,1,88,21,8
325506,0,1289,0,40,2,4,2,1,33,26,8
354962,0,1289,0,40,2,5,2,1,36,81,8
337957,0,1289,0,40,2,9,2,1,53,25,8
363894,0,1289,0,40,3,3,2,1,26,45,8
324969,0,1289,0,40,3,8,2,1,43,34,8
359119,0,1289,0,40,2,4,2,1,27,68,8
329507,0,1289,0,40,3,10,2,1,57,66,8
378529,0,1289,0,40,3,1,2,1,10,29,8
379258,0,1289,0,40,2,1,2,1,10,13,8
379288,0,1289,0,40,2,1,2,1,10,72,8
379372,0,1289,0,40,3,1,2,1,10,26,8
327841,0,1289,0,40,2,2,2,1,36,44,8
360516,0,1289,0,40,3,2,2,1,38,50,8
331973,0,1289,0,40,2,11,2,1,79,39,8
317477,0,1289,0,40,3,11,2,1,74,41,8
322939,0,1289,0,40,2,12,2,1,82,38,8
370971,0,1289,0,40,3,1,2,1,26,63,8
364494,0,1289,0,40,2,2,2,1,32,36,8
361333,1,1289,1278,40,2,4,2,1,29,58,8
369003,0,1289,0,40,3,2,2,1,25,40,8
349145,0,1289,0,40,2,6,2,1,41,29,8
325673,0,1289,0,40,2,7,2,1,55,44,8
343540,0,1289,0,40,2,7,2,1,56,29,8
362494,0,1289,0,40,3,5,2,1,27,52,8
373562,0,1289,0,40,3,1,2,1,20,20,8
374417,0,1289,0,40,3,1,2,1,20,43,8
361705,0,1289,0,40,3,4,2,1,27,14,8
355351,0,1289,0,40,3,5,2,1,38,17,8
373167,0,1289,0,40,3,2,2,1,20,25,8
368464,0,1289,0,40,3,2,2,1,25,44,8
333800,0,1289,0,40,3,10,2,1,78,20,8
352012,0,1289,0,40,2,4,2,1,50,25,8
361267,0,1289,0,40,3,3,2,1,33,28,8
327859,0,1289,0,40,2,8,2,1,53,32,8
373886,0,1289,0,40,2,1,2,1,17,22,8
359107,0,1289,0,40,2,5,2,1,28,39,8
327876,0,1289,0,40,2,6,2,1,42,23,8
368414,0,1289,0,40,3,3,2,1,18,72,8
340378,0,1289,0,40,3,9,2,1,55,20,8
372897,0,1289,0,40,2,2,2,1,18,18,8
371857,0,1289,0,40,3,2,2,1,20,39,8
348430,0,1289,0,40,2,7,2,1,47,66,8
375151,0,1289,0,40,3,1,2,1,15,94,8
376422,0,1289,0,40,2,1,2,1,15,40,8
377318,0,1289,0,40,2,1,2,1,15,26,8
351440,0,1289,0,40,2,4,2,1,43,34,8
335363,0,1289,0,40,3,11,2,1,69,25,8
343372,0,1289,0,40,3,9,2,1,49,35,8
328124,0,1289,0,40,2,3,2,1,57,78,8
376376,0,1289,0,40,3,1,2,1,14,65,8
333109,0,1289,0,40,3,10,2,1,74,26,8
352102,0,1289,0,40,2,5,2,1,39,26,8
357293,0,1289,0,40,3,5,2,1,34,45,8
356406,0,1289,0,40,2,5,2,1,32,23,8
368504,0,1289,0,40,2,4,2,1,18,41,8
325556,0,1289,0,40,2,12,2,1,61,12,8
350712,0,1289,0,40,2,6,2,1,46,56,8
377585,0,1289,0,40,3,1,2,1,13,49,8
378258,0,1289,0,40,2,1,2,1,13,46,8
327458,0,1289,0,40,3,10,2,1,47,21,8
337336,0,1289,0,40,2,8,2,1,63,61,8
334530,0,1289,0,40,3,8,2,1,78,62,8
374182,0,1289,0,40,3,2,2,1,14,45,8
328203,0,1289,0,40,2,4,2,1,41,61,8
369564,0,1289,0,40,2,3,2,1,19,39,8
345894,0,1289,0,40,2,6,2,1,47,55,8
328269,0,1289,0,40,3,8,2,1,75,54,8
374887,0,1289,0,40,3,2,2,1,17,30,8
378287,0,1289,0,40,3,1,2,1,12,39,8
378721,0,1289,0,40,2,1,2,1,12,38,8
378907,0,1289,0,40,2,1,2,1,12,75,8
379041,0,1289,0,40,2,1,2,1,12,19,8
338266,0,1289,0,40,3,8,2,1,53,50,8
325716,0,1289,0,40,3,11,2,1,69,20,8
355121,0,1289,0,40,3,6,2,1,34,58,8
355467,0,1289,0,40,2,4,2,1,44,57,8
360760,0,1289,0,40,2,5,2,1,30,55,8
353272,0,1289,0,40,2,5,2,1,39,61,8
360230,0,1289,0,40,3,5,2,1,30,20,8
359697,0,1289,0,40,3,5,2,1,30,40,8
350490,0,1289,0,40,3,8,2,1,38,35,8
378906,0,1289,0,40,3,1,2,1,11,43,8
379724,0,1289,0,40,3,1,2,1,11,27,8
338410,0,1289,0,40,2,11,2,1,47,24,8
373029,0,1289,0,40,3,2,2,1,15,41,8
368778,0,1289,0,40,3,2,2,1,24,70,8
360439,0,1289,0,40,2,4,2,1,28,92,8
359839,0,1289,0,40,2,4,2,1,33,31,8
360510,0,1289,0,40,2,5,2,1,22,35,8
345969,0,1289,0,40,3,8,2,1,44,43,8
371449,0,1289,0,40,2,2,2,1,22,50,8
332222,0,1289,0,40,2,10,2,1,87,54,8
365168,0,1289,0,40,2,4,2,1,24,54,8
359630,0,1289,0,40,3,6,2,1,23,60,8
327598,0,1289,0,40,2,4,2,1,21,45,8
367606,0,1289,0,40,2,3,2,1,26,30,8
322567,0,1289,0,40,2,12,2,1,71,70,8
325618,0,1289,0,40,2,7,2,1,58,60,8
356205,0,1289,0,40,2,6,2,1,35,17,8
379257,0,1289,0,40,2,1,2,1,10,41,8
379309,0,1289,0,40,2,1,2,1,10,67,8
380350,0,1289,0,40,2,1,2,1,10,46,8
345684,0,1289,0,40,3,6,2,1,56,27,8
330910,0,1289,0,40,2,9,2,1,93,24,8
364750,0,1289,0,40,2,2,2,1,35,23,8
368813,0,1289,0,40,3,1,2,1,25,53,8
328016,0,1289,0,40,3,8,2,1,58,41,8
351860,0,1289,0,40,2,5,2,1,35,12,8
343962,0,1289,0,40,3,6,2,1,55,22,8
363313,0,1289,0,40,2,2,2,1,36,67,8
372263,0,1289,0,40,3,1,2,1,23,21,8
373315,0,1289,0,40,3,1,2,1,23,16,8
373020,0,1289,0,40,3,1,2,1,22,40,8
324535,0,1289,0,40,2,11,2,1,66,26,8
334777,0,1289,0,40,2,9,2,1,78,53,8
366424,0,1289,0,40,2,3,2,1,25,65,8
349733,0,1289,0,40,3,5,2,1,57,33,8
359670,0,1289,0,40,3,4,2,1,25,45,8
359557,0,1289,0,40,3,4,2,1,38,16,8
361308,0,1289,0,40,3,5,2,1,35,98,8
354541,0,1289,0,40,3,5,2,1,36,17,8
361420,0,1289,0,40,3,4,2,1,28,18,8
372028,0,1289,0,40,3,2,2,1,20,50,8
369852,0,1289,0,40,2,2,2,1,26,48,8
356137,0,1289,0,40,2,5,2,1,38,42,8
350231,0,1289,0,40,3,6,2,1,35,23,8
335595,0,1289,0,40,3,8,2,1,71,15,8
351427,0,1289,0,40,2,5,2,1,35,73,8
343249,0,1289,0,40,3,7,2,1,59,39,8
370456,0,1289,0,40,2,2,2,1,23,42,8
370297,0,1289,0,40,2,2,2,1,19,62,8
356102,0,1289,0,40,3,5,2,1,35,35,8
357752,0,1289,0,40,3,3,2,1,47,61,8
345663,0,1289,0,40,2,10,2,1,43,48,8
338769,0,1289,0,40,2,9,2,1,64,39,8
374047,0,1289,0,40,3,2,2,1,17,71,8
373157,0,1289,0,40,3,2,2,1,20,32,8
365254,0,1289,0,40,2,4,2,1,31,19,8
363896,0,1289,0,40,3,3,2,1,28,35,8
357823,0,1289,0,40,3,5,2,1,31,17,8
370315,0,1289,0,40,3,2,2,1,22,54,8
361033,0,1289,0,40,2,5,2,1,24,30,8
329508,0,1289,0,40,3,7,2,1,49,77,8
370755,0,1289,0,40,3,3,2,1,22,56,8
373485,0,1289,0,40,2,3,2,1,17,34,8
376576,0,1289,0,40,2,1,2,1,15,98,8
344823,0,1289,0,40,3,8,2,1,35,45,8
334826,0,1289,0,40,2,8,2,1,66,40,8
370458,0,1289,0,40,2,2,2,1,21,28,8
349380,0,1289,0,40,3,5,2,1,41,47,8
361862,0,1289,0,40,3,4,2,1,33,35,8
355726,0,1289,0,40,2,5,2,1,34,48,8
368355,0,1289,0,40,3,3,2,1,18,52,8
376202,0,1289,0,40,2,2,2,1,15,59,8
377505,0,1289,0,40,2,1,2,1,14,67,8
357627,0,1289,0,40,2,4,2,1,34,18,8
365949,0,1289,0,40,3,2,2,1,28,53,8
345889,0,1289,0,40,2,8,2,1,42,63,8
361453,0,1289,0,40,3,5,2,1,25,53,8
350209,0,1289,0,40,3,6,2,1,52,96,8
364008,0,1289,0,40,3,3,2,1,32,44,8
328725,0,1289,0,40,2,15,2,1,68,26,8
363503,0,1289,0,40,3,4,2,1,26,28,8
335358,0,1289,0,40,2,11,2,1,59,14,8
377575,0,1289,0,40,3,1,2,1,13,40,8
378531,0,1289,0,40,2,1,2,1,13,37,8
378845,0,1289,0,40,3,1,2,1,13,67,8
366522,0,1289,0,40,2,4,2,1,20,33,8
336854,0,1289,0,40,3,9,2,1,72,34,8
366528,0,1289,0,40,2,3,2,1,28,98,8
374666,0,1289,0,40,3,2,2,1,15,55,8
344190,1,1289,1279,25.1606,3,7,2,1,60,21,8
369884,0,1289,0,40,3,3,2,1,16,31,8
370673,0,1289,0,40,2,4,2,1,21,21,8
324172,0,1289,0,40,2,4,2,1,54,26,8
362656,0,1289,0,40,3,3,2,1,34,52,8
367066,0,1289,0,40,2,4,2,1,30,96,8
353821,0,1289,0,40,2,7,2,1,37,72,8
378545,0,1289,0,40,3,1,2,1,12,47,8
378818,0,1289,0,40,2,1,2,1,12,44,8
379026,0,1289,0,40,2,1,2,1,12,21,8
379198,0,1289,0,40,3,1,2,1,12,43,8
379612,0,1289,0,40,2,1,2,1,12,24,8
379652,0,1289,0,40,3,1,2,1,12,6,8
326112,0,1289,0,40,2,8,2,1,40,39,8
362599,0,1289,0,40,3,4,2,1,27,30,8
372020,0,1289,0,40,2,3,2,1,15,48,8
335809,0,1289,0,40,3,9,2,1,73,37,8
369389,0,1289,0,40,2,3,2,1,18,41,8
352240,0,1289,0,40,3,7,2,1,37,64,8
338197,0,1289,0,40,2,8,2,1,66,31,8
378606,0,1289,0,40,3,2,2,1,12,19,8
345484,0,1289,0,40,3,7,2,1,49,41,8
379966,0,1289,0,40,2,1,2,1,11,60,8
380066,0,1289,0,40,2,1,2,1,11,31,8
380272,0,1289,0,40,3,1,2,1,11,61,8
328075,0,1289,0,40,3,7,2,1,60,47,8
373800,1,1289,1272,40,2,2,2,1,13,37,8
370329,0,1289,0,40,2,2,2,1,23,52,8
351864,0,1289,0,40,3,6,2,1,32,41,8
360485,0,1289,0,40,3,4,2,1,31,47,8
370149,0,1289,0,40,2,4,2,1,17,53,8
338973,0,1289,0,40,2,9,2,1,65,46,8
323154,0,1289,0,40,2,6,2,1,57,73,8
375861,0,1289,0,40,3,2,2,1,14,31,8
365721,0,1289,0,40,3,3,2,1,28,44,8
374337,0,1289,0,40,3,2,2,1,18,27,8
355015,0,1289,0,40,3,5,2,1,31,41,8
375555,0,1289,0,40,2,2,2,1,15,24,8
339386,0,1289,0,40,2,10,2,1,49,49,8
350478,0,1289,0,40,3,6,2,1,48,31,8
362671,0,1289,0,40,3,6,2,1,29,26,8
371620,0,1289,0,40,2,4,2,1,20,32,8
359418,0,1289,0,40,2,7,2,1,26,38,8
378261,0,1289,0,40,2,1,2,1,10,31,8
325865,0,1289,0,40,3,1,2,1,15,20,8
364325,0,1289,0,40,3,2,2,1,36,52,8
358214,0,1289,0,40,3,4,2,1,38,56,8
335279,0,1289,0,40,3,10,2,1,66,16,8
359650,0,1289,0,40,2,4,2,1,37,66,8
357539,0,1289,0,40,2,5,2,1,34,50,8
337814,0,1289,0,40,2,7,2,1,54,29,8
352647,1,1289,1280,39.2426,2,5,2,1,54,23,8
367936,0,1289,0,40,3,2,2,1,29,32,8
370821,0,1289,0,40,3,2,2,1,26,31,8
373336,0,1289,0,40,2,1,2,1,23,65,8
360664,0,1289,0,40,2,3,2,1,34,33,8
374409,0,1289,0,40,3,1,2,1,22,30,8
363414,0,1289,0,40,3,4,2,1,30,44,8
357562,0,1289,0,40,2,4,2,1,43,60,8
353405,0,1289,0,40,2,5,2,1,41,68,8
358713,0,1289,0,40,3,5,2,1,29,45,8
372548,0,1289,0,40,3,2,2,1,22,38,8
376199,0,1289,0,40,3,1,2,1,19,30,8
370732,0,1289,0,40,2,2,2,1,22,39,8
351880,0,1289,0,40,2,6,2,1,40,58,8
376753,0,1289,0,40,3,1,2,1,18,36,8
346829,0,1289,0,40,2,5,2,1,63,41,8
327109,0,1289,0,40,2,8,2,1,46,53,8
346819,0,1289,0,40,2,7,2,1,44,78,8
373949,0,1289,0,40,3,2,2,1,19,79,8
374769,0,1289,0,40,3,1,2,1,17,43,8
377122,0,1289,0,40,2,1,2,1,17,19,8
372052,0,1289,0,40,2,2,2,1,17,30,8
356687,0,1289,0,40,2,4,2,1,34,123,8
369554,1,1289,1268,36.413,3,2,2,1,22,64,8
357242,0,1289,0,40,3,4,2,1,34,27,8
341952,0,1289,0,40,3,7,2,1,59,29,8
324059,0,1289,0,40,3,10,2,1,69,88,8
366978,0,1289,0,40,2,3,2,1,30,27,8
373436,0,1289,0,40,3,2,2,1,16,40,8
365906,0,1289,0,40,2,2,2,1,30,53,8
364446,0,1289,0,40,3,4,2,1,31,21,8
327197,0,1289,0,40,2,7,2,1,56,32,8
365183,1,1289,1280,25.2747,3,3,2,1,25,29,8
361360,0,1289,0,40,3,3,2,1,31,40,8
357183,0,1289,0,40,2,7,2,1,30,16,8
360053,0,1289,0,40,2,4,2,1,34,55,8
373788,0,1289,0,40,2,2,2,1,19,21,8
378539,0,1289,0,40,3,1,2,1,14,65,8
378987,0,1289,0,40,3,1,2,1,14,90,8
341305,0,1289,0,40,2,10,2,1,40,66,8
368361,1,1289,1280,14.5493,3,2,2,1,25,55,8
370332,0,1289,0,40,2,3,2,1,18,82,8
347054,0,1289,0,40,2,7,2,1,41,22,8
352042,0,1289,0,40,3,7,2,1,32,72,8
378778,0,1289,0,40,3,1,2,1,13,67,8
369054,0,1289,0,40,2,3,2,1,20,51,8
348404,0,1289,0,40,3,7,2,1,38,63,8
354588,0,1289,0,40,3,8,2,1,33,64,8
303268,0,1289,0,40,3,17,2,1,101,34,8
361136,1,1289,1252,40,3,4,2,1,28,60,8
366250,0,1289,0,40,3,2,2,1,31,25,8
358010,0,1289,0,40,2,3,2,1,40,65,8
366715,0,1289,0,40,2,4,2,1,25,55,8
376818,0,1289,0,40,2,2,2,1,14,35,8
343187,0,1289,0,40,2,9,2,1,44,59,8
372010,0,1289,0,40,3,3,2,1,18,85,8
377439,0,1289,0,40,2,2,2,1,14,54,8
369142,0,1289,0,40,2,4,2,1,24,12,8
377087,0,1289,0,40,2,1,2,1,12,40,8
380156,0,1289,0,40,3,1,2,1,12,54,8
360982,0,1289,0,40,3,4,2,1,25,27,8
349200,0,1289,0,40,3,5,2,1,43,24,8
325835,0,1289,0,40,3,13,2,1,70,21,8
329146,0,1289,0,40,2,6,2,1,50,26,8
364020,0,1289,0,40,3,4,2,1,31,4,8
328002,1,1289,1280,25.7164,3,17,2,1,93,34,8
351868,0,1289,0,40,3,5,2,1,48,29,8
360119,0,1289,0,40,2,5,2,1,36,21,8
379395,0,1289,0,40,3,1,2,1,11,48,8
379821,0,1289,0,40,3,1,2,1,11,26,8
379889,0,1289,0,40,2,1,2,1,11,32,8
380325,0,1289,0,40,2,1,2,1,11,58,8
380362,0,1289,0,40,2,1,2,1,11,58,8
380692,0,1289,0,40,2,1,2,1,11,49,8
376295,0,1289,0,40,2,2,2,1,11,25,8
371492,0,1289,0,40,2,3,2,1,18,80,8
341582,0,1289,0,40,3,8,2,1,60,29,8
353553,0,1289,0,40,3,7,2,1,36,73,8
315222,0,1289,0,40,2,12,2,1,61,58,8
363176,0,1289,0,40,3,3,2,1,30,31,8
327181,0,1289,0,40,3,2,2,1,39,41,8
350089,0,1289,0,40,2,8,2,1,40,64,8
379165,0,1289,0,40,2,2,2,1,11,32,8
354273,0,1289,0,40,2,5,2,1,40,23,8
357919,0,1289,0,40,3,6,2,1,37,26,8
379679,0,1289,0,40,2,1,2,1,10,35,8
380155,0,1289,0,40,2,1,2,1,10,49,8
380891,0,1289,0,40,3,1,2,1,10,75,8
381254,0,1289,0,40,3,1,2,1,10,36,8
367718,0,1289,0,40,2,1,2,1,35,35,8
332801,0,1289,0,40,2,6,2,1,85,46,8
344725,0,1289,0,40,3,6,2,1,56,24,8
338040,0,1289,0,40,3,8,2,1,70,36,8
368402,0,1289,0,40,2,2,2,1,29,42,8
351520,0,1289,0,40,2,5,2,1,43,45,8
340476,0,1289,0,40,3,10,2,1,57,34,8
314515,0,1289,0,40,3,13,2,1,91,62,8
345579,0,1289,0,40,2,8,2,1,48,124,8
373730,0,1289,0,40,3,2,2,1,20,48,8
367436,0,1289,0,40,2,3,2,1,29,49,8
334921,0,1289,0,40,3,10,2,1,74,22,8
330758,0,1289,0,40,3,10,2,1,83,60,8
350710,0,1289,0,40,2,8,2,1,46,46,8
367831,0,1289,0,40,3,3,2,1,23,64,8
348449,0,1289,0,40,2,6,2,1,47,43,8
323939,0,1289,0,40,3,6,2,1,68,51,8
366138,0,1289,0,40,3,4,2,1,24,49,8
379702,0,1289,0,40,2,1,2,1,14,18,8
379792,0,1289,0,40,3,1,2,1,14,41,8
320641,0,1289,0,40,3,8,2,1,63,52,8
370278,0,1289,0,40,2,2,2,1,25,36,8
349719,0,1289,0,40,2,7,2,1,41,17,8
379954,0,1289,0,40,2,1,2,1,13,90,8
344737,0,1289,0,40,3,5,2,1,52,52,8
336055,0,1289,0,40,3,13,2,1,51,37,8
362940,0,1289,0,40,3,5,2,1,28,22,8
356984,1,1289,1276,40,2,5,2,1,41,53,8
379012,0,1289,0,40,3,1,2,1,12,52,8
379973,0,1289,0,40,3,1,2,1,12,12,8
352228,0,1289,0,40,2,7,2,1,43,29,8
363393,0,1289,0,40,2,4,2,1,21,38,8
360974,0,1289,0,40,3,3,2,1,36,33,8
367587,0,1289,0,40,2,3,2,1,27,80,8
365957,0,1289,0,40,2,4,2,1,30,20,8
323031,0,1289,0,40,3,13,2,1,91,35,8
379831,0,1289,0,40,3,1,2,1,10,38,8
329441,0,1289,0,40,3,12,2,1,93,25,8
353970,0,1289,0,40,2,6,2,1,39,45,8
339470,0,1289,0,40,2,6,2,1,74,25,8
359263,0,1289,0,40,2,5,2,1,29,26,8
357757,0,1289,0,40,3,4,2,1,39,51,8
372355,0,1289,0,40,3,2,2,1,19,28,8
371388,0,1289,0,40,3,2,2,1,23,52,8
340413,0,1289,0,40,2,6,2,1,61,55,8
379586,0,1289,0,40,2,2,2,1,15,46,8
339127,0,1289,0,40,2,8,2,1,61,63,8
355523,0,1289,0,40,2,8,2,1,30,10,8
362850,0,1289,0,40,2,6,2,1,28,37,8
337363,0,1289,0,40,2,9,2,1,62,59,8
372792,0,1289,0,40,2,3,2,1,25,99,8
379148,0,1289,0,40,3,0,2,1,9,48,8
379519,0,1289,0,40,3,0,2,1,9,39,8
379887,0,1289,0,40,2,0,2,1,9,27,8
380079,0,1289,0,40,3,0,2,1,9,19,8
380143,0,1289,0,40,3,0,2,1,9,44,8
380373,0,1289,0,40,3,0,2,1,9,56,8
380533,0,1289,0,40,2,0,2,1,9,29,8
380821,0,1289,0,40,2,0,2,1,9,62,8
380959,0,1289,0,40,3,0,2,1,9,23,8
381007,0,1289,0,40,2,0,2,1,9,42,8
381047,0,1289,0,40,3,0,2,1,9,59,8
381075,0,1289,0,40,2,0,2,1,9,18,8
381123,0,1289,0,40,3,0,2,1,9,32,8
381267,0,1289,0,40,3,0,2,1,9,30,8
381395,0,1289,0,40,3,0,2,1,9,59,8
381427,0,1289,0,40,3,0,2,1,9,23,8
381443,0,1289,0,40,2,0,2,1,9,51,8
381488,0,1289,0,40,3,0,2,1,9,17,8
381568,0,1289,0,40,3,0,2,1,9,27,8
381584,0,1289,0,40,2,0,2,1,9,42,8
381640,0,1289,0,40,2,0,2,1,9,65,8
381648,0,1289,0,40,3,0,2,1,9,17,8
381712,0,1289,0,40,3,0,2,1,9,48,8
381720,0,1289,0,40,3,0,2,1,9,43,8
381728,0,1289,0,40,3,0,2,1,9,31,8
381752,0,1289,0,40,2,0,2,1,9,71,8
381792,0,1289,0,40,3,0,2,1,9,23,8
381844,0,1289,0,40,2,0,2,1,9,47,8
381884,0,1289,0,40,3,0,2,1,9,31,8
381940,0,1289,0,40,3,0,2,1,9,25,8
381956,0,1289,0,40,3,0,2,1,9,34,8
382036,0,1289,0,40,3,0,2,1,9,16,8
382068,0,1289,0,40,2,0,2,1,9,46,8
382084,0,1289,0,40,2,0,2,1,9,41,8
382092,0,1289,0,40,3,0,2,1,9,41,8
382116,0,1289,0,40,3,0,2,1,9,33,8
382152,0,1289,0,40,2,0,2,1,9,30,8
382164,0,1289,0,40,3,0,2,1,9,57,8
382176,0,1289,0,40,2,0,2,1,9,68,8
382188,0,1289,0,40,2,0,2,1,9,71,8
382192,0,1289,0,40,2,0,2,1,9,25,8
382200,0,1289,0,40,3,0,2,1,9,52,8
382220,0,1289,0,40,2,0,2,1,9,21,8
382224,0,1289,0,40,2,0,2,1,9,36,8
382236,0,1289,0,40,2,0,2,1,9,51,8
382268,0,1289,0,40,2,0,2,1,9,31,8
382288,0,1289,0,40,3,0,2,1,9,17,8
382300,0,1289,0,40,2,0,2,1,9,37,8
382304,0,1289,0,40,2,0,2,1,9,33,8
382320,0,1289,0,40,2,0,2,1,9,18,8
382340,0,1289,0,40,2,0,2,1,9,63,8
382356,0,1289,0,40,3,0,2,1,9,54,8
382360,0,1289,0,40,2,0,2,1,9,30,8
382376,0,1289,0,40,2,0,2,1,9,37,8
382388,0,1289,0,40,2,0,2,1,9,31,8
382412,0,1289,0,40,2,0,2,1,9,26,8
382428,0,1289,0,40,3,0,2,1,9,36,8
382464,0,1289,0,40,2,0,2,1,9,43,8
382500,0,1289,0,40,2,0,2,1,9,40,8
382504,0,1289,0,40,3,0,2,1,9,31,8
382516,0,1289,0,40,2,0,2,1,9,23,8
382548,0,1289,0,40,2,0,2,1,9,57,8
382568,0,1289,0,40,3,0,2,1,9,43,8
382592,0,1289,0,40,2,0,2,1,9,17,8
382616,0,1289,0,40,2,0,2,1,9,82,8
382624,0,1289,0,40,3,0,2,1,9,19,8
382628,0,1289,0,40,2,0,2,1,9,52,8
382636,0,1289,0,40,3,0,2,1,9,33,8
382640,0,1289,0,40,2,0,2,1,9,40,8
382664,0,1289,0,40,2,0,2,1,9,46,8
382672,0,1289,0,40,3,0,2,1,9,32,8
382687,0,1289,0,40,2,0,2,1,9,68,8
382699,0,1289,0,40,3,0,2,1,9,41,8
382707,0,1289,0,40,2,0,2,1,9,42,8
382709,0,1289,0,40,2,0,2,1,9,39,8
382715,0,1289,0,40,2,0,2,1,9,46,8
382717,0,1289,0,40,2,0,2,1,9,49,8
382723,0,1289,0,40,2,0,2,1,9,35,8
382725,0,1289,0,40,2,0,2,1,9,26,8
382727,0,1289,0,40,3,0,2,1,9,18,8
382743,0,1289,0,40,3,0,2,1,9,20,8
382751,0,1289,0,40,3,0,2,1,9,48,8
382753,0,1289,0,40,2,0,2,1,9,71,8
382755,0,1289,0,40,3,0,2,1,9,68,8
382757,0,1289,0,40,2,0,2,1,9,39,8
382775,0,1289,0,40,2,0,2,1,9,41,8
382787,0,1289,0,40,3,0,2,1,9,50,8
382795,0,1289,0,40,3,0,2,1,9,37,8
382801,0,1289,0,40,2,0,2,1,9,20,8
382803,0,1289,0,40,3,0,2,1,9,48,8
382813,0,1289,0,40,2,0,2,1,9,27,8
382831,0,1289,0,40,2,0,2,1,9,19,8
382839,0,1289,0,40,3,0,2,1,9,51,8
382853,0,1289,0,40,3,0,2,1,9,44,8
382861,0,1289,0,40,2,0,2,1,9,28,8
382867,0,1289,0,40,3,0,2,1,9,60,8
382875,0,1289,0,40,2,0,2,1,9,22,8
382885,0,1289,0,40,2,0,2,1,9,34,8
382893,0,1289,0,40,2,0,2,1,9,34,8
382905,0,1289,0,40,2,0,2,1,9,76,8
382923,0,1289,0,40,3,0,2,1,9,23,8
382935,0,1289,0,40,2,0,2,1,9,13,8
382945,0,1289,0,40,3,0,2,1,9,23,8
382955,0,1289,0,40,2,0,2,1,9,29,8
382963,0,1289,0,40,2,0,2,1,9,55,8
382971,0,1289,0,40,2,0,2,1,9,37,8
382983,0,1289,0,40,3,0,2,1,9,43,8
382985,0,1289,0,40,3,0,2,1,9,25,8
382991,0,1289,0,40,2,0,2,1,9,55,8
382999,0,1289,0,40,3,0,2,1,9,40,8
383003,0,1289,0,40,2,0,2,1,9,64,8
383009,0,1289,0,40,3,0,2,1,9,76,8
383021,0,1289,0,40,3,0,2,1,9,68,8
383027,0,1289,0,40,3,0,2,1,9,45,8
383031,0,1289,0,40,2,0,2,1,9,35,8
383033,0,1289,0,40,2,0,2,1,9,40,8
383035,0,1289,0,40,2,0,2,1,9,66,8
383045,0,1289,0,40,2,0,2,1,9,27,8
383049,0,1289,0,40,3,0,2,1,9,59,8
383051,0,1289,0,40,3,0,2,1,9,74,8
383063,0,1289,0,40,3,0,2,1,9,30,8
383069,0,1289,0,40,3,0,2,1,9,41,8
383073,0,1289,0,40,3,0,2,1,9,43,8
383077,0,1289,0,40,3,0,2,1,9,89,8
383081,0,1289,0,40,2,0,2,1,9,28,8
383083,0,1289,0,40,3,0,2,1,9,36,8
383089,0,1289,0,40,2,0,2,1,9,68,8
383107,0,1289,0,40,2,0,2,1,9,50,8
383115,0,1289,0,40,2,0,2,1,9,31,8
383121,0,1289,0,40,3,0,2,1,9,21,8
383131,0,1289,0,40,3,0,2,1,9,24,8
383135,0,1289,0,40,3,0,2,1,9,16,8
383137,0,1289,0,40,3,0,2,1,9,79,8
383149,0,1289,0,40,3,0,2,1,9,48,8
383161,0,1289,0,40,3,0,2,1,9,81,8
383165,0,1289,0,40,2,0,2,1,9,48,8
383167,0,1289,0,40,2,0,2,1,9,44,8
383171,0,1289,0,40,2,0,2,1,9,34,8
383175,0,1289,0,40,3,0,2,1,9,19,8
383181,0,1289,0,40,3,0,2,1,9,145,8
383187,0,1289,0,40,3,0,2,1,9,32,8
383197,0,1289,0,40,3,0,2,1,9,28,8
383201,0,1289,0,40,2,0,2,1,9,13,8
383207,0,1289,0,40,2,0,2,1,9,56,8
383211,0,1289,0,40,2,0,2,1,9,80,8
383225,0,1289,0,40,3,0,2,1,9,32,8
370676,0,1289,0,40,2,1,2,1,12,47,8
338666,0,1289,0,40,3,10,2,1,50,65,8
347569,0,1289,0,40,2,4,2,1,47,36,8
368030,0,1289,0,40,3,2,2,1,18,16,8
343087,0,1289,0,40,3,7,2,1,33,64,8
375448,0,1289,0,40,2,1,2,1,10,80,8
322354,0,1289,0,40,2,12,2,1,85,66,8
357015,0,1289,0,40,2,4,2,1,34,26,8
373644,0,1289,0,40,3,1,2,1,12,17,8
328623,0,1289,0,40,2,13,2,1,81,62,8
304575,0,1289,0,40,3,15,2,1,84,54,8
348478,0,1289,0,40,2,5,2,1,42,38,8
376941,0,1289,0,40,2,1,2,1,9,56,8
364265,0,1289,0,40,3,3,2,1,25,48,8
373437,0,1289,0,40,3,1,2,1,15,36,8
350709,0,1289,0,40,2,5,2,1,46,27,8
273838,0,1289,0,40,3,21,2,1,147,36,8
353314,0,1289,0,40,2,5,2,1,31,98,8
375651,0,1289,0,40,3,1,2,1,11,15,8
365533,0,1289,0,40,2,2,2,1,24,20,8
341432,0,1289,0,40,2,9,2,1,64,95,8
330066,0,1289,0,40,2,7,2,1,43,63,8
368684,0,1289,0,40,3,2,2,1,18,48,8
348099,0,1289,0,40,3,6,2,1,50,29,8
360457,0,1289,0,40,3,4,2,1,27,68,8
374086,0,1289,0,40,3,1,2,1,14,63,8
350500,0,1289,0,40,2,5,2,1,43,42,8
322993,0,1289,0,40,2,15,2,1,76,33,8
374685,0,1289,0,40,3,1,2,1,12,48,8
359900,0,1289,0,40,2,4,2,1,22,99,8
365343,0,1289,0,40,3,3,2,1,19,50,8
364518,0,1289,0,40,2,3,2,1,25,66,8
376901,0,1289,0,40,2,1,2,1,11,67,8
370674,0,1289,0,40,2,2,2,1,12,24,8
341773,0,1289,0,40,2,8,2,1,45,24,8
350597,0,1289,0,40,2,5,2,1,34,42,8
340447,0,1289,0,40,3,8,2,1,46,31,8
363854,0,1289,0,40,2,3,2,1,26,63,8
325956,0,1289,0,40,3,5,2,1,46,55,8
377756,0,1289,0,40,2,1,2,1,9,59,8
338401,0,1289,0,40,2,8,2,1,67,69,8
303625,0,1289,0,40,2,14,2,1,93,45,8
362488,0,1289,0,40,3,2,2,1,36,40,8
356750,0,1289,0,40,3,4,2,1,32,65,8
360399,0,1289,0,40,3,2,2,1,32,28,8
337911,0,1289,0,40,3,9,2,1,53,42,8
360454,0,1289,0,40,2,4,2,1,29,67,8
342482,0,1289,0,40,3,6,2,1,56,80,8
353306,0,1289,0,40,2,4,2,1,38,33,8
335203,0,1289,0,40,3,9,2,1,63,20,8
316233,0,1289,0,40,2,14,2,1,86,26,8
342099,0,1289,0,40,2,5,2,1,51,27,8
353182,0,1289,0,40,3,6,2,1,39,28,8
374916,0,1289,0,40,3,1,2,1,15,70,8
339897,0,1289,0,40,2,5,2,1,67,65,8
367545,0,1289,0,40,3,4,2,1,19,9,8
375915,0,1289,0,40,3,1,2,1,13,30,8
358955,0,1289,0,40,2,3,2,1,31,28,8
370199,0,1289,0,40,2,4,2,1,17,48,8
354067,0,1289,0,40,2,3,2,1,49,52,8
345955,0,1289,0,40,2,5,2,1,45,63,8
364111,0,1289,0,40,3,4,2,1,20,52,8
338304,0,1289,0,40,2,7,2,1,47,55,8
358782,0,1289,0,40,2,4,2,1,34,13,8
370853,0,1289,0,40,2,3,2,1,19,49,8
330986,0,1289,0,40,3,12,2,1,94,47,8
374272,0,1289,0,40,2,2,2,1,12,49,8
376506,0,1289,0,40,3,1,2,1,11,32,8
361847,0,1289,0,40,2,3,2,1,30,35,8
367207,0,1289,0,40,3,3,2,1,16,56,8
376844,0,1289,0,40,2,1,2,1,10,25,8
377824,0,1289,0,40,3,1,2,1,10,68,8
347534,1,1289,1275,35.3967,3,5,2,1,41,18,8
354511,0,1289,0,40,3,6,2,1,32,31,8
359021,0,1289,0,40,3,4,2,1,26,47,8
332797,0,1289,0,40,3,9,2,1,69,30,8
346281,0,1289,0,40,2,5,2,1,43,64,8
360300,0,1289,0,40,2,2,2,1,38,94,8
356202,0,1289,0,40,2,5,2,1,30,23,8
366642,0,1289,0,40,2,1,2,1,30,19,8
351798,0,1289,0,40,2,5,2,1,42,39,8
370631,0,1289,0,40,2,1,2,1,23,15,8
357871,0,1289,0,40,2,3,2,1,40,75,8
371812,0,1289,0,40,2,1,2,1,21,64,8
349128,0,1289,0,40,2,7,2,1,34,26,8
372456,0,1289,0,40,3,1,2,1,20,46,8
372911,0,1289,0,40,3,1,2,1,19,38,8
322005,0,1289,0,40,3,9,2,1,59,62,8
340273,0,1289,0,40,2,6,2,1,65,44,8
354693,0,1289,0,40,3,5,2,1,41,47,8
327911,0,1289,0,40,2,6,2,1,66,66,8
370134,0,1289,0,40,2,2,2,1,21,24,8
374161,0,1289,0,40,3,1,2,1,17,17,8
339736,0,1289,0,40,2,6,2,1,69,28,8
349477,0,1289,0,40,2,4,2,1,46,53,8
337964,0,1289,0,40,2,8,2,1,54,77,8
362159,0,1289,0,40,2,4,2,1,26,40,8
365091,0,1289,0,40,3,3,2,1,25,25,8
328908,0,1289,0,40,2,9,2,1,56,25,8
376191,0,1289,0,40,2,1,2,1,14,25,8
326594,0,1289,0,40,3,4,2,1,56,45,8
333699,0,1289,0,40,3,10,2,1,65,28,8
360162,0,1289,0,40,3,5,2,1,29,29,8
375179,0,1289,0,40,2,1,2,1,13,25,8
368776,0,1289,0,40,3,2,2,1,21,41,8
355645,0,1289,0,40,3,4,2,1,34,61,8
365421,0,1289,0,40,3,3,2,1,25,17,8
374139,0,1289,0,40,2,2,2,1,13,51,8
368951,0,1289,0,40,3,3,2,1,20,57,8
374801,0,1289,0,40,3,1,2,1,12,73,8
377214,0,1289,0,40,2,1,2,1,12,46,8
377408,1,1289,1276,40,2,1,2,1,12,25,8
360556,0,1289,0,40,3,3,2,1,26,28,8
354723,0,1289,0,40,3,5,2,1,33,6,8
333792,0,1289,0,40,3,12,2,1,73,46,8
364991,0,1289,0,40,3,3,2,1,22,75,8
368137,0,1289,0,40,2,3,2,1,14,72,8
345613,0,1289,0,40,2,7,2,1,51,64,8
360487,0,1289,0,40,3,5,2,1,20,29,8
374856,0,1289,0,40,2,2,2,1,13,44,8
372949,0,1289,0,40,3,2,2,1,17,60,8
324354,0,1289,0,40,2,7,2,1,48,29,8
377291,0,1289,0,40,2,1,2,1,11,32,8
377578,0,1289,0,40,2,1,2,1,11,33,8
362436,0,1289,0,40,2,2,2,1,27,14,8
346083,0,1289,0,40,3,5,2,1,53,77,8
363153,0,1289,0,40,2,4,2,1,20,14,8
351712,0,1289,0,40,3,4,2,1,46,43,8
377825,0,1289,0,40,3,1,2,1,10,43,8
378025,0,1289,0,40,3,1,2,1,10,22,8
332467,0,1289,0,40,3,15,2,1,63,37,8
365886,0,1289,0,40,3,4,2,1,20,44,8
358962,0,1289,0,40,2,3,2,1,33,43,8
366975,0,1289,0,40,2,3,2,1,15,22,8
375011,0,1289,0,40,2,2,2,1,11,83,8
351223,0,1289,0,40,2,5,2,1,40,64,8
324209,0,1289,0,40,3,11,2,1,47,56,8
322453,1,1289,1276,30.0299,3,8,2,1,64,70,8
366915,0,1289,0,40,2,4,2,1,22,60,8
374120,0,1289,0,40,2,2,2,1,12,38,8
378759,0,1289,0,40,2,1,2,1,9,27,8
379099,0,1289,0,40,2,1,2,1,9,32,8
324398,0,1289,0,40,2,10,2,1,83,33,8
363368,0,1289,0,40,2,3,2,1,35,33,8
369986,0,1289,0,40,2,1,2,1,24,23,8
328234,0,1289,0,40,2,7,2,1,48,42,8
339230,0,1289,0,40,2,6,2,1,61,30,8
372630,0,1289,0,40,3,1,2,1,21,29,8
349277,0,1289,0,40,3,7,2,1,50,37,8
347089,0,1289,0,40,3,4,2,1,59,64,8
365652,0,1289,0,40,3,2,2,1,27,88,8
373799,0,1289,0,40,3,1,2,1,19,42,8
366205,0,1289,0,40,2,3,2,1,22,90,8
323983,0,1289,0,40,2,7,2,1,58,87,8
362053,1,1289,1277,29.9398,3,4,2,1,25,17,8
375098,0,1289,0,40,2,1,2,1,17,91,8
374524,0,1289,0,40,3,1,2,1,16,53,8
375396,0,1289,0,40,3,1,2,1,16,39,8
363101,0,1289,0,40,2,3,2,1,29,31,8
342325,0,1289,0,40,2,9,2,1,44,19,8
337268,0,1289,0,40,3,7,2,1,73,51,8
334059,0,1289,0,40,2,12,2,1,55,70,8
323378,0,1289,0,40,3,8,2,1,73,84,8
374214,0,1289,0,40,2,2,2,1,16,112,8
375806,0,1289,0,40,2,1,2,1,14,47,8
367663,0,1289,0,40,2,3,2,1,19,43,8
335255,0,1289,0,40,2,13,2,1,48,86,8
356324,0,1289,0,40,3,6,2,1,32,50,8
344087,0,1289,0,40,3,6,2,1,58,10,8
371074,0,1289,0,40,2,2,2,1,14,36,8
347890,0,1289,0,40,3,5,2,1,44,34,8
346201,0,1289,0,40,3,5,2,1,58,31,8
363372,0,1289,0,40,3,3,2,1,24,47,8
365568,0,1289,0,40,2,3,2,1,24,63,8
371903,0,1289,0,40,2,2,2,1,13,23,8
361415,1,1289,1245,40,3,3,2,1,28,57,8
365805,0,1289,0,40,2,4,2,1,25,25,8
343353,0,1289,0,40,3,7,2,1,50,37,8
326921,0,1289,0,40,2,13,2,1,68,68,8
377137,0,1289,0,40,2,1,2,1,12,65,8
377982,0,1289,0,40,3,1,2,1,12,60,8
330786,0,1289,0,40,2,10,2,1,76,69,8
371601,0,1289,0,40,2,2,2,1,18,32,8
360934,0,1289,0,40,3,4,2,1,27,65,8
325777,0,1289,0,40,3,5,2,1,32,25,8
369969,0,1289,0,40,2,2,2,1,22,17,8
360729,0,1289,0,40,2,6,2,1,21,46,8
376025,0,1289,0,40,3,2,2,1,12,36,8
364978,0,1289,0,40,3,4,2,1,26,11,8
331365,0,1289,0,40,3,13,2,1,72,33,8
373696,0,1289,0,40,3,2,2,1,12,57,8
373302,1,1289,1273,26.3814,3,3,2,1,15,59,8
360438,0,1289,0,40,2,5,2,1,28,30,8
377845,0,1289,0,40,2,1,2,1,11,64,8
342386,0,1289,0,40,2,7,2,1,46,13,8
361168,0,1289,0,40,3,4,2,1,23,59,8
370507,0,1289,0,40,3,2,2,1,19,54,8
334141,0,1289,0,40,3,8,2,1,74,45,8
351696,0,1289,0,40,2,7,2,1,35,28,8
366392,0,1289,0,40,2,3,2,1,23,30,8
358700,0,1289,0,40,2,5,2,1,23,33,8
359834,0,1289,0,40,2,6,2,1,21,32,8
367577,0,1289,0,40,3,2,2,1,25,40,8
378835,0,1289,0,40,2,1,2,1,10,68,8
364586,0,1289,0,40,2,4,2,1,24,37,8
374326,0,1289,0,40,3,2,2,1,10,25,8
344484,0,1289,0,40,2,5,2,1,52,40,8
375092,0,1289,0,40,2,2,2,1,12,62,8
335123,0,1289,0,40,2,10,2,1,58,52,8
336244,0,1289,0,40,3,8,2,1,74,39,8
333580,0,1289,0,40,3,11,2,1,70,32,8
373875,0,1289,0,40,2,2,2,1,15,54,8
327285,0,1289,0,40,3,7,2,1,58,61,8
334441,0,1289,0,40,3,11,2,1,64,52,8
326039,0,1289,0,40,2,7,2,1,44,13,8
371168,0,1289,0,40,3,3,2,1,12,50,8
328556,0,1289,0,40,2,6,2,1,53,62,8
361924,0,1289,0,40,2,3,2,1,30,47,8
368270,1,1289,1258,40,2,4,2,1,14,55,8
376565,0,1289,0,40,2,2,2,1,12,36,8
368231,0,1289,0,40,2,3,2,1,22,23,8
364583,0,1289,0,40,3,3,2,1,28,49,8
359273,0,1289,0,40,2,6,2,1,31,145,8
377947,0,1289,0,40,2,1,2,1,9,37,8
378561,0,1289,0,40,3,1,2,1,9,20,8
379138,0,1289,0,40,2,1,2,1,9,44,8
324086,0,1289,0,40,3,8,2,1,87,55,8
341831,1,1289,1234,40,2,7,2,1,64,22,8
348190,0,1289,0,40,2,8,2,1,41,63,8
346212,0,1289,0,40,3,5,2,1,49,39,8
320406,0,1289,0,40,2,14,2,1,68,56,8
341646,0,1289,0,40,3,7,2,1,55,38,8
371536,0,1289,0,40,3,1,2,1,23,56,8
372546,0,1289,0,40,2,1,2,1,22,47,8
369082,0,1289,0,40,3,2,2,1,22,59,8
365174,0,1289,0,40,3,2,2,1,31,37,8
373884,0,1289,0,40,2,1,2,1,19,45,8
339398,0,1289,0,40,2,8,2,1,58,19,8
374098,0,1289,0,40,2,1,2,1,18,80,8
370536,0,1289,0,40,2,2,2,1,18,24,8
351098,0,1289,0,40,3,6,2,1,43,81,8
354696,0,1289,0,40,2,6,2,1,38,49,8
330860,0,1289,0,40,3,13,2,1,73,57,8
342610,1,1289,1219,40,2,8,2,1,55,32,8
365260,0,1289,0,40,3,4,2,1,25,31,8
333687,0,1289,0,40,3,11,2,1,67,55,8
362116,0,1289,0,40,2,4,2,1,32,22,8
361082,0,1289,0,40,3,4,2,1,29,26,8
359256,0,1289,0,40,3,5,2,1,26,47,8
366241,0,1289,0,40,3,3,2,1,21,102,8
362495,0,1289,0,40,2,5,2,1,27,45,8
363717,1,1289,1260,40,2,4,2,1,25,50,8
319264,0,1289,0,40,3,8,2,1,37,52,8
376218,0,1289,0,40,3,1,2,1,15,18,8
376757,0,1289,0,40,3,1,2,1,15,58,8
376881,0,1289,0,40,3,1,2,1,15,26,8
370991,0,1289,0,40,2,2,2,1,17,34,8
350030,0,1289,0,40,2,6,2,1,45,32,8
359615,0,1289,0,40,2,5,2,1,28,44,8
359329,0,1289,0,40,3,3,2,1,33,38,8
358746,0,1289,0,40,2,4,2,1,32,61,8
336267,0,1289,0,40,3,6,2,1,78,59,8
375689,0,1289,0,40,3,1,2,1,14,59,8
376324,0,1289,0,40,3,1,2,1,14,32,8
377096,0,1289,0,40,3,1,2,1,14,44,8
356930,0,1289,0,40,2,4,2,1,28,29,8
369362,0,1289,0,40,3,2,2,1,20,54,8
373659,0,1289,0,40,3,2,2,1,15,54,8
356135,0,1289,0,40,3,5,2,1,37,32,8
350484,0,1289,0,40,3,6,2,1,42,51,8
375944,0,1289,0,40,3,1,2,1,13,47,8
378062,0,1289,0,40,3,1,2,1,13,43,8
369383,0,1289,0,40,3,3,2,1,15,56,8
369847,1,1289,1278,29.7428,3,3,2,1,22,34,8
353379,0,1289,0,40,2,6,2,1,28,29,8
373348,0,1289,0,40,2,2,2,1,16,70,8
354221,0,1289,0,40,2,5,2,1,44,50,8
314324,0,1289,0,40,2,10,2,1,69,38,8
325858,0,1289,0,40,2,5,2,1,45,90,8
378322,0,1289,0,40,3,1,2,1,12,34,8
369249,0,1289,0,40,2,2,2,1,17,49,8
327258,1,1289,1248,40,3,9,2,1,48,67,8
366380,0,1289,0,40,3,2,2,1,23,38,8
362894,0,1289,0,40,2,4,2,1,24,63,8
357813,0,1289,0,40,2,5,2,1,26,32,8
375395,0,1289,0,40,3,2,2,1,12,44,8
353895,0,1289,0,40,3,6,2,1,36,45,8
376728,0,1289,0,40,3,1,2,1,11,73,8
377831,0,1289,0,40,2,1,2,1,11,24,8
360792,0,1289,0,40,3,2,2,1,32,31,8
370160,0,1289,0,40,2,2,2,1,13,37,8
360334,0,1289,0,40,2,4,2,1,26,52,8
372064,0,1289,0,40,3,2,2,1,15,9,8
374964,0,1289,0,40,2,2,2,1,12,35,8
359722,0,1289,0,40,3,3,2,1,31,15,8
353155,0,1289,0,40,2,5,2,1,35,20,8
372859,0,1289,0,40,2,3,2,1,16,38,8
353825,0,1289,0,40,2,6,2,1,27,52,8
352574,0,1289,0,40,2,8,2,1,29,13,8
367488,0,1289,0,40,3,4,2,1,18,34,8
378177,0,1289,0,40,3,1,2,1,10,29,8
379078,0,1289,0,40,2,1,2,1,10,50,8
379464,0,1289,0,40,2,1,2,1,10,21,8
379544,0,1289,0,40,2,1,2,1,10,10,8
379728,0,1289,0,40,3,1,2,1,10,35,8
342913,0,1289,0,40,2,6,2,1,45,56,8
371318,0,1289,0,40,2,2,2,1,12,52,8
356868,0,1289,0,40,3,4,2,1,30,48,8
355883,0,1289,0,40,3,5,2,1,29,69,8
358143,0,1289,0,40,3,5,2,1,30,37,8
356159,0,1289,0,40,3,6,2,1,34,19,8
350979,0,1289,0,40,2,7,2,1,40,24,8
351847,0,1289,0,40,2,5,2,1,32,49,8
361774,0,1289,0,40,3,3,2,1,33,47,8
374668,0,1289,0,40,2,2,2,1,14,38,8
375747,0,1289,0,40,3,2,2,1,12,21,8
322066,0,1289,0,40,3,13,2,1,51,25,8
361616,0,1289,0,40,2,3,2,1,30,40,8
357077,0,1289,0,40,2,5,2,1,31,65,8
350604,0,1289,0,40,2,5,2,1,47,26,8
350847,0,1289,0,40,2,7,2,1,30,41,8
356076,0,1289,0,40,2,6,2,1,26,53,8
360262,0,1289,0,40,3,7,2,1,21,89,8
378253,0,1289,0,40,2,1,2,1,9,55,8
378509,0,1289,0,40,2,1,2,1,9,53,8
379896,0,1289,0,40,3,1,2,1,9,32,8
380148,0,1289,0,40,3,1,2,1,9,86,8
353234,0,1289,0,40,3,3,2,1,43,30,8
350877,0,1289,0,40,3,4,2,1,50,72,8
369871,0,1289,0,40,3,1,2,1,28,78,8
370521,0,1289,0,40,3,1,2,1,26,40,8
369960,0,1289,0,40,3,1,2,1,25,60,8
341475,0,1289,0,40,3,8,2,1,54,33,8
372710,0,1289,0,40,2,1,2,1,23,46,8
357921,0,1289,0,40,3,3,2,1,42,20,8
353767,0,1289,0,40,2,8,2,1,32,19,8
348557,1,1289,1263,40,2,6,2,1,38,11,8
373613,0,1289,0,40,2,1,2,1,21,27,8
373855,0,1289,0,40,3,1,2,1,21,42,8
341118,0,1289,0,40,2,7,2,1,62,38,8
357376,0,1289,0,40,2,3,2,1,45,11,8
320234,0,1289,0,40,3,6,2,1,46,36,8
326195,0,1289,0,40,3,9,2,1,47,59,8
374952,0,1289,0,40,2,1,2,1,19,49,8
345094,0,1289,0,40,2,6,2,1,49,43,8
362946,0,1289,0,40,3,4,2,1,29,40,8
336135,0,1289,0,40,2,10,2,1,74,40,8
324577,0,1289,0,40,2,11,2,1,79,40,8
327882,0,1289,0,40,3,8,2,1,85,26,8
370005,0,1289,0,40,2,2,2,1,18,67,8
370387,0,1289,0,40,3,2,2,1,20,31,8
367275,0,1289,0,40,3,2,2,1,25,89,8
369838,0,1289,0,40,3,2,2,1,20,49,8
359023,0,1289,0,40,3,4,2,1,31,16,8
341720,0,1289,0,40,2,6,2,1,69,40,8
338902,0,1289,0,40,2,10,2,1,54,53,8
372896,0,1289,0,40,2,2,2,1,19,8,8
358537,0,1289,0,40,2,3,2,1,34,56,8
356544,0,1289,0,40,2,5,2,1,36,30,8
371485,0,1289,0,40,3,2,2,1,20,37,8
371084,0,1289,0,40,2,2,2,1,21,56,8
356599,0,1289,0,40,3,5,2,1,37,52,8
376521,0,1289,0,40,3,1,2,1,16,78,8
376935,0,1289,0,40,2,1,2,1,16,17,8
329881,0,1289,0,40,3,8,2,1,69,95,8
377282,0,1289,0,40,2,1,2,1,15,56,8
348922,0,1289,0,40,2,6,2,1,43,55,8
363167,0,1289,0,40,2,4,2,1,20,43,8
333619,0,1289,0,40,3,9,2,1,70,43,8
367715,0,1289,0,40,2,3,2,1,21,35,8
342646,0,1289,0,40,3,7,2,1,55,22,8
371651,0,1289,0,40,2,3,2,1,17,33,8
365751,0,1289,0,40,2,5,2,1,25,81,8
360178,0,1289,0,40,2,3,2,1,35,25,8
376740,0,1289,0,40,2,1,2,1,14,37,8
377544,0,1289,0,40,2,1,2,1,14,45,8
377626,0,1289,0,40,3,1,2,1,14,46,8
377810,0,1289,0,40,3,1,2,1,14,63,8
343230,0,1289,0,40,3,8,2,1,42,15,8
368944,0,1289,0,40,3,2,2,1,25,61,8
354904,0,1289,0,40,3,6,2,1,36,18,8
370479,0,1289,0,40,3,3,2,1,19,17,8
324491,0,1289,0,40,2,6,2,1,52,44,8
329270,0,1289,0,40,2,11,2,1,97,22,8
351895,0,1289,0,40,3,7,2,1,33,31,8
370929,0,1289,0,40,3,2,2,1,17,51,8
330229,0,1289,0,40,3,10,2,1,66,39,8
332977,0,1289,0,40,2,11,2,1,72,57,8
326152,0,1289,0,40,3,6,2,1,66,74,8
362337,0,1289,0,40,2,3,2,1,30,60,8
327057,0,1289,0,40,3,7,2,1,47,28,8
373250,0,1289,0,40,2,2,2,1,14,13,8
361181,0,1289,0,40,2,4,2,1,29,53,8
361094,0,1289,0,40,2,5,2,1,31,56,8
366077,0,1289,0,40,3,3,2,1,23,41,8
375658,0,1289,0,40,2,2,2,1,15,35,8
326263,0,1289,0,40,3,11,2,1,58,72,8
360278,0,1289,0,40,3,3,2,1,37,19,8
335705,0,1289,0,40,2,10,2,1,70,80,8
378175,0,1289,0,40,3,1,2,1,12,28,8
352905,0,1289,0,40,2,6,2,1,34,24,8
367553,0,1289,0,40,3,2,2,1,18,43,8
350465,0,1289,0,40,3,8,2,1,34,21,8
365401,0,1289,0,40,3,2,2,1,30,63,8
363242,0,1289,0,40,3,4,2,1,28,49,8
271052,0,1289,0,40,2,19,2,1,131,33,8
372075,0,1289,0,40,3,2,2,1,18,66,8
352934,0,1289,0,40,2,6,2,1,38,56,8
374743,0,1289,0,40,2,2,2,1,14,89,8
357668,0,1289,0,40,2,5,2,1,38,39,8
359031,0,1289,0,40,3,4,2,1,37,29,8
367363,0,1289,0,40,3,3,2,1,23,31,8
369150,0,1289,0,40,2,3,2,1,24,37,8
370855,0,1289,0,40,3,3,2,1,22,77,8
327138,0,1289,0,40,3,5,2,1,31,25,8
342512,0,1289,0,40,2,9,2,1,47,70,8
379114,0,1289,0,40,3,1,2,1,11,32,8
379430,0,1289,0,40,3,1,2,1,11,63,8
372644,0,1289,0,40,2,2,2,1,11,51,8
332810,1,1289,1279,40,2,13,2,1,73,42,8
374184,0,1289,0,40,2,2,2,1,11,40,8
367484,0,1289,0,40,2,3,2,1,24,21,8
354773,0,1289,0,40,2,6,2,1,37,44,8
338114,0,1289,0,40,2,7,2,1,71,26,8
340789,0,1289,0,40,2,7,2,1,59,36,8
348929,0,1289,0,40,2,7,2,1,36,27,8
348561,0,1289,0,40,2,6,2,1,51,63,8
351972,0,1289,0,40,2,9,2,1,35,26,8
364956,0,1289,0,40,3,4,2,1,27,38,8
367434,0,1289,0,40,2,3,2,1,19,42,8
363501,0,1289,0,40,3,4,2,1,24,37,8
361371,0,1289,0,40,2,4,2,1,29,41,8
326013,0,1289,0,40,2,8,2,1,31,52,8
366740,0,1289,0,40,3,4,2,1,26,50,8
330242,0,1289,0,40,2,14,2,1,62,69,8
377683,0,1289,0,40,3,1,2,1,10,53,8
379293,0,1289,0,40,3,1,2,1,10,62,8
379577,0,1289,0,40,2,1,2,1,10,27,8
379970,0,1289,0,40,3,1,2,1,10,30,8
342502,0,1289,0,40,2,8,2,1,48,45,8
346615,0,1289,0,40,3,6,2,1,45,49,8
366933,0,1289,0,40,2,4,2,1,21,26,8
363618,1,1289,1272,40,2,4,2,1,18,62,8
333083,0,1289,0,40,3,12,2,1,58,70,8
355083,0,1289,0,40,2,4,2,1,44,36,8
371544,0,1289,0,40,3,2,2,1,19,29,8
375176,0,1289,0,40,3,2,2,1,13,44,8
331166,0,1289,0,40,2,11,2,1,87,21,8
366473,0,1289,0,40,2,3,2,1,23,50,8
326994,0,1289,0,40,2,8,2,1,48,84,8
335116,0,1289,0,40,3,12,2,1,53,72,8
327694,0,1289,0,40,2,8,2,1,67,30,8
356577,0,1289,0,40,2,7,2,1,30,62,8
368835,0,1289,0,40,2,3,2,1,20,60,8
370477,0,1289,0,40,3,3,2,1,15,29,8
322007,0,1289,0,40,3,8,2,1,39,35,8
358530,0,1289,0,40,3,6,2,1,30,36,8
350193,0,1289,0,40,3,7,2,1,49,27,8
371110,0,1289,0,40,3,3,2,1,17,51,8
351513,0,1289,0,40,3,7,2,1,44,24,8
378517,0,1289,0,40,2,1,2,1,9,39,8
378844,0,1289,0,40,2,1,2,1,9,20,8
379619,0,1289,0,40,3,1,2,1,9,53,8
380528,0,1289,0,40,3,1,2,1,9,9,8
362391,0,1289,0,40,2,2,2,1,38,63,8
363139,0,1289,0,40,3,2,2,1,36,54,8
362626,0,1289,0,40,3,2,2,1,35,29,8
326344,0,1289,0,40,3,9,2,1,71,39,8
344504,0,1289,0,40,3,7,2,1,58,43,8
370799,0,1289,0,40,2,1,2,1,27,33,8
347227,0,1289,0,40,3,5,2,1,63,42,8
371036,0,1289,0,40,2,1,2,1,26,50,8
367997,0,1289,0,40,3,1,2,1,25,46,8
353921,0,1289,0,40,2,3,2,1,40,52,8
337228,0,1289,0,40,2,8,2,1,62,64,8
364287,0,1289,0,40,3,2,2,1,32,28,8
371194,0,1289,0,40,3,1,2,1,23,36,8
359129,0,1289,0,40,2,3,2,1,33,91,8
348912,0,1289,0,40,2,6,2,1,48,26,8
367702,0,1289,0,40,2,2,2,1,28,39,8
339328,0,1289,0,40,2,7,2,1,66,58,8
372425,0,1289,0,40,2,2,2,1,20,32,8
350741,0,1289,0,40,2,7,2,1,38,48,8
372242,0,1289,0,40,2,2,2,1,20,17,8
373699,0,1289,0,40,3,2,2,1,20,90,8
375145,0,1289,0,40,2,1,2,1,18,32,8
345816,0,1289,0,40,3,6,2,1,47,12,8
369817,0,1289,0,40,2,2,2,1,24,50,8
359533,0,1289,0,40,2,4,2,1,36,55,8
355654,0,1289,0,40,2,5,2,1,35,65,8
373473,0,1289,0,40,2,2,2,1,19,33,8
312409,0,1289,0,40,2,11,2,1,155,95,8
376587,0,1289,0,40,2,1,2,1,17,82,8
360009,0,1289,0,40,2,4,2,1,24,62,8
361520,0,1289,0,40,3,4,2,1,19,24,8
372672,0,1289,0,40,2,2,2,1,18,36,8
361706,0,1289,0,40,2,3,2,1,30,25,8
354476,0,1289,0,40,3,5,2,1,38,80,8
368039,0,1289,0,40,2,4,2,1,27,50,8
377388,0,1289,0,40,2,1,2,1,16,93,8
325808,0,1289,0,40,2,3,2,1,40,12,8
365089,0,1289,0,40,2,3,2,1,31,39,8
343846,0,1289,0,40,3,9,2,1,54,71,8
377864,0,1289,0,40,2,1,2,1,15,10,8
367549,0,1289,0,40,2,2,2,1,23,44,8
336582,0,1289,0,40,3,6,2,1,83,27,8
343423,0,1289,0,40,3,6,2,1,50,51,8
365757,0,1289,0,40,3,3,2,1,27,70,8
366802,0,1289,0,40,2,3,2,1,27,35,8
375452,0,1289,0,40,3,2,2,1,16,74,8
369100,0,1289,0,40,2,3,2,1,27,47,8
378140,0,1289,0,40,3,1,2,1,14,48,8
344474,1,1289,1255,40,2,7,2,1,55,51,8
330668,0,1289,0,40,3,12,2,1,80,35,8
363081,0,1289,0,40,2,3,2,1,26,28,8
369932,0,1289,0,40,3,2,2,1,21,25,8
333915,0,1289,0,40,2,10,2,1,65,53,8
352351,0,1289,0,40,3,6,2,1,42,32,8
351535,0,1289,0,40,3,4,2,1,49,62,8
348878,0,1289,0,40,2,7,2,1,43,52,8
360563,0,1289,0,40,2,5,2,1,30,33,8
377213,0,1289,0,40,2,1,2,1,13,29,8
378451,0,1289,0,40,3,1,2,1,13,42,8
357956,0,1289,0,40,2,4,2,1,23,17,8
362846,0,1289,0,40,2,3,2,1,30,30,8
340316,0,1289,0,40,3,6,2,1,66,48,8
352822,0,1289,0,40,3,6,2,1,41,37,8
367534,0,1289,0,40,2,3,2,1,19,59,8
367648,0,1289,0,40,3,3,2,1,27,52,8
362548,0,1289,0,40,3,4,2,1,25,84,8
346979,0,1289,0,40,2,7,2,1,48,56,8
369390,0,1289,0,40,2,3,2,1,19,42,8
376157,0,1289,0,40,2,2,2,1,15,48,8
370728,0,1289,0,40,2,3,2,1,20,32,8
357834,0,1289,0,40,2,3,2,1,45,69,8
358415,0,1289,0,40,2,4,2,1,42,17,8
376872,0,1289,0,40,3,1,2,1,12,18,8
377341,0,1289,0,40,3,1,2,1,12,29,8
378027,0,1289,0,40,3,1,2,1,12,27,8
362921,0,1289,0,40,2,3,2,1,22,37,8
355971,0,1289,0,40,2,6,2,1,30,28,8
371677,0,1289,0,40,2,3,2,1,16,36,8
372798,0,1289,0,40,3,2,2,1,18,57,8
374446,0,1289,0,40,2,2,2,1,14,55,8
350603,1,1289,1271,34.7355,3,4,2,1,44,35,8
375461,0,1289,0,40,3,2,2,1,12,36,8
353839,0,1289,0,40,3,4,2,1,45,57,8
364100,0,1289,0,40,3,5,2,1,28,36,8
354013,0,1289,0,40,3,6,2,1,33,40,8
376625,0,1289,0,40,2,2,2,1,14,56,8
372275,0,1289,0,40,2,2,2,1,21,41,8
357535,0,1289,0,40,2,5,2,1,34,69,8
372318,0,1289,0,40,2,3,2,1,13,58,8
379000,0,1289,0,40,3,1,2,1,11,47,8
380040,0,1289,0,40,3,1,2,1,11,46,8
356379,0,1289,0,40,2,3,2,1,43,47,8
333050,0,1289,0,40,3,9,2,1,73,18,8
373243,0,1289,0,40,2,2,2,1,17,36,8
362145,1,1289,1272,40,2,6,2,1,28,15,8
366142,0,1289,0,40,2,3,2,1,28,44,8
326674,0,1289,0,40,2,8,2,1,62,29,8
354364,0,1289,0,40,2,7,2,1,34,31,8
369421,0,1289,0,40,2,3,2,1,18,14,8
377404,0,1289,0,40,3,2,2,1,12,29,8
377722,0,1289,0,40,2,2,2,1,11,65,8
370590,0,1289,0,40,2,2,2,1,21,45,8
367796,0,1289,0,40,3,3,2,1,24,95,8
357661,0,1289,0,40,3,7,2,1,25,37,8
356671,0,1289,0,40,2,7,2,1,27,37,8
355415,0,1289,0,40,3,6,2,1,30,23,8
366047,1,1289,1280,38.1788,2,3,2,1,30,67,8
369855,0,1289,0,40,3,3,2,1,22,41,8
377296,0,1289,0,40,2,2,2,1,15,45,8
352525,0,1289,0,40,3,7,2,1,32,31,8
355761,0,1289,0,40,3,7,2,1,36,25,8
379539,0,1289,0,40,3,1,2,1,10,53,8
380189,0,1289,0,40,2,1,2,1,10,30,8
380900,0,1289,0,40,3,1,2,1,10,32,8
353000,0,1289,0,40,2,5,2,1,34,56,8
353781,1,1289,1271,40,2,6,2,1,32,39,8
353457,0,1289,0,40,2,6,2,1,40,35,8
375470,0,1289,0,40,3,2,2,1,13,25,8
369801,0,1289,0,40,3,4,2,1,20,27,8
360745,0,1289,0,40,3,4,2,1,25,35,8
371591,0,1289,0,40,2,2,2,1,22,55,8
358348,0,1289,0,40,2,5,2,1,28,39,8
364264,0,1289,0,40,3,5,2,1,25,76,8
375974,0,1289,0,40,3,2,2,1,13,46,8
344939,0,1289,0,40,2,7,2,1,48,102,8
363710,0,1289,0,40,3,4,2,1,24,31,8
375351,0,1289,0,40,2,2,2,1,11,66,8
351707,0,1289,0,40,3,6,2,1,42,55,8
369642,0,1289,0,40,2,3,2,1,18,34,8
374333,0,1289,0,40,3,3,2,1,12,21,8
337931,0,1289,0,40,3,11,2,1,67,33,8
347905,0,1289,0,40,2,9,2,1,44,51,8
365759,0,1289,0,40,2,4,2,1,22,25,8
325783,0,1289,0,40,2,8,2,1,56,47,8
377703,0,1289,0,40,2,2,2,1,11,41,8
373300,0,1289,0,40,2,3,2,1,13,44,8
359746,0,1289,0,40,3,6,2,1,30,94,8
343646,0,1289,0,40,2,6,2,1,61,39,8
368214,0,1289,0,40,3,5,2,1,24,53,8
380423,0,1289,0,40,2,1,2,1,9,32,8
380968,0,1289,0,40,3,1,2,1,9,40,8
343829,0,1289,0,40,2,8,2,1,55,71,8
356224,0,1289,0,40,2,2,2,1,51,42,8
332696,1,1289,1230,40,3,6,2,1,96,23,8
325299,0,1289,0,40,2,7,2,1,58,40,8
363286,0,1289,0,40,2,2,2,1,39,29,8
370750,0,1289,0,40,3,1,2,1,25,56,8
351636,0,1289,0,40,2,6,2,1,42,34,8
354660,0,1289,0,40,2,3,2,1,47,19,8
324155,0,1289,0,40,2,5,2,1,43,28,8
329429,0,1289,0,40,2,9,2,1,62,66,8
372920,0,1289,0,40,2,1,2,1,23,46,8
352143,0,1289,0,40,2,6,2,1,40,28,8
374498,0,1289,0,40,2,1,2,1,21,68,8
347411,0,1289,0,40,2,4,2,1,61,80,8
339958,0,1289,0,40,3,6,2,1,72,21,8
376021,0,1289,0,40,2,1,2,1,19,31,8
330336,0,1289,0,40,3,8,2,1,66,101,8
360316,0,1289,0,40,2,4,2,1,32,50,8
363892,0,1289,0,40,2,3,2,1,28,19,8
363707,0,1289,0,40,3,5,2,1,32,17,8
354583,0,1289,0,40,2,5,2,1,33,34,8
354027,0,1289,0,40,2,5,2,1,41,75,8
339882,0,1289,0,40,2,7,2,1,60,73,8
335027,0,1289,0,40,2,9,2,1,75,49,8
364994,0,1289,0,40,2,4,2,1,27,24,8
375517,0,1289,0,40,3,1,2,1,17,77,8
369388,0,1289,0,40,2,2,2,1,19,41,8
362469,0,1289,0,40,3,3,2,1,30,43,8
331930,0,1289,0,40,3,10,2,1,79,27,8
366638,0,1289,0,40,2,2,2,1,33,41,8
377193,0,1289,0,40,2,1,2,1,16,66,8
377594,0,1289,0,40,3,1,2,1,16,36,8
365896,0,1289,0,40,2,2,2,1,30,56,8
371222,0,1289,0,40,2,2,2,1,19,37,8
363546,0,1289,0,40,3,4,2,1,27,46,8
354924,0,1289,0,40,2,5,2,1,43,32,8
365988,0,1289,0,40,2,3,2,1,32,36,8
331687,0,1289,0,40,2,10,2,1,92,9,8
359312,0,1289,0,40,3,3,2,1,30,45,8
364354,0,1289,0,40,2,3,2,1,23,84,8
324487,0,1289,0,40,2,12,2,1,66,31,8
349203,0,1289,0,40,2,7,2,1,37,43,8
354132,0,1289,0,40,3,6,2,1,41,50,8
354732,0,1289,0,40,3,6,2,1,43,45,8
373952,0,1289,0,40,2,2,2,1,19,55,8
353355,0,1289,0,40,3,6,2,1,39,24,8
340522,0,1289,0,40,3,7,2,1,60,56,8
378698,0,1289,0,40,2,1,2,1,13,29,8
341199,0,1289,0,40,2,7,2,1,56,57,8
285244,0,1289,0,40,3,16,2,1,129,92,8
365524,0,1289,0,40,2,4,2,1,27,28,8
365643,0,1289,0,40,3,4,2,1,26,59,8
375951,0,1289,0,40,3,2,2,1,17,28,8
348976,0,1289,0,40,2,6,2,1,46,37,8
243689,1,1289,978,40,2,25,2,1,192,34,8
378447,0,1289,0,40,2,2,2,1,13,28,8
379826,0,1289,0,40,3,1,2,1,12,134,8
350383,0,1289,0,40,3,6,2,1,39,55,8
355475,0,1289,0,40,3,4,2,1,48,42,8
370377,0,1289,0,40,3,3,2,1,21,26,8
359929,0,1289,0,40,2,5,2,1,28,27,8
356240,0,1289,0,40,3,6,2,1,28,17,8
376533,0,1289,0,40,2,2,2,1,14,52,8
354550,0,1289,0,40,2,7,2,1,29,54,8
345598,0,1289,0,40,3,7,2,1,47,35,8
379108,0,1289,0,40,2,1,2,1,11,35,8
380462,0,1289,0,40,3,1,2,1,11,47,8
372794,0,1289,0,40,2,2,2,1,16,61,8
328456,0,1289,0,40,3,8,2,1,50,34,8
337265,0,1289,0,40,3,10,2,1,59,57,8
364338,0,1289,0,40,2,5,2,1,20,25,8
377330,0,1289,0,40,2,2,2,1,11,15,8
372938,0,1289,0,40,3,3,2,1,15,66,8
369840,0,1289,0,40,3,2,2,1,25,38,8
345468,0,1289,0,40,2,7,2,1,43,68,8
367544,0,1289,0,40,3,3,2,1,26,48,8
352197,0,1289,0,40,2,5,2,1,41,36,8
377985,0,1289,0,40,3,2,2,1,12,68,8
363600,0,1289,0,40,3,5,2,1,25,16,8
380283,0,1289,0,40,3,1,2,1,10,50,8
380958,0,1289,0,40,3,1,2,1,10,28,8
381134,0,1289,0,40,2,1,2,1,10,29,8
365073,0,1289,0,40,3,3,2,1,21,32,8
367644,0,1289,0,40,3,4,2,1,21,57,8
367379,0,1289,0,40,3,3,2,1,17,46,8
353579,0,1289,0,40,2,5,2,1,32,60,8
370225,0,1289,0,40,2,2,2,1,24,67,8
363796,0,1289,0,40,2,3,2,1,31,30,8
355095,0,1289,0,40,3,5,2,1,33,15,8
329876,0,1289,0,40,2,8,2,1,36,77,8
326753,0,1289,0,40,3,7,2,1,29,53,8
366860,0,1289,0,40,3,4,2,1,26,102,8
340244,1,1289,1238,40,3,10,2,1,53,19,8
364021,0,1289,0,40,2,5,2,1,29,47,8
380231,0,1289,0,40,2,1,2,1,9,78,8
381877,0,1289,0,40,2,1,2,1,9,27,8
381997,0,1289,0,40,3,1,2,1,9,24,8
326960,0,1289,0,40,3,4,2,1,56,17,8
358482,0,1289,0,40,2,3,2,1,41,26,8
365925,0,1289,0,40,2,2,2,1,34,94,8
373466,0,1289,0,40,2,1,2,1,23,12,8
362814,0,1289,0,40,3,3,2,1,31,22,8
374602,0,1289,0,40,2,1,2,1,22,43,8
345490,0,1289,0,40,2,7,2,1,58,35,8
350223,0,1289,0,40,3,4,2,1,53,49,8
376206,0,1289,0,40,3,1,2,1,19,32,8
361026,0,1289,0,40,2,5,2,1,37,34,8
350119,0,1289,0,40,2,7,2,1,35,45,8
369881,0,1289,0,40,3,3,2,1,21,20,8
355846,0,1289,0,40,3,5,2,1,36,25,8
377881,0,1289,0,40,3,1,2,1,16,29,8
378200,0,1289,0,40,3,1,2,1,16,35,8
335618,0,1289,0,40,2,10,2,1,67,36,8
362342,0,1289,0,40,3,3,2,1,31,28,8
364911,0,1289,0,40,2,3,2,1,33,21,8
361514,0,1289,0,40,2,4,2,1,30,52,8
373333,0,1289,0,40,2,2,2,1,22,35,8
370093,0,1289,0,40,3,4,2,1,17,49,8
378682,0,1289,0,40,3,1,2,1,14,47,8
379592,0,1289,0,40,2,1,2,1,14,46,8
326879,0,1289,0,40,3,6,2,1,70,25,8
336711,0,1289,0,40,3,11,2,1,57,37,8
376086,0,1289,0,40,3,2,2,1,15,40,8
371776,0,1289,0,40,2,3,2,1,19,18,8
367914,0,1289,0,40,3,3,2,1,27,63,8
364694,0,1289,0,40,3,4,2,1,27,91,8
367157,0,1289,0,40,3,4,2,1,20,37,8
355058,0,1289,0,40,2,6,2,1,34,34,8
350729,0,1289,0,40,2,6,2,1,47,66,8
368401,0,1289,0,40,3,3,2,1,26,58,8
339143,0,1289,0,40,3,12,2,1,48,47,8
366413,0,1289,0,40,2,4,2,1,26,59,8
342598,0,1289,0,40,3,9,2,1,41,59,8
350695,0,1289,0,40,3,5,2,1,52,39,8
364528,0,1289,0,40,2,3,2,1,37,23,8
381285,0,1289,0,40,3,1,2,1,10,88,8
381889,0,1289,0,40,3,1,2,1,10,85,8
382105,0,1289,0,40,2,1,2,1,10,30,8
329872,0,1289,0,40,2,7,2,1,65,27,8
341054,0,1289,0,40,3,8,2,1,59,66,8
328141,0,1289,0,40,3,7,2,1,61,26,8
326249,0,1289,0,40,2,6,2,1,47,70,8
375994,0,1289,0,40,3,2,2,1,16,51,8
362811,0,1289,0,40,3,4,2,1,29,81,8
361077,0,1289,0,40,2,5,2,1,30,30,8
379098,0,1289,0,40,2,2,2,1,12,75,8
381035,0,1289,0,40,3,1,2,1,9,24,8
382345,0,1289,0,40,3,1,2,1,9,17,8
382379,0,1289,0,40,2,1,2,1,9,70,8
382509,0,1289,0,40,2,1,2,1,9,102,8
376723,0,1289,0,40,3,1,2,1,20,42,8
354004,0,1289,0,40,2,5,2,1,41,32,8
349517,0,1289,0,40,2,6,2,1,46,53,8
378534,0,1289,0,40,2,2,2,1,14,27,8
366736,0,1289,0,40,3,4,2,1,20,61,8
370738,0,1289,0,40,3,4,2,1,20,53,8
349275,0,1289,0,40,3,8,2,1,37,38,8
348049,0,1289,0,40,3,8,2,1,40,68,8
382295,0,1289,0,40,2,1,2,1,10,8,8
379455,0,1289,0,40,3,0,2,1,8,74,8
380677,0,1289,0,40,2,0,2,1,8,63,8
380837,0,1289,0,40,2,0,2,1,8,84,8
380935,0,1289,0,40,2,0,2,1,8,13,8
381031,0,1289,0,40,2,0,2,1,8,28,8
381115,0,1289,0,40,3,0,2,1,8,36,8
381179,0,1289,0,40,3,0,2,1,8,48,8
381211,0,1289,0,40,2,0,2,1,8,67,8
381243,0,1289,0,40,2,0,2,1,8,45,8
381403,0,1289,0,40,3,0,2,1,8,55,8
381556,0,1289,0,40,3,0,2,1,8,70,8
381572,0,1289,0,40,3,0,2,1,8,12,8
381636,0,1289,0,40,2,0,2,1,8,67,8
381652,0,1289,0,40,3,0,2,1,8,56,8
381796,0,1289,0,40,2,0,2,1,8,42,8
381816,0,1289,0,40,2,0,2,1,8,54,8
381832,0,1289,0,40,2,0,2,1,8,75,8
381896,0,1289,0,40,2,0,2,1,8,71,8
381928,0,1289,0,40,3,0,2,1,8,50,8
381992,0,1289,0,40,2,0,2,1,8,51,8
382024,0,1289,0,40,2,0,2,1,8,69,8
382040,0,1289,0,40,2,0,2,1,8,36,8
382056,0,1289,0,40,2,0,2,1,8,51,8
382088,0,1289,0,40,3,0,2,1,8,55,8
382114,0,1289,0,40,2,0,2,1,8,71,8
382130,0,1289,0,40,3,0,2,1,8,46,8
382138,0,1289,0,40,3,0,2,1,8,55,8
382178,0,1289,0,40,3,0,2,1,8,58,8
382194,0,1289,0,40,2,0,2,1,8,21,8
382218,0,1289,0,40,3,0,2,1,8,36,8
382226,0,1289,0,40,2,0,2,1,8,39,8
382242,0,1289,0,40,3,0,2,1,8,59,8
382250,0,1289,0,40,3,0,2,1,8,58,8
382258,0,1289,0,40,3,0,2,1,8,50,8
382274,0,1289,0,40,3,0,2,1,8,66,8
382282,0,1289,0,40,3,0,2,1,8,85,8
382290,0,1289,0,40,2,0,2,1,8,49,8
382314,0,1289,0,40,3,0,2,1,8,21,8
382322,0,1289,0,40,3,0,2,1,8,50,8
382354,0,1289,0,40,2,0,2,1,8,51,8
382370,0,1289,0,40,3,0,2,1,8,43,8
382402,0,1289,0,40,2,0,2,1,8,8,8
382466,0,1289,0,40,3,0,2,1,8,48,8
382490,0,1289,0,40,3,0,2,1,8,52,8
382514,0,1289,0,40,3,0,2,1,8,97,8
382562,0,1289,0,40,3,0,2,1,8,14,8
382578,0,1289,0,40,2,0,2,1,8,41,8
382586,0,1289,0,40,2,0,2,1,8,80,8
382594,0,1289,0,40,3,0,2,1,8,26,8
382610,0,1289,0,40,3,0,2,1,8,64,8
382618,0,1289,0,40,2,0,2,1,8,64,8
382634,0,1289,0,40,2,0,2,1,8,57,8
382642,0,1289,0,40,3,0,2,1,8,27,8
382650,0,1289,0,40,3,0,2,1,8,60,8
382666,0,1289,0,40,2,0,2,1,8,28,8
382674,0,1289,0,40,2,0,2,1,8,28,8
382682,0,1289,0,40,3,0,2,1,8,24,8
382694,0,1289,0,40,2,0,2,1,8,61,8
382726,0,1289,0,40,3,0,2,1,8,69,8
382738,0,1289,0,40,2,0,2,1,8,105,8
382762,0,1289,0,40,3,0,2,1,8,49,8
382782,0,1289,0,40,3,0,2,1,8,28,8
382806,0,1289,0,40,2,0,2,1,8,30,8
382814,0,1289,0,40,3,0,2,1,8,55,8
382838,0,1289,0,40,2,0,2,1,8,68,8
382846,0,1289,0,40,3,0,2,1,8,30,8
382858,0,1289,0,40,3,0,2,1,8,53,8
382890,0,1289,0,40,2,0,2,1,8,74,8
382894,0,1289,0,40,3,0,2,1,8,31,8
382910,0,1289,0,40,3,0,2,1,8,37,8
382914,0,1289,0,40,2,0,2,1,8,55,8
382922,0,1289,0,40,3,0,2,1,8,130,8
382926,0,1289,0,40,3,0,2,1,8,35,8
382934,0,1289,0,40,2,0,2,1,8,58,8
382946,0,1289,0,40,2,0,2,1,8,46,8
382962,0,1289,0,40,2,0,2,1,8,60,8
382982,0,1289,0,40,2,0,2,1,8,63,8
382986,0,1289,0,40,2,0,2,1,8,77,8
382990,0,1289,0,40,2,0,2,1,8,70,8
382998,0,1289,0,40,3,0,2,1,8,52,8
383006,0,1289,0,40,3,0,2,1,8,76,8
383014,0,1289,0,40,3,0,2,1,8,77,8
383018,0,1289,0,40,3,0,2,1,8,56,8
383034,0,1289,0,40,3,0,2,1,8,67,8
383046,0,1289,0,40,3,0,2,1,8,15,8
383054,0,1289,0,40,3,0,2,1,8,43,8
383058,0,1289,0,40,3,0,2,1,8,46,8
383078,0,1289,0,40,3,0,2,1,8,13,8
383098,0,1289,0,40,2,0,2,1,8,14,8
383154,0,1289,0,40,2,0,2,1,8,21,8
383198,0,1289,0,40,3,0,2,1,8,78,8
383214,0,1289,0,40,2,0,2,1,8,27,8
383228,0,1289,0,40,2,0,2,1,8,106,8
383240,0,1289,0,40,2,0,2,1,8,53,8
383262,0,1289,0,40,2,0,2,1,8,58,8
383268,0,1289,0,40,2,0,2,1,8,53,8
383276,0,1289,0,40,2,0,2,1,8,28,8
383282,0,1289,0,40,3,0,2,1,8,29,8
383286,0,1289,0,40,2,0,2,1,8,38,8
383294,0,1289,0,40,2,0,2,1,8,42,8
383300,0,1289,0,40,2,0,2,1,8,41,8
383304,0,1289,0,40,2,0,2,1,8,26,8
383306,0,1289,0,40,2,0,2,1,8,40,8
383310,0,1289,0,40,2,0,2,1,8,53,8
383312,0,1289,0,40,3,0,2,1,8,67,8
383320,0,1289,0,40,3,0,2,1,8,29,8
383332,0,1289,0,40,3,0,2,1,8,42,8
383342,0,1289,0,40,3,0,2,1,8,99,8
383354,0,1289,0,40,3,0,2,1,8,21,8
383358,0,1289,0,40,3,0,2,1,8,72,8
383362,0,1289,0,40,3,0,2,1,8,35,8
383368,0,1289,0,40,2,0,2,1,8,61,8
383380,0,1289,0,40,3,0,2,1,8,28,8
383386,0,1289,0,40,2,0,2,1,8,25,8
383394,0,1289,0,40,2,0,2,1,8,13,8
383408,0,1289,0,40,3,0,2,1,8,16,8
383410,0,1289,0,40,3,0,2,1,8,43,8
383430,0,1289,0,40,2,0,2,1,8,44,8
383436,0,1289,0,40,2,0,2,1,8,37,8
383454,0,1289,0,40,2,0,2,1,8,36,8
383456,0,1289,0,40,2,0,2,1,8,43,8
383462,0,1289,0,40,2,0,2,1,8,33,8
383468,0,1289,0,40,3,0,2,1,8,69,8
383480,0,1289,0,40,3,0,2,1,8,47,8
383482,0,1289,0,40,2,0,2,1,8,31,8
383486,0,1289,0,40,2,0,2,1,8,63,8
383490,0,1289,0,40,2,0,2,1,8,19,8
383498,0,1289,0,40,2,0,2,1,8,50,8
383508,0,1289,0,40,3,0,2,1,8,38,8
383518,0,1289,0,40,3,0,2,1,8,64,8
383526,0,1289,0,40,2,0,2,1,8,60,8
383534,0,1289,0,40,3,0,2,1,8,62,8
383546,0,1289,0,40,2,0,2,1,8,39,8
383566,0,1289,0,40,2,0,2,1,8,53,8
383570,0,1289,0,40,2,0,2,1,8,32,8
383582,0,1289,0,40,3,0,2,1,8,32,8
383584,0,1289,0,40,2,0,2,1,8,37,8
383588,0,1289,0,40,2,0,2,1,8,18,8
383592,0,1289,0,40,2,0,2,1,8,101,8
383594,0,1289,0,40,3,0,2,1,8,16,8
383602,0,1289,0,40,3,0,2,1,8,47,8
383608,0,1289,0,40,3,0,2,1,8,32,8
383610,0,1289,0,40,2,0,2,1,8,33,8
383618,0,1289,0,40,3,0,2,1,8,47,8
383620,0,1289,0,40,2,0,2,1,8,64,8
383624,0,1289,0,40,2,0,2,1,8,72,8
383634,0,1289,0,40,3,0,2,1,8,28,8
383638,0,1289,0,40,2,0,2,1,8,49,8
383642,0,1289,0,40,3,0,2,1,8,49,8
383658,0,1289,0,40,2,0,2,1,8,16,8
383664,0,1289,0,40,2,0,2,1,8,50,8
383672,0,1289,0,40,2,0,2,1,8,44,8
383684,0,1289,0,40,3,0,2,1,8,56,8
383688,0,1289,0,40,3,0,2,1,8,47,8
383696,0,1289,0,40,3,0,2,1,8,25,8
383704,0,1289,0,40,3,0,2,1,8,25,8
383706,0,1289,0,40,2,0,2,1,8,45,8
383708,0,1289,0,40,3,0,2,1,8,108,8
383716,0,1289,0,40,3,0,2,1,8,38,8
383720,0,1289,0,40,2,0,2,1,8,36,8
383724,0,1289,0,40,3,0,2,1,8,20,8
383726,0,1289,0,40,3,0,2,1,8,72,8
383740,0,1289,0,40,2,0,2,1,8,23,8
383750,0,1289,0,40,3,0,2,1,8,38,8
383752,0,1289,0,40,3,0,2,1,8,28,8
383762,0,1289,0,40,2,0,2,1,8,51,8
383768,0,1289,0,40,2,0,2,1,8,53,8
383774,0,1289,0,40,2,0,2,1,8,31,8
383776,0,1289,0,40,3,0,2,1,8,68,8
383786,0,1289,0,40,3,0,2,1,8,79,8
383796,0,1289,0,40,3,0,2,1,8,56,8
383800,0,1289,0,40,2,0,2,1,8,39,8
383802,0,1289,0,40,2,0,2,1,8,49,8
383806,0,1289,0,40,3,0,2,1,8,43,8
383822,0,1289,0,40,2,0,2,1,8,16,8
383824,0,1289,0,40,3,0,2,1,8,22,8
383828,0,1289,0,40,2,0,2,1,8,83,8
367934,0,1289,0,40,2,2,2,1,15,64,8
368806,0,1289,0,40,2,2,2,1,16,22,8
333811,0,1289,0,40,2,8,2,1,66,31,8
371264,0,1289,0,40,2,1,2,1,16,32,8
355824,0,1289,0,40,3,3,2,1,41,21,8
348322,0,1289,0,40,2,5,2,1,43,8,8
358494,0,1289,0,40,2,3,2,1,30,25,8
366980,0,1289,0,40,3,2,2,1,19,42,8
369567,0,1289,0,40,3,1,2,1,21,33,8
347440,0,1289,0,40,3,5,2,1,43,41,8
368351,0,1289,0,40,2,2,2,1,15,41,8
368604,0,1289,0,40,3,2,2,1,18,71,8
353388,0,1289,0,40,3,5,2,1,30,14,8
346134,0,1289,0,40,3,7,2,1,38,46,8
338799,0,1289,0,40,2,6,2,1,52,70,8
376442,0,1289,0,40,2,1,2,1,8,26,8
361558,0,1289,0,40,3,2,2,1,34,53,8
367826,0,1289,0,40,3,1,2,1,25,49,8
363429,0,1289,0,40,2,5,2,1,22,28,8
375638,0,1289,0,40,2,1,2,1,12,39,8
342071,0,1289,0,40,3,8,2,1,45,31,8
345660,1,1289,1259,40,2,6,2,1,44,34,8
373332,0,1289,0,40,3,2,2,1,10,76,8
325650,0,1289,0,40,2,7,2,1,58,47,8
351824,0,1289,0,40,2,6,2,1,35,54,8
377375,0,1289,0,40,2,1,2,1,8,42,8
325355,0,1289,0,40,2,8,2,1,51,40,8
360058,0,1289,0,40,3,3,2,1,28,25,8
368620,0,1289,0,40,2,2,2,1,21,46,8
356697,0,1289,0,40,2,4,2,1,38,68,8
373168,0,1289,0,40,2,1,2,1,16,19,8
373827,0,1289,0,40,3,1,2,1,16,17,8
361956,0,1289,0,40,3,3,2,1,22,22,8
374911,0,1289,0,40,2,1,2,1,13,73,8
369134,0,1289,0,40,2,2,2,1,14,32,8
357559,0,1289,0,40,3,3,2,1,31,48,8
355566,0,1289,0,40,2,4,2,1,26,40,8
363263,0,1289,0,40,3,3,2,1,27,77,8
376042,0,1289,0,40,2,1,2,1,11,19,8
376234,0,1289,0,40,2,1,2,1,11,82,8
362737,0,1289,0,40,3,2,2,1,29,49,8
361071,0,1289,0,40,3,3,2,1,31,41,8
353329,0,1289,0,40,3,5,2,1,38,48,8
376982,0,1289,0,40,3,1,2,1,10,47,8
356416,0,1289,0,40,3,6,2,1,28,29,8
344920,0,1289,0,40,2,6,2,1,52,50,8
354627,0,1289,0,40,3,5,2,1,40,26,8
345977,0,1289,0,40,3,8,2,1,41,78,8
377766,0,1289,0,40,3,1,2,1,9,55,8
342804,0,1289,0,40,2,7,2,1,46,59,8
357637,0,1289,0,40,2,4,2,1,34,15,8
375694,0,1289,0,40,2,2,2,1,10,40,8
376816,0,1289,0,40,2,1,2,1,8,51,8
378528,0,1289,0,40,2,1,2,1,8,47,8
361316,0,1289,0,40,2,2,2,1,31,32,8
352681,0,1289,0,40,3,4,2,1,41,41,8
349123,0,1289,0,40,3,5,2,1,44,34,8
364128,0,1289,0,40,2,3,2,1,23,48,8
365474,0,1289,0,40,2,3,2,1,25,22,8
334510,0,1289,0,40,3,9,2,1,57,82,8
359063,0,1289,0,40,2,4,2,1,27,58,8
344453,0,1289,0,40,2,8,2,1,48,26,8
365320,0,1289,0,40,2,4,2,1,26,58,8
368568,0,1289,0,40,2,2,2,1,17,55,8
353025,1,1289,1264,40,2,6,2,1,32,30,8
342842,0,1289,0,40,3,7,2,1,58,22,8
371543,0,1289,0,40,2,2,2,1,18,118,8
323908,0,1289,0,40,3,5,2,1,74,49,8
375587,0,1289,0,40,2,1,2,1,13,45,8
376255,0,1289,0,40,2,1,2,1,13,37,8
338201,0,1289,0,40,2,9,2,1,55,41,8
373197,0,1289,0,40,3,2,2,1,12,35,8
357667,0,1289,0,40,2,5,2,1,32,104,8
337347,0,1289,0,40,3,8,2,1,60,54,8
365777,0,1289,0,40,2,2,2,1,30,54,8
376654,0,1289,0,40,3,1,2,1,11,39,8
377452,0,1289,0,40,2,1,2,1,11,36,8
344528,0,1289,0,40,3,6,2,1,50,33,8
354405,0,1289,0,40,2,4,2,1,38,19,8
359621,0,1289,0,40,2,6,2,1,24,22,8
362419,0,1289,0,40,3,4,2,1,29,49,8
335777,0,1289,0,40,3,9,2,1,70,55,8
324358,0,1289,0,40,2,7,2,1,53,30,8
359898,0,1289,0,40,2,4,2,1,30,17,8
370972,0,1289,0,40,2,2,2,1,17,60,8
369230,0,1289,0,40,2,3,2,1,20,80,8
349576,0,1289,0,40,3,6,2,1,40,66,8
336577,0,1289,0,40,2,8,2,1,54,46,8
378144,0,1289,0,40,3,1,2,1,9,17,8
378552,0,1289,0,40,3,1,2,1,9,29,8
365784,0,1289,0,40,3,3,2,1,20,46,8
347846,0,1289,0,40,2,9,2,1,35,90,8
326866,0,1289,0,40,2,9,2,1,40,69,8
362917,0,1289,0,40,3,4,2,1,22,21,8
345850,0,1289,0,40,3,6,2,1,49,22,8
377208,0,1289,0,40,3,2,2,1,9,72,8
341451,0,1289,0,40,2,10,2,1,50,55,8
375792,0,1289,0,40,2,1,2,1,8,28,8
378079,0,1289,0,40,2,1,2,1,8,56,8
342123,0,1289,0,40,3,6,2,1,64,52,8
365753,0,1289,0,40,3,2,2,1,25,53,8
364965,0,1289,0,40,3,3,2,1,26,67,8
362244,0,1289,0,40,2,2,2,1,31,91,8
338660,0,1289,0,40,2,7,2,1,60,48,8
331905,0,1289,0,40,3,10,2,1,81,68,8
366425,0,1289,0,40,2,2,2,1,22,22,8
360440,0,1289,0,40,3,4,2,1,27,81,8
332592,0,1289,0,40,3,12,2,1,77,35,8
325524,0,1289,0,40,2,7,2,1,69,49,8
366902,0,1289,0,40,3,3,2,1,22,75,8
359225,0,1289,0,40,2,4,2,1,29,49,8
363277,0,1289,0,40,3,2,2,1,30,20,8
357405,0,1289,0,40,2,4,2,1,27,51,8
360303,0,1289,0,40,3,4,2,1,35,42,8
358892,0,1289,0,40,3,4,2,1,29,83,8
372898,0,1289,0,40,2,1,2,1,15,39,8
341977,0,1289,0,40,3,8,2,1,52,23,8
369039,0,1289,0,40,3,2,2,1,15,10,8
359848,0,1289,0,40,3,3,2,1,32,76,8
372944,0,1289,0,40,2,2,2,1,14,63,8
367513,0,1289,0,40,2,2,2,1,23,47,8
364419,0,1289,0,40,2,4,2,1,19,21,8
375094,0,1289,0,40,3,2,2,1,14,19,8
376827,0,1289,0,40,3,1,2,1,13,26,8
365046,0,1289,0,40,3,4,2,1,20,48,8
329641,0,1289,0,40,3,14,2,1,78,68,8
375263,0,1289,0,40,3,1,2,1,12,34,8
377400,0,1289,0,40,3,1,2,1,12,62,8
335736,0,1289,0,40,2,7,2,1,61,28,8
352633,0,1289,0,40,2,5,2,1,35,18,8
365836,0,1289,0,40,2,3,2,1,17,44,8
337608,0,1289,0,40,3,6,2,1,56,91,8
328644,1,1289,1237,40,3,9,2,1,54,54,8
377934,1,1289,1277,40,2,1,2,1,11,41,8
316207,0,1289,0,40,3,9,2,1,72,53,8
338627,0,1289,0,40,3,8,2,1,55,39,8
373112,0,1289,0,40,2,2,2,1,13,32,8
345752,0,1289,0,40,2,10,2,1,39,39,8
361384,0,1289,0,40,3,5,2,1,20,43,8
327115,0,1289,0,40,3,5,2,1,37,81,8
365509,0,1289,0,40,3,2,2,1,30,28,8
376329,0,1289,0,40,2,2,2,1,11,33,8
314831,0,1289,0,40,3,15,2,1,82,47,8
354890,0,1289,0,40,3,6,2,1,34,13,8
330332,0,1289,0,40,2,13,2,1,76,39,8
329232,0,1289,0,40,3,11,2,1,66,45,8
360969,0,1289,0,40,2,5,2,1,20,55,8
347663,0,1289,0,40,2,8,2,1,31,40,8
356315,0,1289,0,40,2,3,2,1,41,43,8
378055,0,1289,0,40,3,1,2,1,9,51,8
379087,0,1289,0,40,2,1,2,1,9,69,8
338019,0,1289,0,40,2,10,2,1,53,68,8
369460,0,1289,0,40,3,3,2,1,13,22,8
363834,0,1289,0,40,3,3,2,1,21,98,8
361912,0,1289,0,40,3,4,2,1,30,32,8
369749,0,1289,0,40,3,3,2,1,17,50,8
353625,0,1289,0,40,2,7,2,1,34,23,8
325499,0,1289,0,40,3,8,2,1,69,48,8
367662,0,1289,0,40,2,4,2,1,13,29,8
375083,0,1289,0,40,3,3,2,1,10,76,8
374893,0,1289,0,40,2,2,2,1,12,37,8
350719,0,1289,0,40,3,8,2,1,28,32,8
369509,0,1289,0,40,3,3,2,1,16,26,8
358642,0,1289,0,40,3,4,2,1,39,15,8
378059,0,1289,0,40,3,1,2,1,8,62,8
378401,0,1289,0,40,2,1,2,1,8,14,8
336909,1,1289,1278,40,2,5,2,1,86,42,8
360355,0,1289,0,40,2,2,2,1,38,69,8
357290,0,1289,0,40,2,2,2,1,45,51,8
349126,0,1289,0,40,3,6,2,1,41,39,8
355321,0,1289,0,40,2,5,2,1,39,27,8
365119,0,1289,0,40,2,2,2,1,26,12,8
372208,0,1289,0,40,3,1,2,1,22,38,8
352815,0,1289,0,40,3,4,2,1,42,78,8
367593,0,1289,0,40,2,2,2,1,23,42,8
359052,0,1289,0,40,2,5,2,1,32,58,8
372942,0,1289,0,40,2,1,2,1,18,32,8
359994,0,1289,0,40,3,3,2,1,34,83,8
354005,0,1289,0,40,2,4,2,1,44,46,8
325261,0,1289,0,40,2,10,2,1,61,34,8
368129,0,1289,0,40,2,2,2,1,24,12,8
361816,0,1289,0,40,2,4,2,1,26,16,8
369139,0,1289,0,40,2,3,2,1,20,70,8
367518,0,1289,0,40,3,3,2,1,23,34,8
351038,0,1289,0,40,2,4,2,1,52,7,8
369984,0,1289,0,40,3,2,2,1,21,24,8
324599,0,1289,0,40,3,7,2,1,27,65,8
370423,0,1289,0,40,3,2,2,1,18,31,8
370364,0,1289,0,40,2,2,2,1,17,45,8
351610,0,1289,0,40,3,5,2,1,42,31,8
356667,0,1289,0,40,2,5,2,1,24,62,8
338688,0,1289,0,40,3,8,2,1,62,36,8
340762,0,1289,0,40,3,10,2,1,50,69,8
349469,0,1289,0,40,2,8,2,1,35,43,8
375467,0,1289,0,40,3,1,2,1,14,29,8
352621,0,1289,0,40,2,6,2,1,34,34,8
372856,1,1289,1278,26.7091,3,2,2,1,14,13,8
352063,0,1289,0,40,2,6,2,1,28,86,8
355638,0,1289,0,40,2,4,2,1,32,31,8
375423,0,1289,0,40,2,1,2,1,13,65,8
376140,0,1289,0,40,2,1,2,1,13,35,8
377392,0,1289,0,40,2,1,2,1,13,64,8
357541,0,1289,0,40,2,5,2,1,28,37,8
323915,0,1289,0,40,3,10,2,1,54,27,8
360217,0,1289,0,40,3,4,2,1,28,37,8
361690,0,1289,0,40,2,4,2,1,27,42,8
373000,0,1289,0,40,2,2,2,1,13,79,8
334299,0,1289,0,40,3,10,2,1,63,22,8
375044,0,1289,0,40,3,2,2,1,14,45,8
327546,0,1289,0,40,2,9,2,1,67,30,8
362231,0,1289,0,40,2,5,2,1,27,27,8
363332,0,1289,0,40,3,3,2,1,32,55,8
350311,0,1289,0,40,3,6,2,1,42,26,8
376280,0,1289,0,40,3,1,2,1,12,38,8
378006,0,1289,0,40,2,1,2,1,12,55,8
368079,0,1289,0,40,3,4,2,1,16,64,8
329675,0,1289,0,40,3,2,2,1,17,34,8
327503,0,1289,0,40,3,5,2,1,29,64,8
360414,0,1289,0,40,2,3,2,1,32,45,8
370573,0,1289,0,40,3,2,2,1,19,64,8
353990,0,1289,0,40,2,6,2,1,37,34,8
356123,0,1289,0,40,3,5,2,1,32,82,8
350483,0,1289,0,40,3,7,2,1,42,44,8
368515,0,1289,0,40,3,2,2,1,15,35,8
334222,0,1289,0,40,2,11,2,1,66,62,8
333855,0,1289,0,40,3,10,2,1,61,81,8
349180,0,1289,0,40,3,7,2,1,44,66,8
374651,0,1289,0,40,2,2,2,1,11,59,8
351829,0,1289,0,40,2,5,2,1,47,41,8
350498,0,1289,0,40,2,7,2,1,43,19,8
359986,0,1289,0,40,2,5,2,1,27,69,8
372384,0,1289,0,40,3,2,2,1,19,21,8
317834,0,1289,0,40,3,10,2,1,72,29,8
378115,0,1289,0,40,3,1,2,1,10,90,8
378675,0,1289,0,40,2,1,2,1,10,28,8
343194,1,1289,1232,40,3,8,2,1,46,92,8
370262,0,1289,0,40,3,3,2,1,13,64,8
331343,0,1289,0,40,3,12,2,1,62,44,8
340113,0,1289,0,40,3,10,2,1,46,61,8
366518,0,1289,0,40,3,4,2,1,22,61,8
323786,0,1289,0,40,3,12,2,1,70,37,8
360312,1,1289,1273,40,2,4,2,1,31,27,8
366074,0,1289,0,40,3,4,2,1,20,42,8
371625,0,1289,0,40,3,3,2,1,16,23,8
359489,0,1289,0,40,2,5,2,1,35,77,8
355040,0,1289,0,40,2,6,2,1,31,60,8
378994,0,1289,0,40,2,1,2,1,9,28,8
379090,0,1289,0,40,2,1,2,1,9,37,8
379186,0,1289,0,40,2,1,2,1,9,86,8
379458,0,1289,0,40,3,1,2,1,9,30,8
379578,0,1289,0,40,3,1,2,1,9,10,8
379690,0,1289,0,40,2,1,2,1,9,29,8
332489,0,1289,0,40,2,13,2,1,72,31,8
362148,0,1289,0,40,3,3,2,1,25,29,8
353344,0,1289,0,40,2,6,2,1,33,40,8
354039,0,1289,0,40,3,6,2,1,26,25,8
363871,0,1289,0,40,3,3,2,1,23,39,8
328673,0,1289,0,40,2,6,2,1,53,46,8
329368,0,1289,0,40,2,10,2,1,53,18,8
358830,0,1289,0,40,3,5,2,1,25,26,8
327711,0,1289,0,40,2,6,2,1,46,51,8
343633,0,1289,0,40,2,8,2,1,45,20,8
376011,0,1289,0,40,3,3,2,1,11,41,8
358473,0,1289,0,40,3,5,2,1,32,63,8
379027,0,1289,0,40,2,2,2,1,9,27,8
379992,0,1289,0,40,2,1,2,1,8,66,8
360434,0,1289,0,40,2,2,2,1,35,62,8
366320,0,1289,0,40,3,1,2,1,31,20,8
362433,0,1289,0,40,3,3,2,1,34,55,8
352070,0,1289,0,40,3,5,2,1,44,47,8
348812,0,1289,0,40,3,4,2,1,59,34,8
355807,0,1289,0,40,3,3,2,1,43,23,8
360247,0,1289,0,40,3,3,2,1,33,55,8
336417,0,1289,0,40,3,6,2,1,75,28,8
369072,0,1289,0,40,2,2,2,1,26,60,8
372106,0,1289,0,40,3,1,2,1,23,13,8
358066,0,1289,0,40,3,4,2,1,28,29,8
368724,0,1289,0,40,3,2,2,1,27,15,8
351932,0,1289,0,40,2,5,2,1,40,44,8
339113,0,1289,0,40,3,8,2,1,65,49,8
330206,0,1289,0,40,3,13,2,1,70,38,8
345385,0,1289,0,40,2,8,2,1,45,36,8
350807,0,1289,0,40,2,4,2,1,40,41,8
362695,1,1289,1279,40,2,2,2,1,25,32,8
367073,0,1289,0,40,2,2,2,1,21,34,8
356150,0,1289,0,40,3,2,2,1,44,23,8
345924,0,1289,0,40,2,5,2,1,50,56,8
351353,0,1289,0,40,3,7,2,1,39,57,8
367920,0,1289,0,40,3,2,2,1,28,16,8
360473,0,1289,0,40,2,4,2,1,35,36,8
367750,0,1289,0,40,3,2,2,1,24,39,8
370465,0,1289,0,40,2,2,2,1,23,38,8
337101,0,1289,0,40,3,9,2,1,64,17,8
339377,0,1289,0,40,3,7,2,1,63,54,8
313697,0,1289,0,40,3,14,2,1,76,52,8
355711,0,1289,0,40,2,3,2,1,44,35,8
337314,0,1289,0,40,2,7,2,1,71,59,8
304400,0,1289,0,40,2,13,2,1,82,39,8
373987,0,1289,0,40,2,2,2,1,20,133,8
347320,0,1289,0,40,2,4,2,1,55,88,8
346207,0,1289,0,40,2,6,2,1,55,77,8
351730,0,1289,0,40,2,6,2,1,38,13,8
328640,0,1289,0,40,2,8,2,1,56,51,8
369585,0,1289,0,40,2,3,2,1,20,43,8
374633,0,1289,0,40,3,1,2,1,15,28,8
374905,0,1289,0,40,3,1,2,1,15,51,8
376383,0,1289,0,40,2,1,2,1,15,49,8
376819,0,1289,0,40,3,1,2,1,15,53,8
365419,0,1289,0,40,2,2,2,1,21,37,8
363625,0,1289,0,40,2,3,2,1,33,32,8
327508,0,1289,0,40,3,18,2,1,80,59,8
366096,0,1289,0,40,3,4,2,1,22,71,8
327683,0,1289,0,40,3,7,2,1,39,60,8
377272,0,1289,0,40,3,1,2,1,14,42,8
371682,0,1289,0,40,2,2,2,1,14,28,8
353263,0,1289,0,40,2,6,2,1,38,101,8
325470,0,1289,0,40,2,5,2,1,60,82,8
361029,0,1289,0,40,3,4,2,1,19,43,8
373264,0,1289,0,40,3,2,2,1,15,54,8
354203,0,1289,0,40,3,5,2,1,33,31,8
334116,0,1289,0,40,2,14,2,1,59,25,8
336063,0,1289,0,40,2,9,2,1,73,48,8
376528,0,1289,0,40,2,1,2,1,13,73,8
377838,0,1289,0,40,2,1,2,1,13,15,8
363732,0,1289,0,40,3,3,2,1,21,54,8
346113,0,1289,0,40,3,7,2,1,51,49,8
366461,0,1289,0,40,2,3,2,1,16,86,8
326821,1,1289,1279,17.8014,3,7,2,1,72,34,8
334277,0,1289,0,40,2,10,2,1,64,55,8
372016,0,1289,0,40,2,2,2,1,17,70,8
369919,0,1289,0,40,3,3,2,1,20,60,8
366977,0,1289,0,40,2,4,2,1,19,28,8
326615,0,1289,0,40,3,6,2,1,40,29,8
377565,0,1289,0,40,3,1,2,1,12,85,8
352008,0,1289,0,40,3,5,2,1,40,48,8
349739,0,1289,0,40,2,7,2,1,44,78,8
370421,0,1289,0,40,3,2,2,1,20,38,8
340455,0,1289,0,40,2,9,2,1,54,37,8
369596,0,1289,0,40,3,2,2,1,21,6,8
367423,0,1289,0,40,3,3,2,1,20,54,8
348990,0,1289,0,40,2,5,2,1,42,37,8
371824,0,1289,0,40,3,3,2,1,16,33,8
338189,0,1289,0,40,3,7,2,1,77,70,8
374960,0,1289,0,40,2,2,2,1,14,10,8
366770,0,1289,0,40,2,4,2,1,20,78,8
361213,0,1289,0,40,3,3,2,1,34,34,8
355866,0,1289,0,40,2,6,2,1,31,14,8
356678,0,1289,0,40,3,5,2,1,38,118,8
377783,0,1289,0,40,3,1,2,1,11,73,8
378789,0,1289,0,40,2,1,2,1,11,22,8
379193,0,1289,0,40,2,1,2,1,11,60,8
358264,0,1289,0,40,2,4,2,1,29,39,8
323311,0,1289,0,40,2,7,2,1,39,39,8
369927,0,1289,0,40,3,3,2,1,19,49,8
346431,0,1289,0,40,2,7,2,1,39,32,8
373136,0,1289,0,40,2,2,2,1,14,41,8
350140,0,1289,0,40,3,7,2,1,36,43,8
366090,0,1289,0,40,3,3,2,1,23,33,8
358704,0,1289,0,40,3,4,2,1,31,44,8
369957,0,1289,0,40,3,3,2,1,18,57,8
338561,0,1289,0,40,3,9,2,1,55,62,8
344006,0,1289,0,40,2,8,2,1,54,49,8
347551,0,1289,0,40,2,10,2,1,46,15,8
374564,0,1289,0,40,2,2,2,1,16,16,8
378633,0,1289,0,40,3,1,2,1,10,24,8
379376,0,1289,0,40,2,1,2,1,10,66,8
360671,0,1289,0,40,3,3,2,1,24,29,8
370275,0,1289,0,40,2,3,2,1,13,27,8
327738,0,1289,0,40,3,7,2,1,39,47,8
342832,0,1289,0,40,2,9,2,1,47,38,8
347214,0,1289,0,40,2,6,2,1,33,28,8
374520,0,1289,0,40,3,2,2,1,10,35,8
369040,0,1289,0,40,3,3,2,1,21,57,8
325396,0,1289,0,40,2,10,2,1,60,48,8
357910,0,1289,0,40,3,3,2,1,41,40,8
372188,0,1289,0,40,2,2,2,1,19,50,8
356013,0,1289,0,40,2,6,2,1,34,53,8
346931,0,1289,0,40,2,8,2,1,43,23,8
328863,0,1289,0,40,2,7,2,1,57,52,8
368122,0,1289,0,40,2,3,2,1,21,30,8
355213,0,1289,0,40,3,4,2,1,35,30,8
357372,0,1289,0,40,2,6,2,1,35,30,8
371207,0,1289,0,40,2,3,2,1,14,63,8
340355,0,1289,0,40,2,12,2,1,48,78,8
378317,0,1289,0,40,3,1,2,1,9,15,8
379397,0,1289,0,40,2,1,2,1,9,16,8
379902,0,1289,0,40,2,1,2,1,9,15,8
380188,0,1289,0,40,3,1,2,1,9,52,8
345247,0,1289,0,40,2,8,2,1,46,44,8
359706,0,1289,0,40,3,7,2,1,18,50,8
374716,0,1289,0,40,3,2,2,1,12,37,8
367908,0,1289,0,40,2,3,2,1,20,66,8
348438,0,1289,0,40,3,7,2,1,44,44,8
369376,0,1289,0,40,3,3,2,1,16,31,8
365680,0,1289,0,40,3,3,2,1,25,73,8
376927,0,1289,0,40,2,2,2,1,10,23,8
363548,0,1289,0,40,2,5,2,1,26,26,8
364385,1,1289,1274,35.3575,3,4,2,1,27,37,8
337131,0,1289,0,40,3,14,2,1,59,55,8
376953,0,1289,0,40,3,2,2,1,9,25,8
357967,0,1289,0,40,3,5,2,1,33,21,8
372779,0,1289,0,40,3,2,2,1,18,27,8
374492,0,1289,0,40,2,2,2,1,14,36,8
349958,1,1289,1275,40,2,7,2,1,44,65,8
341871,0,1289,0,40,3,8,2,1,55,48,8
350010,0,1289,0,40,3,8,2,1,35,13,8
336506,0,1289,0,40,2,12,2,1,58,14,8
354200,0,1289,0,40,3,7,2,1,26,54,8
347062,0,1289,0,40,3,5,2,1,57,56,8
380273,0,1289,0,40,3,1,2,1,8,46,8
380624,0,1289,0,40,2,1,2,1,8,43,8
335639,0,1289,0,40,2,9,2,1,64,57,8
365132,0,1289,0,40,2,2,2,1,35,23,8
367258,0,1289,0,40,3,2,2,1,24,47,8
362315,0,1289,0,40,3,3,2,1,29,19,8
363422,0,1289,0,40,2,2,2,1,32,72,8
360233,0,1289,0,40,2,3,2,1,39,25,8
366120,0,1289,0,40,2,2,2,1,24,68,8
353310,0,1289,0,40,2,4,2,1,50,75,8
343715,0,1289,0,40,2,8,2,1,52,49,8
370214,0,1289,0,40,2,2,2,1,25,25,8
333120,0,1289,0,40,3,10,2,1,78,44,8
370481,0,1289,0,40,2,2,2,1,22,38,8
367373,0,1289,0,40,2,2,2,1,23,59,8
330911,0,1289,0,40,3,11,2,1,81,73,8
371117,0,1289,0,40,2,2,2,1,22,78,8
369953,0,1289,0,40,3,2,2,1,20,24,8
367249,2,1289,0,40,2,2,2,1,25,61,8
344444,0,1289,0,40,2,8,2,1,47,15,8
363537,0,1289,0,40,2,5,2,1,26,65,8
362074,0,1289,0,40,2,3,2,1,35,32,8
347417,0,1289,0,40,2,6,2,1,48,38,8
335030,0,1289,0,40,3,9,2,1,68,53,8
367139,0,1289,0,40,3,3,2,1,24,46,8
372002,0,1289,0,40,3,2,2,1,19,56,8
330903,0,1289,0,40,3,14,2,1,76,43,8
353558,0,1289,0,40,3,6,2,1,32,51,8
334878,0,1289,0,40,3,10,2,1,68,30,8
351132,0,1289,0,40,2,5,2,1,41,44,8
340604,0,1289,0,40,2,11,2,1,55,69,8
358092,1,1289,1280,40,2,3,2,1,44,34,8
375659,0,1289,0,40,2,1,2,1,17,40,8
372170,0,1289,0,40,3,2,2,1,18,63,8
334462,0,1289,0,40,2,11,2,1,58,62,8
336217,0,1289,0,40,2,8,2,1,71,27,8
376787,0,1289,0,40,2,1,2,1,16,42,8
331762,0,1289,0,40,3,11,2,1,80,25,8
346473,0,1289,0,40,3,7,2,1,45,21,8
342004,0,1289,0,40,2,7,2,1,60,39,8
366877,0,1289,0,40,2,4,2,1,20,8,8
377182,0,1289,0,40,3,1,2,1,15,93,8
355739,0,1289,0,40,3,5,2,1,33,53,8
354128,0,1289,0,40,3,4,2,1,41,31,8
372402,0,1289,0,40,3,2,2,1,17,31,8
365065,0,1289,0,40,3,2,2,1,31,41,8
343623,0,1289,0,40,3,6,2,1,53,38,8
373335,0,1289,0,40,3,2,2,1,18,40,8
359965,0,1289,0,40,2,5,2,1,31,40,8
352936,0,1289,0,40,3,5,2,1,45,38,8
350178,0,1289,0,40,2,6,2,1,48,58,8
336915,0,1289,0,40,2,10,2,1,67,47,8
377169,1,1289,1280,40,2,1,2,1,14,31,8
364289,0,1289,0,40,3,4,2,1,24,69,8
369858,0,1289,0,40,2,2,2,1,18,51,8
356118,0,1289,0,40,2,5,2,1,36,30,8
369681,0,1289,0,40,3,2,2,1,24,91,8
348695,0,1289,0,40,2,7,2,1,38,58,8
363947,0,1289,0,40,2,3,2,1,28,33,8
368368,0,1289,0,40,3,3,2,1,26,28,8
376063,0,1289,0,40,2,2,2,1,15,67,8
327556,0,1289,0,40,2,10,2,1,54,73,8
375776,0,1289,0,40,2,1,2,1,13,28,8
378438,0,1289,0,40,2,1,2,1,13,55,8
361964,0,1289,0,40,2,4,2,1,21,29,8
354205,0,1289,0,40,2,5,2,1,37,10,8
362968,0,1289,0,40,2,4,2,1,25,36,8
371850,0,1289,0,40,3,3,2,1,18,30,8
363888,0,1289,0,40,2,5,2,1,24,57,8
323927,0,1289,0,40,3,7,2,1,53,65,8
339841,0,1289,0,40,3,9,2,1,51,44,8
372466,0,1289,0,40,3,3,2,1,14,35,8
346580,0,1289,0,40,2,8,2,1,43,26,8
345025,0,1289,0,40,2,11,2,1,45,62,8
357982,0,1289,0,40,2,7,2,1,28,37,8
376760,0,1289,0,40,3,1,2,1,12,61,8
378949,0,1289,0,40,3,1,2,1,12,32,8
379071,0,1289,0,40,2,1,2,1,12,79,8
353880,0,1289,0,40,3,5,2,1,32,18,8
327427,0,1289,0,40,3,10,2,1,51,10,8
355686,0,1289,0,40,2,6,2,1,26,26,8
360169,0,1289,0,40,2,5,2,1,34,54,8
367896,0,1289,0,40,2,4,2,1,20,59,8
362848,0,1289,0,40,3,4,2,1,29,62,8
363766,0,1289,0,40,2,5,2,1,25,56,8
373835,0,1289,0,40,3,2,2,1,19,48,8
325064,0,1289,0,40,3,10,2,1,83,48,8
355477,0,1289,0,40,3,5,2,1,40,63,8
377221,0,1289,0,40,2,1,2,1,11,42,8
362477,0,1289,0,40,2,3,2,1,19,22,8
366531,0,1289,0,40,3,2,2,1,26,12,8
373533,0,1289,0,40,3,2,2,1,13,106,8
358119,1,1289,1254,40,3,7,2,1,22,39,8
331713,0,1289,0,40,3,11,2,1,79,65,8
367978,0,1289,0,40,2,3,2,1,24,74,8
362346,0,1289,0,40,2,4,2,1,29,43,8
369212,0,1289,0,40,3,3,2,1,19,46,8
364973,0,1289,0,40,3,4,2,1,22,21,8
373614,0,1289,0,40,2,3,2,1,12,22,8
375779,0,1289,0,40,3,2,2,1,15,44,8
369210,0,1289,0,40,2,5,2,1,16,61,8
334767,0,1289,0,40,3,11,2,1,70,26,8
378872,0,1289,0,40,3,1,2,1,10,63,8
379425,0,1289,0,40,3,1,2,1,10,41,8
379621,0,1289,0,40,3,1,2,1,10,40,8
379956,0,1289,0,40,2,1,2,1,10,34,8
380086,1,1289,1280,40,2,1,2,1,10,32,8
380152,0,1289,0,40,3,1,2,1,10,63,8
370687,0,1289,0,40,2,2,2,1,16,45,8
372830,0,1289,0,40,3,2,2,1,11,10,8
371619,0,1289,0,40,2,2,2,1,18,58,8
360301,0,1289,0,40,2,4,2,1,23,40,8
355063,0,1289,0,40,2,6,2,1,30,21,8
375313,0,1289,0,40,3,2,2,1,11,47,8
359393,0,1289,0,40,3,5,2,1,27,106,8
329825,0,1289,0,40,3,13,2,1,87,35,8
366936,0,1289,0,40,3,4,2,1,27,75,8
375611,0,1289,0,40,3,2,2,1,13,32,8
372379,0,1289,0,40,2,3,2,1,13,49,8
370925,0,1289,0,40,3,3,2,1,20,81,8
329204,0,1289,0,40,2,7,2,1,53,43,8
349474,0,1289,0,40,2,5,2,1,47,47,8
361423,0,1289,0,40,3,4,2,1,33,25,8
363148,0,1289,0,40,3,3,2,1,37,48,8
329848,0,1289,0,40,2,8,2,1,52,49,8
379587,0,1289,0,40,3,1,2,1,9,61,8
380356,0,1289,0,40,2,1,2,1,9,34,8
380452,0,1289,0,40,3,1,2,1,9,82,8
380782,0,1289,0,40,3,1,2,1,9,37,8
380874,0,1289,0,40,2,1,2,1,9,44,8
358972,0,1289,0,40,3,3,2,1,29,27,8
349840,0,1289,0,40,3,5,2,1,28,26,8
376343,0,1289,0,40,2,2,2,1,9,48,8
373676,0,1289,0,40,3,2,2,1,13,35,8
365710,0,1289,0,40,3,4,2,1,21,20,8
355577,0,1289,0,40,2,5,2,1,27,46,8
352517,0,1289,0,40,3,6,2,1,33,36,8
369833,0,1289,0,40,3,4,2,1,18,26,8
364794,0,1289,0,40,2,3,2,1,30,31,8
357102,0,1289,0,40,3,4,2,1,36,12,8
334778,0,1289,0,40,2,11,2,1,64,51,8
333744,0,1289,0,40,3,12,2,1,68,32,8
366466,0,1289,0,40,2,4,2,1,22,75,8
356566,0,1289,0,40,2,5,2,1,34,40,8
376588,0,1289,0,40,3,2,2,1,10,15,8
360660,0,1289,0,40,2,5,2,1,32,36,8
377357,0,1289,0,40,3,1,2,1,8,22,8
379915,0,1289,0,40,2,1,2,1,8,31,8
381114,0,1289,0,40,2,1,2,1,8,39,8
381330,0,1289,0,40,2,1,2,1,8,41,8
329748,0,1289,0,40,3,2,2,1,44,33,8
348457,0,1289,0,40,2,6,2,1,52,17,8
358311,0,1289,0,40,2,4,2,1,42,59,8
371505,0,1289,0,40,3,1,2,1,26,50,8
363450,0,1289,0,40,3,3,2,1,29,61,8
334820,0,1289,0,40,2,6,2,1,80,51,8
347971,0,1289,0,40,3,6,2,1,58,23,8
372377,0,1289,0,40,3,1,2,1,22,13,8
367151,0,1289,0,40,2,2,2,1,25,43,8
338876,0,1289,0,40,2,9,2,1,64,22,8
373458,0,1289,0,40,3,1,2,1,21,50,8
370115,0,1289,0,40,3,2,2,1,22,7,8
337361,0,1289,0,40,2,11,2,1,57,55,8
347185,0,1289,0,40,3,4,2,1,64,27,8
335222,0,1289,0,40,2,11,2,1,57,53,8
364743,0,1289,0,40,2,2,2,1,31,66,8
359772,0,1289,0,40,3,4,2,1,29,55,8
373673,0,1289,0,40,3,2,2,1,20,58,8
373736,0,1289,0,40,2,1,2,1,19,40,8
367905,0,1289,0,40,3,3,2,1,23,74,8
358959,0,1289,0,40,3,4,2,1,33,26,8
371269,0,1289,0,40,3,2,2,1,24,72,8
368574,0,1289,0,40,3,2,2,1,22,70,8
369793,0,1289,0,40,2,2,2,1,26,77,8
344251,0,1289,0,40,3,10,2,1,45,45,8
371588,0,1289,0,40,3,2,2,1,17,40,8
369821,0,1289,0,40,2,3,2,1,19,44,8
355192,0,1289,0,40,3,3,2,1,48,25,8
373823,0,1289,0,40,2,2,2,1,18,43,8
355196,0,1289,0,40,3,5,2,1,35,31,8
376878,0,1289,0,40,2,1,2,1,16,15,8
377344,0,1289,0,40,2,1,2,1,16,57,8
330971,0,1289,0,40,3,12,2,1,71,35,8
358866,0,1289,0,40,3,5,2,1,28,33,8
360270,0,1289,0,40,3,4,2,1,28,49,8
346959,0,1289,0,40,3,6,2,1,53,26,8
365952,0,1289,0,40,3,3,2,1,29,40,8
377670,0,1289,0,40,2,1,2,1,15,44,8
347554,0,1289,0,40,2,7,2,1,50,31,8
346542,0,1289,0,40,3,7,2,1,39,52,8
344890,0,1289,0,40,2,6,2,1,54,65,8
372369,0,1289,0,40,3,2,2,1,19,62,8
342618,0,1289,0,40,3,7,2,1,59,44,8
377401,0,1289,0,40,3,1,2,1,14,53,8
364084,0,1289,0,40,2,4,2,1,20,20,8
358439,0,1289,0,40,2,4,2,1,26,89,8
338502,0,1289,0,40,2,8,2,1,60,28,8
366682,0,1289,0,40,3,2,2,1,29,57,8
326134,0,1289,0,40,2,6,2,1,33,54,8
337317,0,1289,0,40,2,8,2,1,65,62,8
332289,0,1289,0,40,3,9,2,1,86,39,8
342238,0,1289,0,40,3,8,2,1,59,13,8
374021,0,1289,0,40,3,2,2,1,18,54,8
365445,0,1289,0,40,3,4,2,1,22,25,8
366338,0,1289,0,40,3,4,2,1,25,40,8
377063,0,1289,0,40,2,1,2,1,13,51,8
378499,0,1289,0,40,3,1,2,1,13,56,8
379079,0,1289,0,40,2,1,2,1,13,25,8
348920,0,1289,0,40,3,6,2,1,38,30,8
328885,0,1289,0,40,2,14,2,1,71,15,8
361757,0,1289,0,40,2,5,2,1,27,46,8
363091,0,1289,0,40,3,5,2,1,24,15,8
335585,0,1289,0,40,2,7,2,1,72,14,8
358133,0,1289,0,40,2,5,2,1,32,52,8
366693,0,1289,0,40,3,3,2,1,20,37,8
369069,0,1289,0,40,2,3,2,1,16,34,8
351622,0,1289,0,40,3,7,2,1,40,19,8
378690,0,1289,0,40,2,1,2,1,12,38,8
370850,0,1289,0,40,2,2,2,1,13,47,8
362554,0,1289,0,40,3,4,2,1,29,66,8
373919,0,1289,0,40,2,2,2,1,14,34,8
369251,0,1289,0,40,2,3,2,1,19,35,8
356147,0,1289,0,40,3,5,2,1,33,15,8
281689,0,1289,0,40,3,22,2,1,163,23,8
354743,0,1289,0,40,2,6,2,1,29,67,8
365885,0,1289,0,40,3,3,2,1,21,44,8
361837,1,1289,1274,30.4663,3,4,2,1,33,66,8
339260,1,1289,1274,40,2,11,2,1,60,88,8
358108,0,1289,0,40,2,5,2,1,28,22,8
375525,0,1289,0,40,3,2,2,1,14,44,8
377323,0,1289,0,40,3,2,2,1,12,35,8
337163,0,1289,0,40,2,10,2,1,70,55,8
379581,0,1289,0,40,2,1,2,1,11,30,8
379749,0,1289,0,40,3,1,2,1,11,22,8
379982,0,1289,0,40,2,1,2,1,11,87,8
380080,0,1289,0,40,2,1,2,1,11,24,8
360821,0,1289,0,40,3,3,2,1,24,58,8
342678,0,1289,0,40,2,8,2,1,48,44,8
374903,0,1289,0,40,3,2,2,1,11,32,8
330052,0,1289,0,40,2,9,2,1,49,5,8
347429,1,1289,1271,40,2,7,2,1,47,62,8
360747,0,1289,0,40,2,3,2,1,32,39,8
340980,0,1289,0,40,3,10,2,1,47,51,8
348598,0,1289,0,40,2,5,2,1,42,35,8
363335,0,1289,0,40,3,3,2,1,32,37,8
376641,0,1289,0,40,2,2,2,1,12,42,8
357843,0,1289,0,40,2,6,2,1,25,28,8
325806,0,1289,0,40,3,10,2,1,82,28,8
350262,0,1289,0,40,3,7,2,1,42,21,8
325333,0,1289,0,40,2,5,2,1,41,74,8
374062,0,1289,0,40,3,2,2,1,17,40,8
376610,0,1289,0,40,2,2,2,1,13,22,8
328515,0,1289,0,40,2,8,2,1,25,19,8
361444,1,1289,1249,40,2,5,2,1,23,32,8
344016,0,1289,0,40,2,9,2,1,48,49,8
354744,0,1289,0,40,3,6,2,1,39,70,8
378485,0,1289,0,40,3,1,2,1,10,58,8
379989,0,1289,0,40,2,1,2,1,10,24,8
380341,0,1289,0,40,2,1,2,1,10,40,8
380422,0,1289,0,40,3,1,2,1,10,78,8
380596,0,1289,0,40,2,1,2,1,10,39,8
380672,0,1289,0,40,2,1,2,1,10,71,8
380786,0,1289,0,40,3,1,2,1,10,39,8
380908,0,1289,0,40,2,1,2,1,10,64,8
318257,0,1289,0,40,3,9,2,1,65,28,8
356539,1,1289,1281,23.2154,3,5,2,1,34,42,8
363267,0,1289,0,40,3,3,2,1,30,36,8
374160,0,1289,0,40,2,2,2,1,10,18,8
374422,0,1289,0,40,3,2,2,1,14,50,8
356718,0,1289,0,40,3,6,2,1,27,46,8
331252,0,1289,0,40,3,14,2,1,65,69,8
353640,0,1289,0,40,3,6,2,1,35,53,8
372406,0,1289,0,40,2,2,2,1,19,80,8
366749,0,1289,0,40,3,4,2,1,23,23,8
374292,0,1289,0,40,3,2,2,1,14,59,8
370795,0,1289,0,40,2,4,2,1,15,38,8
345032,0,1289,0,40,3,11,2,1,44,53,8
367689,0,1289,0,40,2,3,2,1,18,29,8
340686,0,1289,0,40,2,8,2,1,63,63,8
340845,0,1289,0,40,2,8,2,1,62,27,8
358925,0,1289,0,40,2,6,2,1,22,54,8
365504,0,1289,0,40,2,4,2,1,29,50,8
313328,0,1289,0,40,2,11,2,1,83,24,8
377131,0,1289,0,40,3,2,2,1,12,21,8
326829,0,1289,0,40,2,8,2,1,46,56,8
368210,0,1289,0,40,2,5,2,1,20,16,8
360191,0,1289,0,40,3,7,2,1,22,55,8
378149,0,1289,0,40,3,1,2,1,9,57,8
379787,0,1289,0,40,3,1,2,1,9,15,8
380059,0,1289,0,40,2,1,2,1,9,62,8
381006,0,1289,0,40,2,1,2,1,9,19,8
381034,0,1289,0,40,3,1,2,1,9,72,8
381142,0,1289,0,40,2,1,2,1,9,15,8
381220,0,1289,0,40,2,1,2,1,9,69,8
381414,0,1289,0,40,3,1,2,1,9,50,8
350258,0,1289,0,40,3,7,2,1,42,17,8
349508,0,1289,0,40,2,8,2,1,26,25,8
370883,0,1289,0,40,3,3,2,1,16,15,8
370703,0,1289,0,40,2,4,2,1,19,14,8
359043,0,1289,0,40,3,4,2,1,33,30,8
323143,0,1289,0,40,3,10,2,1,74,60,8
377077,0,1289,0,40,2,2,2,1,9,41,8
362983,0,1289,0,40,3,4,2,1,25,63,8
373347,0,1289,0,40,3,3,2,1,16,28,8
332214,0,1289,0,40,2,12,2,1,64,45,8
337278,0,1289,0,40,3,11,2,1,48,15,8
350165,0,1289,0,40,3,8,2,1,36,36,8
351028,0,1289,0,40,2,7,2,1,32,49,8
373568,0,1289,0,40,2,2,2,1,14,34,8
329158,0,1289,0,40,2,11,2,1,55,25,8
371565,0,1289,0,40,2,4,2,1,16,76,8
353431,0,1289,0,40,2,7,2,1,34,47,8
357751,0,1289,0,40,3,5,2,1,26,3,8
337830,0,1289,0,40,3,7,2,1,73,57,8
345053,0,1289,0,40,2,9,2,1,48,30,8
326114,0,1289,0,40,3,5,2,1,79,59,8
359239,0,1289,0,40,2,5,2,1,28,65,8
342702,0,1289,0,40,2,9,2,1,47,41,8
321390,0,1289,0,40,2,8,2,1,53,88,8
376073,0,1289,0,40,2,2,2,1,16,72,8
354506,0,1289,0,40,2,7,2,1,34,122,8
334823,0,1289,0,40,3,11,2,1,59,55,8
350420,0,1289,0,40,2,8,2,1,46,46,8
381057,0,1289,0,40,3,1,2,1,8,39,8
381469,0,1289,0,40,2,1,2,1,8,36,8
381739,0,1289,0,40,2,1,2,1,8,56,8
364572,1,1289,1282,40,2,2,2,1,35,16,8
345519,0,1289,0,40,3,6,2,1,57,44,8
352538,0,1289,0,40,3,4,2,1,44,47,8
329160,0,1289,0,40,2,13,2,1,88,48,8
337832,0,1289,0,40,3,9,2,1,69,48,8
370621,0,1289,0,40,3,2,2,1,27,17,8
367272,0,1289,0,40,2,3,2,1,23,25,8
369092,0,1289,0,40,3,2,2,1,29,12,8
374909,0,1289,0,40,3,1,2,1,19,73,8
336379,0,1289,0,40,2,9,2,1,67,22,8
338948,0,1289,0,40,2,9,2,1,64,53,8
354157,0,1289,0,40,2,6,2,1,34,99,8
375403,0,1289,0,40,2,1,2,1,18,31,8
376467,0,1289,0,40,3,1,2,1,18,25,8
376939,0,1289,0,40,3,1,2,1,18,41,8
341814,0,1289,0,40,3,9,2,1,48,21,8
372659,0,1289,0,40,3,3,2,1,20,22,8
367607,0,1289,0,40,2,3,2,1,28,78,8
334092,0,1289,0,40,2,10,2,1,72,60,8
361588,0,1289,0,40,2,3,2,1,31,36,8
336473,0,1289,0,40,2,9,2,1,71,52,8
346100,0,1289,0,40,3,5,2,1,61,45,8
376940,0,1289,0,40,2,1,2,1,16,7,8
377596,0,1289,0,40,2,1,2,1,16,25,8
351716,0,1289,0,40,2,5,2,1,43,48,8
334751,1,1289,1261,40,3,10,2,1,69,49,8
346728,0,1289,0,40,2,8,2,1,41,27,8
368496,0,1289,0,40,3,3,2,1,24,30,8
347386,0,1289,0,40,2,6,2,1,55,19,8
369625,0,1289,0,40,2,2,2,1,20,65,8
373592,0,1289,0,40,3,2,2,1,16,39,8
375763,0,1289,0,40,3,2,2,1,15,23,8
373916,0,1289,0,40,2,2,2,1,20,44,8
378443,1,1289,1282,40,2,1,2,1,14,17,8
369505,0,1289,0,40,3,3,2,1,21,22,8
333828,0,1289,0,40,3,7,2,1,83,73,8
356090,0,1289,0,40,3,4,2,1,36,47,8
335394,0,1289,0,40,2,16,2,1,64,45,8
368045,0,1289,0,40,3,3,2,1,19,42,8
360869,0,1289,0,40,2,3,2,1,32,33,8
365045,0,1289,0,40,3,5,2,1,24,57,8
379558,0,1289,0,40,3,1,2,1,13,18,8
367568,0,1289,0,40,3,3,2,1,22,37,8
352868,0,1289,0,40,3,6,2,1,33,39,8
368777,0,1289,0,40,3,3,2,1,19,63,8
365508,0,1289,0,40,2,3,2,1,28,43,8
356737,0,1289,0,40,3,4,2,1,40,32,8
367789,0,1289,0,40,3,3,2,1,16,51,8
358386,0,1289,0,40,3,4,2,1,35,46,8
352357,0,1289,0,40,3,7,2,1,32,17,8
352626,0,1289,0,40,3,6,2,1,37,49,8
369800,0,1289,0,40,3,2,2,1,25,81,8
345670,0,1289,0,40,2,8,2,1,40,54,8
379713,0,1289,0,40,2,1,2,1,12,49,8
338469,0,1289,0,40,2,6,2,1,61,40,8
329304,0,1289,0,40,3,5,2,1,55,67,8
348534,0,1289,0,40,3,6,2,1,47,31,8
373172,0,1289,0,40,2,2,2,1,18,25,8
344624,0,1289,0,40,2,7,2,1,48,73,8
345798,0,1289,0,40,2,9,2,1,43,40,8
319032,0,1289,0,40,2,11,2,1,81,31,8
370471,0,1289,0,40,3,3,2,1,21,81,8
364632,1,1289,1276,40,2,6,2,1,30,34,8
331187,0,1289,0,40,3,13,2,1,83,38,8
375800,0,1289,0,40,3,2,2,1,15,31,8
378581,0,1289,0,40,2,1,2,1,11,43,8
380181,0,1289,0,40,2,1,2,1,11,27,8
380582,0,1289,0,40,2,1,2,1,11,62,8
365955,0,1289,0,40,2,3,2,1,23,21,8
374976,0,1289,0,40,3,2,2,1,13,135,8
371514,0,1289,0,40,2,2,2,1,19,62,8
360571,0,1289,0,40,2,4,2,1,30,48,8
305860,0,1289,0,40,2,14,2,1,74,58,8
369689,0,1289,0,40,2,4,2,1,18,26,8
347480,0,1289,0,40,3,8,2,1,51,65,8
360921,0,1289,0,40,3,4,2,1,30,53,8
352029,0,1289,0,40,3,7,2,1,42,62,8
361545,0,1289,0,40,3,5,2,1,28,29,8
374760,0,1289,0,40,2,3,2,1,13,91,8
362415,0,1289,0,40,2,3,2,1,28,42,8
354104,0,1289,0,40,3,6,2,1,41,23,8
368023,0,1289,0,40,3,3,2,1,27,45,8
338169,0,1289,0,40,3,11,2,1,51,26,8
379100,0,1289,0,40,3,1,2,1,10,31,8
379979,0,1289,0,40,2,1,2,1,10,31,8
327408,0,1289,0,40,3,6,2,1,64,41,8
369417,0,1289,0,40,3,4,2,1,14,37,8
374294,0,1289,0,40,3,2,2,1,14,47,8
356988,0,1289,0,40,2,4,2,1,36,36,8
333986,0,1289,0,40,3,11,2,1,69,47,8
369124,0,1289,0,40,3,2,2,1,26,33,8
328743,0,1289,0,40,2,7,2,1,52,63,8
327092,0,1289,0,40,3,5,2,1,47,16,8
379143,0,1289,0,40,3,2,2,1,10,23,8
368049,0,1289,0,40,3,3,2,1,20,46,8
300668,0,1289,0,40,2,13,2,1,88,39,8
368365,0,1289,0,40,3,4,2,1,19,30,8
366984,0,1289,0,40,3,4,2,1,20,53,8
369718,0,1289,0,40,3,4,2,1,19,22,8
376163,0,1289,0,40,3,2,2,1,17,34,8
345399,0,1289,0,40,2,9,2,1,36,21,8
378995,0,1289,0,40,3,2,2,1,13,37,8
380361,0,1289,0,40,2,1,2,1,9,16,8
380977,0,1289,0,40,2,1,2,1,9,59,8
381389,0,1289,0,40,3,1,2,1,9,11,8
344925,0,1289,0,40,2,8,2,1,41,35,8
362728,0,1289,0,40,3,5,2,1,23,97,8
362711,0,1289,0,40,2,4,2,1,25,19,8
376289,0,1289,0,40,3,2,2,1,13,39,8
329794,0,1289,0,40,2,7,2,1,43,87,8
356686,0,1289,0,40,3,5,2,1,34,46,8
375707,0,1289,0,40,3,3,2,1,12,51,8
372999,1,1289,1279,23.6012,3,2,2,1,22,42,8
333347,0,1289,0,40,2,13,2,1,63,41,8
371992,0,1289,0,40,2,5,2,1,14,30,8
381367,0,1289,0,40,3,1,2,1,8,68,8
381626,0,1289,0,40,3,1,2,1,8,48,8
382022,0,1289,0,40,3,1,2,1,8,44,8
382641,0,1289,0,40,2,1,2,1,8,61,8
339408,0,1289,0,40,2,7,2,1,62,38,8
371181,0,1289,0,40,3,1,2,1,28,30,8
367297,2,1289,0,40,2,2,2,1,27,40,8
370535,0,1289,0,40,3,2,2,1,24,47,8
342781,0,1289,0,40,2,8,2,1,51,37,8
354790,0,1289,0,40,2,6,2,1,36,67,8
349918,0,1289,0,40,3,4,2,1,55,45,8
354378,0,1289,0,40,2,6,2,1,38,42,8
377374,0,1289,0,40,2,1,2,1,18,61,8
354194,0,1289,0,40,3,6,2,1,41,41,8
340004,0,1289,0,40,3,8,2,1,65,42,8
351349,0,1289,0,40,2,6,2,1,40,35,8
356587,0,1289,0,40,3,3,2,1,40,48,8
351457,0,1289,0,40,2,6,2,1,43,65,8
328211,0,1289,0,40,2,9,2,1,66,93,8
340453,0,1289,0,40,2,9,2,1,66,47,8
378106,0,1289,0,40,3,1,2,1,16,54,8
333956,0,1289,0,40,2,10,2,1,74,28,8
368456,0,1289,0,40,2,3,2,1,22,51,8
340323,0,1289,0,40,2,5,2,1,66,63,8
350021,0,1289,0,40,2,6,2,1,39,37,8
364722,0,1289,0,40,3,2,2,1,35,39,8
340792,0,1289,0,40,2,9,2,1,51,70,8
374919,0,1289,0,40,2,2,2,1,16,37,8
342762,0,1289,0,40,2,8,2,1,51,31,8
367803,0,1289,0,40,3,3,2,1,23,30,8
357117,1,1289,1257,40,3,7,2,1,33,85,8
372767,0,1289,0,40,2,2,2,1,25,85,8
352430,0,1289,0,40,3,8,2,1,40,63,8
348320,0,1289,0,40,3,6,2,1,51,26,8
359311,0,1289,0,40,3,4,2,1,38,51,8
373198,0,1289,0,40,2,2,2,1,19,30,8
380398,0,1289,0,40,3,1,2,1,12,12,8
328181,0,1289,0,40,2,6,2,1,35,56,8
357781,0,1289,0,40,2,4,2,1,36,32,8
376679,0,1289,0,40,3,2,2,1,13,46,8
363974,0,1289,0,40,2,4,2,1,32,57,8
372709,0,1289,0,40,3,3,2,1,18,17,8
360607,0,1289,0,40,3,6,2,1,24,32,8
362674,0,1289,0,40,3,5,2,1,30,46,8
360093,0,1289,0,40,2,7,2,1,25,16,8
361318,0,1289,0,40,3,5,2,1,36,40,8
341501,0,1289,0,40,2,10,2,1,54,23,8
381929,0,1289,0,40,2,1,2,1,10,39,8
381985,0,1289,0,40,3,1,2,1,10,41,8
332831,0,1289,0,40,3,10,2,1,70,46,8
348313,0,1289,0,40,3,7,2,1,40,46,8
358600,0,1289,0,40,3,7,2,1,29,33,8
365819,0,1289,0,40,2,4,2,1,29,41,8
366396,0,1289,0,40,2,5,2,1,25,26,8
333725,0,1289,0,40,3,12,2,1,82,31,8
331632,0,1289,0,40,3,14,2,1,70,32,8
327964,0,1289,0,40,3,7,2,1,43,48,8
381359,0,1289,0,40,3,1,2,1,9,21,8
358263,0,1289,0,40,2,2,2,1,39,30,8
281213,0,1289,0,40,3,20,2,1,145,52,8
335085,0,1289,0,40,3,9,2,1,72,28,8
368178,0,1289,0,40,2,3,2,1,24,34,8
377992,0,1289,0,40,3,2,2,1,13,43,8
355366,0,1289,0,40,3,4,2,1,44,22,8
334344,0,1289,0,40,2,10,2,1,73,56,8
295040,0,1289,0,40,3,18,2,1,114,31,8
382632,0,1289,0,40,2,1,2,1,8,56,8
382719,0,1289,0,40,3,1,2,1,8,91,8
382943,0,1289,0,40,3,1,2,1,8,17,8
325069,0,1289,0,40,3,6,2,1,74,39,8
375381,0,1289,0,40,3,1,2,1,21,30,8
374917,0,1289,0,40,3,2,2,1,19,75,8
327153,0,1289,0,40,2,14,2,1,62,46,8
330793,0,1289,0,40,3,12,2,1,88,58,8
323224,1,1289,1230,40,3,8,2,1,59,43,8
365289,0,1289,0,40,2,4,2,1,31,46,8
381108,0,1289,0,40,3,1,2,1,12,28,8
352563,0,1289,0,40,3,5,2,1,44,62,8
363230,0,1289,0,40,3,5,2,1,25,32,8
380793,0,1289,0,40,3,1,2,1,11,82,8
381073,0,1289,0,40,2,1,2,1,11,23,8
370531,0,1289,0,40,3,3,2,1,19,30,8
365579,0,1289,0,40,3,3,2,1,28,22,8
373114,0,1289,0,40,3,2,2,1,18,16,8
317957,0,1289,0,40,2,10,2,1,77,66,8
380549,0,1289,0,40,2,0,2,1,7,60,8
380773,0,1289,0,40,2,0,2,1,7,17,8
381099,0,1289,0,40,2,0,2,1,7,30,8
381163,0,1289,0,40,2,0,2,1,7,83,8
381227,0,1289,0,40,2,0,2,1,7,58,8
381483,0,1289,0,40,2,0,2,1,7,44,8
381516,0,1289,0,40,3,0,2,1,7,14,8
381740,0,1289,0,40,3,0,2,1,7,35,8
381856,0,1289,0,40,2,0,2,1,7,23,8
381952,0,1289,0,40,3,0,2,1,7,36,8
382016,0,1289,0,40,3,0,2,1,7,28,8
382142,0,1289,0,40,3,0,2,1,7,78,8
382182,0,1289,0,40,2,0,2,1,7,92,8
382214,0,1289,0,40,2,0,2,1,7,33,8
382246,0,1289,0,40,3,0,2,1,7,51,8
382294,0,1289,0,40,2,0,2,1,7,31,8
382342,0,1289,0,40,3,0,2,1,7,19,8
382374,0,1289,0,40,2,0,2,1,7,33,8
382406,0,1289,0,40,3,0,2,1,7,28,8
382422,0,1289,0,40,3,0,2,1,7,35,8
382486,0,1289,0,40,3,0,2,1,7,48,8
382502,0,1289,0,40,3,0,2,1,7,8,8
382534,0,1289,0,40,3,0,2,1,7,48,8
382566,0,1289,0,40,3,0,2,1,7,42,8
382630,0,1289,0,40,2,0,2,1,7,49,8
382662,0,1289,0,40,3,0,2,1,7,37,8
382692,0,1289,0,40,2,0,2,1,7,32,8
382740,0,1289,0,40,3,0,2,1,7,42,8
382764,0,1289,0,40,3,0,2,1,7,35,8
382772,0,1289,0,40,3,0,2,1,7,51,8
382796,0,1289,0,40,3,0,2,1,7,43,8
382820,0,1289,0,40,2,0,2,1,7,54,8
382844,0,1289,0,40,2,0,2,1,7,22,8
382852,0,1289,0,40,3,0,2,1,7,29,8
382908,0,1289,0,40,3,0,2,1,7,53,8
382948,0,1289,0,40,2,0,2,1,7,35,8
383036,0,1289,0,40,2,0,2,1,7,18,8
383052,0,1289,0,40,3,0,2,1,7,72,8
383076,0,1289,0,40,3,0,2,1,7,100,8
383084,0,1289,0,40,3,0,2,1,7,28,8
383092,0,1289,0,40,2,0,2,1,7,63,8
383116,0,1289,0,40,2,0,2,1,7,35,8
383132,0,1289,0,40,2,0,2,1,7,68,8
383164,0,1289,0,40,3,0,2,1,7,35,8
383204,0,1289,0,40,2,0,2,1,7,96,8
383220,0,1289,0,40,3,0,2,1,7,45,8
383259,0,1289,0,40,3,0,2,1,7,5,8
383267,0,1289,0,40,3,0,2,1,7,33,8
383271,0,1289,0,40,2,0,2,1,7,66,8
383275,0,1289,0,40,3,0,2,1,7,42,8
383287,0,1289,0,40,3,0,2,1,7,142,8
383299,0,1289,0,40,2,0,2,1,7,61,8
383303,0,1289,0,40,2,0,2,1,7,47,8
383307,0,1289,0,40,2,0,2,1,7,65,8
383311,0,1289,0,40,2,0,2,1,7,54,8
383315,0,1289,0,40,2,0,2,1,7,60,8
383323,0,1289,0,40,3,0,2,1,7,69,8
383331,0,1289,0,40,2,0,2,1,7,21,8
383359,0,1289,0,40,3,0,2,1,7,7,8
383367,0,1289,0,40,3,0,2,1,7,38,8
383371,0,1289,0,40,2,0,2,1,7,22,8
383383,0,1289,0,40,2,0,2,1,7,55,8
383387,0,1289,0,40,3,0,2,1,7,20,8
383391,0,1289,0,40,3,0,2,1,7,76,8
383395,0,1289,0,40,3,0,2,1,7,21,8
383403,0,1289,0,40,2,0,2,1,7,27,8
383407,0,1289,0,40,2,0,2,1,7,21,8
383411,0,1289,0,40,3,0,2,1,7,36,8
383423,0,1289,0,40,3,0,2,1,7,32,8
383431,0,1289,0,40,3,0,2,1,7,57,8
383439,0,1289,0,40,2,0,2,1,7,33,8
383443,0,1289,0,40,2,0,2,1,7,54,8
383451,0,1289,0,40,3,0,2,1,7,57,8
383463,0,1289,0,40,3,0,2,1,7,41,8
383483,0,1289,0,40,2,0,2,1,7,80,8
383487,0,1289,0,40,2,0,2,1,7,11,8
383499,0,1289,0,40,3,0,2,1,7,18,8
383503,0,1289,0,40,3,0,2,1,7,82,8
383519,0,1289,0,40,3,0,2,1,7,68,8
383523,0,1289,0,40,3,0,2,1,7,42,8
383527,0,1289,0,40,2,0,2,1,7,54,8
383531,0,1289,0,40,3,0,2,1,7,28,8
383535,0,1289,0,40,3,0,2,1,7,37,8
383559,0,1289,0,40,3,0,2,1,7,53,8
383575,0,1289,0,40,3,0,2,1,7,55,8
383579,0,1289,0,40,3,0,2,1,7,15,8
383595,0,1289,0,40,3,0,2,1,7,64,8
383603,0,1289,0,40,2,0,2,1,7,64,8
383611,0,1289,0,40,2,0,2,1,7,54,8
383619,0,1289,0,40,3,0,2,1,7,53,8
383627,0,1289,0,40,2,0,2,1,7,24,8
383635,0,1289,0,40,3,0,2,1,7,41,8
383643,0,1289,0,40,3,0,2,1,7,43,8
383655,0,1289,0,40,2,0,2,1,7,58,8
383667,0,1289,0,40,2,0,2,1,7,25,8
383683,0,1289,0,40,2,0,2,1,7,34,8
383695,0,1289,0,40,3,0,2,1,7,39,8
383703,0,1289,0,40,3,0,2,1,7,63,8
383711,0,1289,0,40,3,0,2,1,7,16,8
383715,0,1289,0,40,2,0,2,1,7,26,8
383751,0,1289,0,40,3,0,2,1,7,62,8
383755,0,1289,0,40,3,0,2,1,7,33,8
383759,0,1289,0,40,2,0,2,1,7,49,8
383763,0,1289,0,40,3,0,2,1,7,43,8
383775,0,1289,0,40,2,0,2,1,7,46,8
383787,0,1289,0,40,2,0,2,1,7,49,8
383799,0,1289,0,40,3,0,2,1,7,56,8
383819,0,1289,0,40,2,0,2,1,7,70,8
383831,0,1289,0,40,3,0,2,1,7,105,8
383844,0,1289,0,40,3,0,2,1,7,14,8
383850,0,1289,0,40,3,0,2,1,7,23,8
383852,0,1289,0,40,2,0,2,1,7,61,8
383858,0,1289,0,40,3,0,2,1,7,57,8
383868,0,1289,0,40,2,0,2,1,7,20,8
383870,0,1289,0,40,3,0,2,1,7,43,8
383880,0,1289,0,40,3,0,2,1,7,45,8
383886,0,1289,0,40,2,0,2,1,7,27,8
383888,0,1289,0,40,2,0,2,1,7,29,8
383896,0,1289,0,40,2,0,2,1,7,41,8
383900,0,1289,0,40,2,0,2,1,7,21,8
383908,0,1289,0,40,2,0,2,1,7,18,8
383910,0,1289,0,40,2,0,2,1,7,53,8
383914,0,1289,0,40,3,0,2,1,7,33,8
383920,0,1289,0,40,3,0,2,1,7,41,8
383944,0,1289,0,40,3,0,2,1,7,20,8
383946,0,1289,0,40,3,0,2,1,7,31,8
383948,0,1289,0,40,2,0,2,1,7,52,8
383952,0,1289,0,40,2,0,2,1,7,73,8
383964,0,1289,0,40,2,0,2,1,7,20,8
383966,0,1289,0,40,3,0,2,1,7,45,8
383972,0,1289,0,40,3,0,2,1,7,42,8
383986,0,1289,0,40,2,0,2,1,7,25,8
383992,0,1289,0,40,2,0,2,1,7,42,8
383998,0,1289,0,40,3,0,2,1,7,71,8
384010,0,1289,0,40,2,0,2,1,7,54,8
384022,0,1289,0,40,2,0,2,1,7,38,8
384024,0,1289,0,40,2,0,2,1,7,68,8
384036,0,1289,0,40,2,0,2,1,7,87,8
384050,0,1289,0,40,2,0,2,1,7,34,8
384052,0,1289,0,40,2,0,2,1,7,43,8
384060,0,1289,0,40,2,0,2,1,7,27,8
384070,0,1289,0,40,2,0,2,1,7,52,8
384080,0,1289,0,40,3,0,2,1,7,43,8
384084,0,1289,0,40,2,0,2,1,7,18,8
384086,0,1289,0,40,2,0,2,1,7,72,8
384088,0,1289,0,40,3,0,2,1,7,55,8
384094,0,1289,0,40,3,0,2,1,7,63,8
384098,0,1289,0,40,2,0,2,1,7,30,8
384100,0,1289,0,40,3,0,2,1,7,46,8
384102,0,1289,0,40,3,0,2,1,7,29,8
384104,0,1289,0,40,3,0,2,1,7,42,8
384114,0,1289,0,40,2,0,2,1,7,21,8
384120,0,1289,0,40,2,0,2,1,7,46,8
384122,0,1289,0,40,3,0,2,1,7,21,8
384126,0,1289,0,40,3,0,2,1,7,67,8
384130,0,1289,0,40,2,0,2,1,7,13,8
384134,0,1289,0,40,3,0,2,1,7,25,8
384138,0,1289,0,40,3,0,2,1,7,41,8
384142,0,1289,0,40,3,0,2,1,7,43,8
384144,0,1289,0,40,3,0,2,1,7,15,8
384148,0,1289,0,40,2,0,2,1,7,54,8
384160,0,1289,0,40,2,0,2,1,7,38,8
384164,0,1289,0,40,3,0,2,1,7,38,8
384168,0,1289,0,40,3,0,2,1,7,40,8
384170,0,1289,0,40,3,0,2,1,7,25,8
384174,0,1289,0,40,2,0,2,1,7,72,8
384176,0,1289,0,40,3,0,2,1,7,39,8
384180,0,1289,0,40,3,0,2,1,7,55,8
384182,0,1289,0,40,3,0,2,1,7,39,8
384188,0,1289,0,40,3,0,2,1,7,26,8
384198,0,1289,0,40,2,0,2,1,7,11,8
384202,0,1289,0,40,3,0,2,1,7,43,8
384208,0,1289,0,40,3,0,2,1,7,30,8
384210,0,1289,0,40,2,0,2,1,7,46,8
384216,0,1289,0,40,3,0,2,1,7,47,8
384218,0,1289,0,40,2,0,2,1,7,68,8
384224,0,1289,0,40,2,0,2,1,7,64,8
384236,0,1289,0,40,3,0,2,1,7,40,8
384242,0,1289,0,40,3,0,2,1,7,40,8
384248,0,1289,0,40,2,0,2,1,7,43,8
384250,0,1289,0,40,2,0,2,1,7,93,8
384252,0,1289,0,40,2,0,2,1,7,31,8
384258,0,1289,0,40,2,0,2,1,7,25,8
384270,0,1289,0,40,2,0,2,1,7,47,8
384274,0,1289,0,40,2,0,2,1,7,31,8
384282,0,1289,0,40,2,0,2,1,7,46,8
384296,0,1289,0,40,3,0,2,1,7,33,8
384300,0,1289,0,40,2,0,2,1,7,65,8
384310,0,1289,0,40,3,0,2,1,7,64,8
384322,0,1289,0,40,3,0,2,1,7,48,8
384328,0,1289,0,40,2,0,2,1,7,79,8
384330,0,1289,0,40,3,0,2,1,7,32,8
384334,0,1289,0,40,2,0,2,1,7,32,8
384340,0,1289,0,40,3,0,2,1,7,106,8
384344,0,1289,0,40,3,0,2,1,7,40,8
384346,0,1289,0,40,3,0,2,1,7,12,8
384352,0,1289,0,40,2,0,2,1,7,67,8
384364,0,1289,0,40,2,0,2,1,7,29,8
384372,0,1289,0,40,3,0,2,1,7,32,8
384378,0,1289,0,40,3,0,2,1,7,22,8
384384,0,1289,0,40,3,0,2,1,7,64,8
384386,0,1289,0,40,2,0,2,1,7,47,8
384388,0,1289,0,40,2,0,2,1,7,19,8
384392,0,1289,0,40,2,0,2,1,7,57,8
384394,0,1289,0,40,2,0,2,1,7,36,8
384400,0,1289,0,40,2,0,2,1,7,56,8
384402,0,1289,0,40,2,0,2,1,7,49,8
384410,0,1289,0,40,2,0,2,1,7,41,8
384414,0,1289,0,40,2,0,2,1,7,32,8
384418,0,1289,0,40,2,0,2,1,7,15,8
384422,0,1289,0,40,2,0,2,1,7,42,8
384424,0,1289,0,40,3,0,2,1,7,30,8
384430,0,1289,0,40,2,0,2,1,7,55,8
384432,0,1289,0,40,3,0,2,1,7,17,8
384436,0,1289,0,40,2,0,2,1,7,36,8
361438,0,1289,0,40,3,2,2,1,23,33,8
359875,0,1289,0,40,3,2,2,1,30,57,8
368705,0,1289,0,40,3,2,2,1,11,41,8
372732,0,1289,0,40,3,1,2,1,14,41,8
357672,0,1289,0,40,3,2,2,1,29,61,8
366655,0,1289,0,40,3,2,2,1,19,54,8
361833,0,1289,0,40,2,3,2,1,26,57,8
325778,0,1289,0,40,3,4,2,1,54,43,8
347073,0,1289,0,40,2,8,2,1,42,39,8
376290,0,1289,0,40,3,1,2,1,8,55,8
376598,1,1289,1273,40,2,1,2,1,7,31,8
363034,0,1289,0,40,3,2,2,1,29,65,8
359932,0,1289,0,40,3,3,2,1,25,67,8
374045,0,1289,0,40,3,1,2,1,13,59,8
374874,0,1289,0,40,3,1,2,1,12,53,8
372108,0,1289,0,40,3,2,2,1,14,94,8
374696,0,1289,0,40,3,2,2,1,9,65,8
352382,0,1289,0,40,3,7,2,1,40,49,8
377952,0,1289,0,40,3,1,2,1,7,22,8
344813,0,1289,0,40,2,5,2,1,59,73,8
341141,0,1289,0,40,2,7,2,1,53,17,8
349221,0,1289,0,40,2,5,2,1,40,63,8
352954,0,1289,0,40,3,4,2,1,34,62,8
339182,0,1289,0,40,2,7,2,1,49,53,8
347681,0,1289,0,40,2,5,2,1,40,40,8
345834,0,1289,0,40,3,8,2,1,37,73,8
357532,0,1289,0,40,3,6,2,1,33,47,8
371420,0,1289,0,40,2,2,2,1,16,42,8
361512,0,1289,0,40,3,3,2,1,22,55,8
370412,0,1289,0,40,3,3,2,1,14,67,8
376114,0,1289,0,40,3,1,2,1,10,82,8
355141,0,1289,0,40,2,4,2,1,33,37,8
344383,0,1289,0,40,3,8,2,1,36,47,8
376156,0,1289,0,40,2,1,2,1,9,39,8
324914,0,1289,0,40,3,7,2,1,32,33,8
315190,0,1289,0,40,3,11,2,1,72,55,8
359696,0,1289,0,40,3,5,2,1,18,44,8
374110,0,1289,0,40,3,2,2,1,10,29,8
352326,0,1289,0,40,3,4,2,1,38,23,8
351235,0,1289,0,40,3,8,2,1,28,73,8
362953,1,1289,1276,28.4604,3,2,2,1,32,47,8
363852,0,1289,0,40,3,3,2,1,29,40,8
370140,0,1289,0,40,2,1,2,1,19,103,8
348050,0,1289,0,40,2,6,2,1,49,57,8
338041,0,1289,0,40,2,7,2,1,65,18,8
373981,0,1289,0,40,3,1,2,1,16,57,8
366236,0,1289,0,40,3,2,2,1,20,48,8
331596,0,1289,0,40,3,10,2,1,87,37,8
365806,0,1289,0,40,3,2,2,1,22,57,8
352458,0,1289,0,40,3,4,2,1,43,43,8
332055,0,1289,0,40,3,10,2,1,82,24,8
373640,0,1289,0,40,2,1,2,1,13,16,8
362490,0,1289,0,40,2,4,2,1,18,33,8
359672,0,1289,0,40,2,5,2,1,26,54,8
368978,0,1289,0,40,3,3,2,1,13,61,8
342007,0,1289,0,40,2,8,2,1,55,25,8
344103,0,1289,0,40,2,8,2,1,37,13,8
376435,0,1289,0,40,2,1,2,1,11,102,8
363598,0,1289,0,40,3,2,2,1,23,22,8
361446,0,1289,0,40,3,5,2,1,21,39,8
369928,0,1289,0,40,2,3,2,1,17,5,8
377068,0,1289,0,40,2,1,2,1,10,49,8
364180,0,1289,0,40,2,3,2,1,18,42,8
362215,0,1289,0,40,3,3,2,1,20,13,8
358161,0,1289,0,40,2,3,2,1,36,76,8
361854,0,1289,0,40,3,5,2,1,23,19,8
377443,0,1289,0,40,2,1,2,1,9,73,8
370774,0,1289,0,40,2,2,2,1,11,66,8
370402,0,1289,0,40,3,2,2,1,17,52,8
377837,0,1289,0,40,3,1,2,1,8,75,8
374642,0,1289,0,40,2,2,2,1,8,59,8
353797,0,1289,0,40,3,7,2,1,25,55,8
337745,0,1289,0,40,2,9,2,1,58,36,8
320605,0,1289,0,40,2,11,2,1,80,36,8
356454,0,1289,0,40,3,4,2,1,35,31,8
349093,0,1289,0,40,2,6,2,1,35,40,8
344271,0,1289,0,40,2,7,2,1,42,39,8
366790,0,1289,0,40,3,2,2,1,28,50,8
340481,0,1289,0,40,2,8,2,1,50,25,8
363922,0,1289,0,40,2,3,2,1,23,54,8
372950,0,1289,0,40,2,1,2,1,16,22,8
364359,0,1289,0,40,2,3,2,1,18,48,8
338670,0,1289,0,40,3,10,2,1,54,45,8
373210,0,1289,0,40,3,1,2,1,15,72,8
370946,0,1289,0,40,3,2,2,1,16,41,8
354628,0,1289,0,40,2,7,2,1,30,50,8
351472,0,1289,0,40,3,6,2,1,38,55,8
361661,0,1289,0,40,2,5,2,1,21,39,8
372378,0,1289,0,40,2,2,2,1,14,41,8
376227,0,1289,0,40,3,1,2,1,13,63,8
367595,0,1289,0,40,2,2,2,1,24,26,8
339041,0,1289,0,40,3,8,2,1,62,24,8
352262,0,1289,0,40,3,5,2,1,34,45,8
362230,0,1289,0,40,2,3,2,1,24,25,8
347485,0,1289,0,40,2,6,2,1,49,42,8
375788,0,1289,0,40,2,1,2,1,11,44,8
377174,0,1289,0,40,2,1,2,1,11,32,8
377482,0,1289,0,40,2,1,2,1,11,46,8
356700,1,1289,1268,33.7916,3,4,2,1,34,57,8
228681,0,1289,0,40,3,28,2,1,201,6,8
376660,0,1289,0,40,3,1,2,1,10,20,8
377335,0,1289,0,40,3,1,2,1,10,49,8
377734,0,1289,0,40,2,1,2,1,10,20,8
361010,0,1289,0,40,2,4,2,1,18,24,8
334496,0,1289,0,40,3,8,2,1,72,42,8
340269,0,1289,0,40,2,8,2,1,58,43,8
360122,0,1289,0,40,2,4,2,1,22,42,8
347374,0,1289,0,40,3,7,2,1,48,33,8
377107,0,1289,0,40,2,1,2,1,9,25,8
354618,0,1289,0,40,3,7,2,1,24,51,8
373652,0,1289,0,40,2,2,2,1,10,45,8
364283,0,1289,0,40,2,3,2,1,21,75,8
359336,0,1289,0,40,3,4,2,1,31,22,8
357993,0,1289,0,40,3,7,2,1,24,33,8
361923,0,1289,0,40,2,4,2,1,26,59,8
357697,0,1289,0,40,2,6,2,1,31,74,8
376364,0,1289,0,40,2,1,2,1,8,47,8
379063,0,1289,0,40,3,1,2,1,8,50,8
366511,0,1289,0,40,2,3,2,1,22,68,8
348935,1,1289,1247,40,3,6,2,1,41,38,8
342644,0,1289,0,40,3,9,2,1,48,45,8
366198,0,1289,0,40,2,3,2,1,20,27,8
371123,0,1289,0,40,3,3,2,1,12,37,8
356423,0,1289,0,40,3,6,2,1,20,21,8
377095,0,1289,0,40,3,2,2,1,8,14,8
378225,0,1289,0,40,2,1,2,1,7,43,8
378846,0,1289,0,40,2,1,2,1,7,33,8
362182,0,1289,0,40,3,2,2,1,36,51,8
335873,0,1289,0,40,2,5,2,1,69,38,8
325467,0,1289,0,40,3,6,2,1,51,50,8
369021,0,1289,0,40,3,1,2,1,22,40,8
362308,0,1289,0,40,3,4,2,1,28,61,8
301360,1,1289,977,40,2,14,2,1,96,27,8
351324,0,1289,0,40,3,4,2,1,41,67,8
351379,0,1289,0,40,3,6,2,1,39,53,8
373039,0,1289,0,40,2,1,2,1,19,55,8
348263,0,1289,0,40,3,5,2,1,43,28,8
353657,0,1289,0,40,3,5,2,1,44,31,8
370242,0,1289,0,40,3,2,2,1,19,27,8
372172,0,1289,0,40,3,2,2,1,18,59,8
336897,0,1289,0,40,3,10,2,1,59,79,8
372598,0,1289,0,40,2,2,2,1,18,88,8
328590,0,1289,0,40,2,8,2,1,39,39,8
374454,0,1289,0,40,3,1,2,1,16,46,8
361146,0,1289,0,40,2,5,2,1,28,28,8
351294,0,1289,0,40,3,4,2,1,43,18,8
341266,0,1289,0,40,3,6,2,1,65,58,8
374607,0,1289,0,40,2,1,2,1,15,37,8
357630,0,1289,0,40,3,3,2,1,31,49,8
363103,0,1289,0,40,3,2,2,1,29,34,8
360348,0,1289,0,40,3,3,2,1,33,45,8
376247,0,1289,0,40,3,1,2,1,14,50,8
348299,0,1289,0,40,2,5,2,1,45,60,8
354925,0,1289,0,40,3,4,2,1,34,82,8
343593,0,1289,0,40,2,6,2,1,54,26,8
326789,0,1289,0,40,2,13,2,1,69,66,8
374761,0,1289,0,40,3,1,2,1,13,51,8
320546,0,1289,0,40,2,7,2,1,68,25,8
354209,0,1289,0,40,3,6,2,1,34,48,8
336191,0,1289,0,40,3,8,2,1,65,8,8
350373,0,1289,0,40,2,6,2,1,32,9,8
375545,0,1289,0,40,3,1,2,1,12,53,8
369929,0,1289,0,40,3,2,2,1,18,68,8
328943,0,1289,0,40,3,17,2,1,80,34,8
338378,0,1289,0,40,2,6,2,1,72,67,8
330568,0,1289,0,40,2,15,2,1,71,43,8
375463,0,1289,0,40,3,1,2,1,11,73,8
376408,0,1289,0,40,3,1,2,1,11,24,8
377560,0,1289,0,40,3,1,2,1,11,21,8
363527,0,1289,0,40,3,4,2,1,19,28,8
351086,0,1289,0,40,2,7,2,1,33,21,8
357830,0,1289,0,40,3,6,2,1,22,24,8
336940,0,1289,0,40,2,9,2,1,60,40,8
364593,0,1289,0,40,3,2,2,1,28,32,8
361684,0,1289,0,40,2,3,2,1,34,22,8
348755,0,1289,0,40,2,8,2,1,28,55,8
374257,0,1289,0,40,3,2,2,1,14,44,8
376537,0,1289,0,40,2,2,2,1,11,16,8
377665,0,1289,0,40,2,1,2,1,10,82,8
377889,0,1289,0,40,2,1,2,1,10,37,8
378009,0,1289,0,40,3,1,2,1,10,47,8
336512,0,1289,0,40,3,9,2,1,46,20,8
349142,0,1289,0,40,3,5,2,1,44,17,8
325846,0,1289,0,40,3,11,2,1,70,24,8
362574,1,1289,1270,40,2,6,2,1,18,49,8
336769,0,1289,0,40,2,9,2,1,48,49,8
373023,0,1289,0,40,3,2,2,1,16,59,8
376118,0,1289,0,40,2,2,2,1,10,57,8
333571,0,1289,0,40,3,11,2,1,77,34,8
346771,0,1289,0,40,3,7,2,1,43,42,8
376415,1,1289,1274,33.8272,3,2,2,1,12,44,8
378515,0,1289,0,40,2,1,2,1,9,32,8
379011,0,1289,0,40,2,1,2,1,9,45,8
379127,0,1289,0,40,2,1,2,1,9,37,8
367237,1,1289,1268,36.163,3,2,2,1,19,52,8
361338,0,1289,0,40,3,3,2,1,30,23,8
347691,1,1289,1265,40,2,6,2,1,51,20,8
348966,0,1289,0,40,3,8,2,1,37,33,8
359816,0,1289,0,40,3,5,2,1,22,49,8
343338,0,1289,0,40,2,7,2,1,46,43,8
365185,0,1289,0,40,2,4,2,1,19,47,8
375425,0,1289,0,40,2,2,2,1,11,59,8
336782,0,1289,0,40,2,10,2,1,55,63,8
364089,0,1289,0,40,2,4,2,1,21,34,8
379018,0,1289,0,40,2,1,2,1,8,46,8
379506,0,1289,0,40,2,1,2,1,8,55,8
362699,0,1289,0,40,3,4,2,1,16,34,8
374103,0,1289,0,40,3,2,2,1,8,41,8
374281,0,1289,0,40,2,2,2,1,10,44,8
375067,0,1289,0,40,2,2,2,1,8,26,8
358089,0,1289,0,40,2,3,2,1,39,93,8
374888,0,1289,0,40,3,2,2,1,11,54,8
361074,0,1289,0,40,3,4,2,1,29,55,8
354420,0,1289,0,40,2,6,2,1,39,33,8
362729,0,1289,0,40,3,4,2,1,25,60,8
373716,0,1289,0,40,3,3,2,1,11,111,8
378333,0,1289,0,40,2,1,2,1,7,34,8
379216,0,1289,0,40,2,1,2,1,7,14,8
380134,0,1289,0,40,2,1,2,1,7,59,8
353180,0,1289,0,40,2,4,2,1,43,84,8
356617,0,1289,0,40,2,4,2,1,34,26,8
344267,0,1289,0,40,2,5,2,1,57,48,8
345084,0,1289,0,40,3,6,2,1,50,54,8
362027,0,1289,0,40,2,3,2,1,33,73,8
370540,0,1289,0,40,2,1,2,1,23,34,8
366870,0,1289,0,40,2,2,2,1,28,25,8
358424,0,1289,0,40,3,4,2,1,38,39,8
348309,0,1289,0,40,2,6,2,1,43,148,8
369943,0,1289,0,40,2,2,2,1,21,35,8
361793,0,1289,0,40,2,3,2,1,30,48,8
358022,0,1289,0,40,3,6,2,1,32,52,8
372876,0,1289,0,40,3,1,2,1,19,34,8
373907,0,1289,0,40,2,1,2,1,19,41,8
367273,0,1289,0,40,2,2,2,1,20,25,8
372822,0,1289,0,40,2,1,2,1,18,12,8
359441,0,1289,0,40,3,3,2,1,33,61,8
365943,0,1289,0,40,2,3,2,1,25,41,8
356387,0,1289,0,40,2,4,2,1,41,71,8
363681,0,1289,0,40,3,3,2,1,28,39,8
370046,0,1289,0,40,2,2,2,1,24,24,8
366296,0,1289,0,40,3,2,2,1,21,36,8
361691,0,1289,0,40,2,4,2,1,24,69,8
368692,0,1289,0,40,3,3,2,1,21,49,8
374741,0,1289,0,40,3,1,2,1,15,26,8
370887,1,1289,1279,17.1563,3,2,2,1,15,60,8
360315,0,1289,0,40,3,5,2,1,22,42,8
370025,0,1289,0,40,2,3,2,1,17,28,8
373199,0,1289,0,40,2,2,2,1,16,30,8
338473,0,1289,0,40,2,8,2,1,61,28,8
376182,0,1289,0,40,2,1,2,1,14,54,8
376653,0,1289,0,40,3,1,2,1,14,13,8
360157,0,1289,0,40,2,3,2,1,34,23,8
343164,0,1289,0,40,3,5,2,1,60,79,8
369353,0,1289,0,40,2,3,2,1,21,45,8
373812,0,1289,0,40,3,2,2,1,15,38,8
376076,0,1289,0,40,3,1,2,1,13,74,8
364627,0,1289,0,40,2,2,2,1,27,63,8
373169,0,1289,0,40,2,2,2,1,15,35,8
332098,0,1289,0,40,3,11,2,1,53,59,8
371429,0,1289,0,40,3,3,2,1,16,36,8
326845,0,1289,0,40,3,7,2,1,53,23,8
369196,0,1289,0,40,3,3,2,1,22,10,8
374913,0,1289,0,40,3,1,2,1,12,29,8
377173,0,1289,0,40,2,1,2,1,12,59,8
377564,0,1289,0,40,3,1,2,1,12,23,8
352609,0,1289,0,40,2,5,2,1,35,13,8
357566,0,1289,0,40,3,4,2,1,33,22,8
344960,0,1289,0,40,2,7,2,1,46,22,8
343262,0,1289,0,40,2,8,2,1,53,20,8
341465,0,1289,0,40,2,9,2,1,53,27,8
335061,0,1289,0,40,3,10,2,1,65,27,8
303029,0,1289,0,40,2,21,2,1,100,37,8
358398,0,1289,0,40,3,6,2,1,28,30,8
366520,0,1289,0,40,2,5,2,1,23,75,8
377713,0,1289,0,40,3,1,2,1,11,52,8
378316,0,1289,0,40,3,1,2,1,11,43,8
378522,0,1289,0,40,3,1,2,1,11,35,8
343798,0,1289,0,40,2,6,2,1,46,17,8
343445,0,1289,0,40,2,7,2,1,52,40,8
357214,0,1289,0,40,3,4,2,1,38,30,8
364413,0,1289,0,40,3,2,2,1,30,43,8
369429,0,1289,0,40,2,3,2,1,15,76,8
373611,0,1289,0,40,2,3,2,1,12,26,8
351411,0,1289,0,40,2,6,2,1,38,60,8
362991,0,1289,0,40,2,2,2,1,32,63,8
353071,0,1289,0,40,2,8,2,1,36,67,8
368086,0,1289,0,40,2,3,2,1,19,38,8
328579,0,1289,0,40,2,4,2,1,26,43,8
375005,0,1289,0,40,2,2,2,1,13,34,8
377031,0,1289,0,40,2,1,2,1,10,41,8
378039,0,1289,0,40,3,1,2,1,10,85,8
378603,0,1289,0,40,2,1,2,1,10,53,8
379039,0,1289,0,40,3,1,2,1,10,86,8
329049,0,1289,0,40,2,9,2,1,100,28,8
371724,0,1289,0,40,2,2,2,1,14,28,8
356884,0,1289,0,40,2,6,2,1,28,33,8
355173,0,1289,0,40,2,6,2,1,24,23,8
374647,0,1289,0,40,3,2,2,1,11,23,8
362541,0,1289,0,40,2,3,2,1,29,32,8
349400,0,1289,0,40,3,7,2,1,31,37,8
329776,0,1289,0,40,3,11,2,1,89,23,8
347241,0,1289,0,40,3,8,2,1,48,24,8
360601,0,1289,0,40,3,3,2,1,34,30,8
375864,1,1289,1279,28.5946,3,2,2,1,10,22,8
379038,0,1289,0,40,3,1,2,1,9,17,8
379302,0,1289,0,40,2,1,2,1,9,88,8
379604,0,1289,0,40,2,1,2,1,9,29,8
379800,0,1289,0,40,3,1,2,1,9,18,8
326317,0,1289,0,40,2,7,2,1,44,59,8
367858,0,1289,0,40,2,3,2,1,14,25,8
365338,0,1289,0,40,2,3,2,1,21,39,8
357301,0,1289,0,40,2,5,2,1,18,28,8
359796,0,1289,0,40,2,4,2,1,28,20,8
351308,0,1289,0,40,2,7,2,1,28,70,8
368540,0,1289,0,40,3,3,2,1,21,40,8
355255,0,1289,0,40,3,8,2,1,27,37,8
376922,0,1289,0,40,3,2,2,1,9,42,8
334583,0,1289,0,40,2,13,2,1,62,75,8
333202,0,1289,0,40,2,12,2,1,75,75,8
339677,0,1289,0,40,2,10,2,1,55,28,8
338970,0,1289,0,40,2,9,2,1,55,23,8
379333,0,1289,0,40,2,1,2,1,8,79,8
379934,0,1289,0,40,2,1,2,1,8,89,8
380172,0,1289,0,40,3,1,2,1,8,32,8
380228,0,1289,0,40,3,1,2,1,8,42,8
357370,0,1289,0,40,2,5,2,1,23,52,8
369995,0,1289,0,40,3,2,2,1,17,50,8
327223,0,1289,0,40,2,7,2,1,40,23,8
353996,0,1289,0,40,2,6,2,1,24,36,8
335209,0,1289,0,40,3,7,2,1,70,31,8
375646,0,1289,0,40,2,2,2,1,9,35,8
365908,0,1289,0,40,2,3,2,1,23,65,8
328245,0,1289,0,40,2,5,2,1,48,53,8
358274,0,1289,0,40,2,6,2,1,20,54,8
349658,0,1289,0,40,2,7,2,1,42,47,8
331518,0,1289,0,40,2,12,2,1,79,28,8
368469,0,1289,0,40,2,3,2,1,12,52,8
368735,0,1289,0,40,2,4,2,1,18,66,8
356399,0,1289,0,40,2,3,2,1,42,60,8
347153,0,1289,0,40,3,6,2,1,43,43,8
332051,0,1289,0,40,3,15,2,1,62,15,8
374312,0,1289,0,40,3,2,2,1,13,28,8
368938,0,1289,0,40,2,4,2,1,13,21,8
371779,0,1289,0,40,3,2,2,1,19,56,8
375445,0,1289,0,40,3,3,2,1,12,56,8
367766,0,1289,0,40,3,4,2,1,19,61,8
379739,0,1289,0,40,3,1,2,1,7,19,8
379965,0,1289,0,40,3,1,2,1,7,49,8
380502,0,1289,0,40,2,1,2,1,7,51,8
342101,0,1289,0,40,3,5,2,1,68,43,8
368194,0,1289,0,40,2,1,2,1,30,17,8
368141,0,1289,0,40,2,1,2,1,26,36,8
339017,0,1289,0,40,3,8,2,1,67,29,8
362831,0,1289,0,40,2,3,2,1,29,29,8
327078,0,1289,0,40,2,3,2,1,50,61,8
330919,0,1289,0,40,2,7,2,1,101,18,8
335076,0,1289,0,40,2,8,2,1,76,98,8
350884,0,1289,0,40,3,5,2,1,43,14,8
354643,0,1289,0,40,3,4,2,1,36,31,8
337330,0,1289,0,40,3,10,2,1,61,36,8
338954,0,1289,0,40,2,7,2,1,65,14,8
352320,0,1289,0,40,3,7,2,1,37,39,8
360624,0,1289,0,40,2,3,2,1,30,38,8
373618,0,1289,0,40,3,1,2,1,19,47,8
374173,0,1289,0,40,2,1,2,1,19,50,8
349897,0,1289,0,40,2,4,2,1,43,18,8
363402,0,1289,0,40,3,3,2,1,27,62,8
329787,0,1289,0,40,2,5,2,1,33,25,8
353632,0,1289,0,40,2,6,2,1,34,39,8
280322,0,1289,0,40,3,18,2,1,119,23,8
369938,0,1289,0,40,3,2,2,1,23,52,8
373764,0,1289,0,40,3,1,2,1,18,49,8
374724,0,1289,0,40,3,1,2,1,18,26,8
361046,0,1289,0,40,3,4,2,1,24,65,8
370625,0,1289,0,40,3,2,2,1,19,66,8
339081,0,1289,0,40,2,5,2,1,66,77,8
361665,1,1289,1268,40,2,3,2,1,36,48,8
356609,0,1289,0,40,2,6,2,1,36,40,8
358580,0,1289,0,40,2,3,2,1,36,48,8
372100,0,1289,0,40,3,2,2,1,20,51,8
375761,0,1289,0,40,2,1,2,1,16,42,8
370080,0,1289,0,40,2,2,2,1,17,77,8
331493,0,1289,0,40,2,11,2,1,72,51,8
369439,0,1289,0,40,3,3,2,1,22,33,8
339166,0,1289,0,40,3,9,2,1,53,67,8
337045,0,1289,0,40,3,8,2,1,73,27,8
347101,0,1289,0,40,2,5,2,1,50,30,8
370496,0,1289,0,40,2,2,2,1,17,20,8
364690,0,1289,0,40,3,4,2,1,25,72,8
366614,0,1289,0,40,2,3,2,1,20,35,8
372685,0,1289,0,40,2,2,2,1,16,42,8
338598,0,1289,0,40,3,8,2,1,75,71,8
347605,0,1289,0,40,2,6,2,1,46,28,8
376822,0,1289,0,40,3,1,2,1,14,52,8
377012,0,1289,0,40,2,1,2,1,14,29,8
377356,0,1289,0,40,3,1,2,1,14,41,8
362360,0,1289,0,40,2,3,2,1,24,31,8
342879,0,1289,0,40,2,10,2,1,39,67,8
353297,0,1289,0,40,3,6,2,1,39,67,8
326116,0,1289,0,40,3,8,2,1,44,89,8
348228,0,1289,0,40,2,10,2,1,40,33,8
348157,0,1289,0,40,2,6,2,1,42,73,8
365018,0,1289,0,40,3,3,2,1,29,28,8
345902,0,1289,0,40,2,6,2,1,52,12,8
370303,0,1289,0,40,3,3,2,1,21,52,8
340179,0,1289,0,40,2,9,2,1,43,40,8
368785,1,1289,1270,29.3415,3,3,2,1,18,42,8
369565,0,1289,0,40,3,3,2,1,16,32,8
360683,0,1289,0,40,3,5,2,1,28,48,8
377475,0,1289,0,40,3,1,2,1,13,47,8
377576,0,1289,0,40,2,1,2,1,13,23,8
377774,0,1289,0,40,2,1,2,1,13,29,8
346227,0,1289,0,40,2,6,2,1,39,53,8
353205,0,1289,0,40,2,7,2,1,31,77,8
373722,0,1289,0,40,3,2,2,1,13,60,8
345040,0,1289,0,40,3,5,2,1,50,55,8
354585,0,1289,0,40,3,4,2,1,40,36,8
374239,0,1289,0,40,2,2,2,1,15,31,8
364575,0,1289,0,40,3,3,2,1,28,37,8
354998,0,1289,0,40,2,5,2,1,38,88,8
365310,0,1289,0,40,2,4,2,1,17,43,8
339755,0,1289,0,40,3,7,2,1,61,35,8
339162,0,1289,0,40,2,8,2,1,54,41,8
336269,0,1289,0,40,3,9,2,1,68,71,8
354715,0,1289,0,40,2,4,2,1,40,82,8
341271,0,1289,0,40,3,8,2,1,54,39,8
337031,0,1289,0,40,3,7,2,1,62,24,8
367067,0,1289,0,40,3,3,2,1,21,23,8
346069,0,1289,0,40,3,7,2,1,49,58,8
375293,0,1289,0,40,2,2,2,1,12,40,8
374756,0,1289,0,40,2,2,2,1,15,52,8
354949,0,1289,0,40,3,5,2,1,34,47,8
376230,0,1289,0,40,3,2,2,1,13,46,8
377567,0,1289,0,40,2,1,2,1,11,41,8
378579,0,1289,0,40,2,1,2,1,11,63,8
378959,0,1289,0,40,2,1,2,1,11,43,8
370077,0,1289,0,40,3,2,2,1,12,50,8
327467,0,1289,0,40,2,7,2,1,35,54,8
363221,1,1289,1249,40,3,4,2,1,21,45,8
328417,0,1289,0,40,3,11,2,1,79,61,8
375035,0,1289,0,40,3,2,2,1,11,53,8
368972,0,1289,0,40,2,2,2,1,24,29,8
369973,0,1289,0,40,3,3,2,1,20,48,8
366357,0,1289,0,40,2,4,2,1,23,33,8
333625,0,1289,0,40,2,14,2,1,73,90,8
373874,0,1289,0,40,3,2,2,1,15,43,8
329176,0,1289,0,40,3,8,2,1,56,54,8
341991,0,1289,0,40,2,6,2,1,57,39,8
356748,0,1289,0,40,3,7,2,1,26,68,8
376460,0,1289,0,40,2,1,2,1,10,28,8
378297,0,1289,0,40,3,1,2,1,10,96,8
378369,0,1289,0,40,2,1,2,1,10,40,8
378850,0,1289,0,40,2,1,2,1,10,35,8
348563,0,1289,0,40,2,5,2,1,39,41,8
324258,0,1289,0,40,2,7,2,1,45,79,8
339691,0,1289,0,40,3,7,2,1,60,83,8
373846,0,1289,0,40,2,2,2,1,11,40,8
373602,0,1289,0,40,2,2,2,1,14,41,8
336000,0,1289,0,40,2,9,2,1,55,53,8
355992,0,1289,0,40,3,6,2,1,23,32,8
365541,0,1289,0,40,3,4,2,1,21,50,8
340171,0,1289,0,40,3,10,2,1,63,38,8
343833,0,1289,0,40,2,9,2,1,51,57,8
351183,0,1289,0,40,3,5,2,1,42,30,8
363282,0,1289,0,40,2,4,2,1,23,14,8
367489,0,1289,0,40,2,3,2,1,21,75,8
377939,0,1289,0,40,3,1,2,1,9,73,8
379249,0,1289,0,40,2,1,2,1,9,29,8
379473,0,1289,0,40,2,1,2,1,9,73,8
379926,0,1289,0,40,3,1,2,1,9,39,8
379988,0,1289,0,40,3,1,2,1,9,41,8
375136,0,1289,0,40,2,2,2,1,9,61,8
326430,0,1289,0,40,2,8,2,1,44,70,8
343318,0,1289,0,40,2,8,2,1,58,61,8
375430,0,1289,0,40,3,2,2,1,10,62,8
344007,0,1289,0,40,3,6,2,1,49,24,8
333118,0,1289,0,40,3,11,2,1,77,67,8
368578,0,1289,0,40,2,3,2,1,19,16,8
376051,0,1289,0,40,3,2,2,1,12,58,8
376643,0,1289,0,40,2,2,2,1,11,18,8
364399,0,1289,0,40,3,4,2,1,25,39,8
346186,0,1289,0,40,2,10,2,1,43,34,8
373822,0,1289,0,40,3,3,2,1,13,59,8
344817,0,1289,0,40,2,7,2,1,51,31,8
346296,1,1289,1256,40,3,9,2,1,40,38,8
270453,0,1289,0,40,3,16,2,1,143,36,8
369978,0,1289,0,40,3,3,2,1,22,36,8
357755,0,1289,0,40,3,6,2,1,26,84,8
366342,0,1289,0,40,3,5,2,1,23,59,8
377293,0,1289,0,40,3,1,2,1,8,22,8
379219,0,1289,0,40,3,1,2,1,8,73,8
379355,0,1289,0,40,2,1,2,1,8,46,8
379845,0,1289,0,40,3,1,2,1,8,31,8
380444,0,1289,0,40,3,1,2,1,8,43,8
380486,0,1289,0,40,2,1,2,1,8,49,8
380802,0,1289,0,40,2,1,2,1,8,29,8
363745,0,1289,0,40,2,4,2,1,18,15,8
333496,0,1289,0,40,2,10,2,1,66,27,8
340369,0,1289,0,40,3,10,2,1,52,62,8
351512,0,1289,0,40,3,7,2,1,34,31,8
350264,0,1289,0,40,3,6,2,1,40,24,8
372324,0,1289,0,40,3,2,2,1,16,21,8
369375,1,1289,1273,40,2,3,2,1,18,45,8
351819,0,1289,0,40,3,6,2,1,39,22,8
375791,0,1289,0,40,3,2,2,1,11,40,8
373296,0,1289,0,40,2,3,2,1,11,19,8
343895,0,1289,0,40,2,9,2,1,43,35,8
377588,0,1289,0,40,2,2,2,1,8,68,8
349459,0,1289,0,40,2,5,2,1,48,73,8
334400,0,1289,0,40,2,11,2,1,64,30,8
319283,1,1289,1276,40,2,10,2,1,88,22,8
335756,0,1289,0,40,2,11,2,1,68,36,8
362566,0,1289,0,40,2,6,2,1,16,49,8
349407,0,1289,0,40,3,6,2,1,48,39,8
375049,0,1289,0,40,3,2,2,1,14,43,8
378574,0,1289,0,40,2,2,2,1,10,56,8
356555,0,1289,0,40,3,5,2,1,33,75,8
378787,0,1289,0,40,3,2,2,1,10,24,8
345706,0,1289,0,40,2,7,2,1,55,40,8
381094,0,1289,0,40,3,1,2,1,7,61,8
381364,0,1289,0,40,3,1,2,1,7,61,8
381404,0,1289,0,40,2,1,2,1,7,31,8
352287,0,1289,0,40,3,3,2,1,51,39,8
340935,0,1289,0,40,3,6,2,1,68,80,8
340950,0,1289,0,40,3,8,2,1,56,91,8
364077,0,1289,0,40,3,2,2,1,37,53,8
329491,0,1289,0,40,3,8,2,1,79,28,8
334889,0,1289,0,40,2,9,2,1,76,9,8
341517,0,1289,0,40,2,6,2,1,54,48,8
371101,0,1289,0,40,2,1,2,1,25,42,8
329187,0,1289,0,40,3,3,2,1,39,34,8
346477,0,1289,0,40,2,7,2,1,39,81,8
347698,0,1289,0,40,3,5,2,1,47,85,8
349399,0,1289,0,40,3,3,2,1,57,36,8
360128,0,1289,0,40,3,3,2,1,33,43,8
355513,0,1289,0,40,2,3,2,1,45,37,8
363960,0,1289,0,40,3,3,2,1,26,37,8
333228,0,1289,0,40,2,12,2,1,71,43,8
373096,0,1289,0,40,2,1,2,1,21,8,8
373791,0,1289,0,40,2,1,2,1,21,31,8
325768,0,1289,0,40,2,6,2,1,58,18,8
348705,0,1289,0,40,2,5,2,1,51,63,8
371681,0,1289,0,40,2,2,2,1,22,92,8
370415,0,1289,0,40,3,2,2,1,25,106,8
373770,0,1289,0,40,3,1,2,1,20,25,8
374193,0,1289,0,40,3,1,2,1,20,44,8
358546,0,1289,0,40,3,3,2,1,33,39,8
374082,0,1289,0,40,2,1,2,1,19,39,8
360888,0,1289,0,40,3,2,2,1,37,34,8
364801,0,1289,0,40,3,4,2,1,28,17,8
328598,0,1289,0,40,3,12,2,1,99,24,8
375392,0,1289,0,40,3,1,2,1,18,19,8
359899,0,1289,0,40,3,4,2,1,29,35,8
323917,0,1289,0,40,3,4,2,1,30,96,8
342531,0,1289,0,40,3,10,2,1,51,42,8
367815,0,1289,0,40,2,3,2,1,23,26,8
351912,0,1289,0,40,3,6,2,1,45,28,8
374616,0,1289,0,40,3,2,2,1,18,38,8
371173,0,1289,0,40,3,2,2,1,17,52,8
367106,0,1289,0,40,3,2,2,1,28,76,8
361585,0,1289,0,40,3,4,2,1,32,57,8
345672,0,1289,0,40,2,8,2,1,47,54,8
356652,0,1289,0,40,3,6,2,1,35,47,8
338972,0,1289,0,40,3,7,2,1,65,41,8
376375,0,1289,0,40,2,1,2,1,16,58,8
376559,0,1289,0,40,2,1,2,1,16,61,8
357575,0,1289,0,40,3,4,2,1,24,46,8
363348,0,1289,0,40,3,3,2,1,28,44,8
348177,1,1289,1257,40,3,10,2,1,48,49,8
328827,0,1289,0,40,3,10,2,1,52,27,8
349479,1,1289,1240,40,2,8,2,1,44,68,8
375748,0,1289,0,40,2,1,2,1,15,38,8
376124,0,1289,0,40,2,1,2,1,15,44,8
377362,0,1289,0,40,2,1,2,1,15,36,8
334037,0,1289,0,40,3,12,2,1,49,28,8
333801,0,1289,0,40,3,11,2,1,76,58,8
366581,0,1289,0,40,3,4,2,1,24,85,8
356764,0,1289,0,40,3,5,2,1,33,21,8
362323,0,1289,0,40,2,4,2,1,28,31,8
374248,0,1289,0,40,3,2,2,1,16,26,8
341255,0,1289,0,40,2,8,2,1,59,42,8
353419,0,1289,0,40,2,7,2,1,36,44,8
359949,0,1289,0,40,3,3,2,1,38,72,8
365496,0,1289,0,40,2,4,2,1,26,60,8
369732,0,1289,0,40,2,4,2,1,20,45,8
346859,0,1289,0,40,2,7,2,1,48,25,8
377677,0,1289,0,40,3,1,2,1,13,57,8
378304,0,1289,0,40,2,1,2,1,13,57,8
329128,0,1289,0,40,3,5,2,1,30,49,8
367992,0,1289,0,40,3,2,2,1,23,38,8
347852,0,1289,0,40,2,5,2,1,52,22,8
356793,0,1289,0,40,3,5,2,1,28,20,8
340617,0,1289,0,40,2,5,2,1,63,52,8
375100,0,1289,0,40,3,2,2,1,13,49,8
345449,0,1289,0,40,2,6,2,1,56,63,8
350092,1,1289,1281,40,2,6,2,1,50,39,8
346677,0,1289,0,40,3,7,2,1,38,40,8
376419,0,1289,0,40,3,2,2,1,13,104,8
352986,0,1289,0,40,3,7,2,1,31,14,8
362455,0,1289,0,40,3,5,2,1,27,27,8
375009,0,1289,0,40,2,1,2,1,12,22,8
377301,0,1289,0,40,2,1,2,1,12,37,8
378095,0,1289,0,40,2,1,2,1,12,15,8
378487,0,1289,0,40,3,1,2,1,12,82,8
378745,0,1289,0,40,3,1,2,1,12,21,8
379003,0,1289,0,40,2,1,2,1,12,66,8
365895,0,1289,0,40,2,3,2,1,20,80,8
362647,0,1289,0,40,3,2,2,1,33,42,8
353214,0,1289,0,40,3,6,2,1,30,41,8
360539,0,1289,0,40,2,4,2,1,24,104,8
349214,0,1289,0,40,2,7,2,1,47,40,8
366318,0,1289,0,40,3,3,2,1,20,46,8
361640,0,1289,0,40,3,4,2,1,24,105,8
343265,0,1289,0,40,2,7,2,1,44,43,8
375515,0,1289,0,40,3,2,2,1,13,76,8
336990,0,1289,0,40,3,11,2,1,59,68,8
370153,0,1289,0,40,3,3,2,1,13,12,8
337905,1,1289,1275,40,2,10,2,1,62,35,8
371377,0,1289,0,40,3,3,2,1,21,7,8
313256,0,1289,0,40,3,13,2,1,89,41,8
378321,1,1289,1281,40,2,1,2,1,11,37,8
379074,0,1289,0,40,2,1,2,1,11,30,8
379252,0,1289,0,40,3,1,2,1,11,61,8
348276,0,1289,0,40,3,8,2,1,32,38,8
341668,1,1289,1219,40,3,9,2,1,44,56,8
368467,0,1289,0,40,2,3,2,1,16,53,8
373468,0,1289,0,40,2,2,2,1,11,9,8
329500,0,1289,0,40,2,6,2,1,42,56,8
362888,0,1289,0,40,3,5,2,1,20,29,8
331214,0,1289,0,40,2,13,2,1,73,26,8
357059,0,1289,0,40,2,5,2,1,35,65,8
352908,0,1289,0,40,3,7,2,1,33,113,8
363963,0,1289,0,40,2,5,2,1,20,48,8
316638,0,1289,0,40,3,12,2,1,81,61,8
355826,0,1289,0,40,2,5,2,1,27,50,8
374841,0,1289,0,40,2,2,2,1,14,25,8
378627,1,1289,1281,18.4371,3,2,2,1,12,22,8
378752,0,1289,0,40,2,1,2,1,10,31,8
378960,0,1289,0,40,3,1,2,1,10,34,8
379088,0,1289,0,40,2,1,2,1,10,70,8
379936,0,1289,0,40,2,1,2,1,10,44,8
380170,0,1289,0,40,2,1,2,1,10,47,8
380298,0,1289,0,40,2,1,2,1,10,52,8
380354,0,1289,0,40,2,1,2,1,10,66,8
361389,0,1289,0,40,2,3,2,1,28,51,8
360221,0,1289,0,40,2,4,2,1,24,59,8
359026,0,1289,0,40,3,3,2,1,35,65,8
369700,0,1289,0,40,3,2,2,1,20,58,8
349456,0,1289,0,40,3,6,2,1,38,19,8
335099,0,1289,0,40,3,7,2,1,74,49,8
373454,0,1289,0,40,2,3,2,1,12,26,8
366948,0,1289,0,40,3,2,2,1,28,28,8
347667,0,1289,0,40,3,8,2,1,38,42,8
358720,0,1289,0,40,2,5,2,1,26,33,8
345335,0,1289,0,40,3,7,2,1,56,44,8
369744,0,1289,0,40,2,3,2,1,21,64,8
346424,0,1289,0,40,2,9,2,1,40,36,8
375181,0,1289,0,40,3,2,2,1,13,43,8
365001,0,1289,0,40,2,3,2,1,23,57,8
330015,0,1289,0,40,2,9,2,1,111,28,8
325121,0,1289,0,40,3,11,2,1,42,19,8
344670,0,1289,0,40,2,7,2,1,56,16,8
363472,1,1289,1265,32.6794,3,6,2,1,24,63,8
370162,0,1289,0,40,2,3,2,1,18,53,8
355466,0,1289,0,40,2,7,2,1,31,26,8
356708,0,1289,0,40,3,6,2,1,32,43,8
336899,0,1289,0,40,3,9,2,1,80,32,8
348168,0,1289,0,40,3,8,2,1,43,27,8
355221,0,1289,0,40,2,5,2,1,35,31,8
359190,0,1289,0,40,2,7,2,1,27,57,8
354889,0,1289,0,40,3,6,2,1,31,15,8
378925,0,1289,0,40,3,2,2,1,10,52,8
337424,0,1289,0,40,3,10,2,1,52,22,8
358549,0,1289,0,40,3,7,2,1,29,24,8
378980,0,1289,0,40,2,1,2,1,9,46,8
379961,0,1289,0,40,2,1,2,1,9,45,8
380490,0,1289,0,40,2,1,2,1,9,60,8
380678,0,1289,0,40,2,1,2,1,9,76,8
361921,0,1289,0,40,3,3,2,1,24,36,8
371576,0,1289,0,40,3,2,2,1,15,8,8
338395,0,1289,0,40,3,10,2,1,52,57,8
336460,0,1289,0,40,3,7,2,1,75,61,8
349859,0,1289,0,40,3,6,2,1,39,52,8
370678,0,1289,0,40,2,2,2,1,16,35,8
373164,0,1289,0,40,3,2,2,1,15,37,8
347540,0,1289,0,40,2,5,2,1,43,38,8
331494,0,1289,0,40,3,11,2,1,72,26,8
361688,0,1289,0,40,3,4,2,1,23,51,8
355042,0,1289,0,40,3,5,2,1,37,38,8
359049,0,1289,1262,40,2,4,2,1,33,34,8
375121,0,1289,0,40,2,2,2,1,13,53,8
349344,0,1289,0,40,3,8,2,1,38,34,8
329992,0,1289,0,40,2,8,2,1,65,36,8
355448,0,1289,0,40,3,6,2,1,35,26,8
335120,0,1289,0,40,3,10,2,1,64,24,8
375726,0,1289,0,40,3,3,2,1,11,63,8
333621,0,1289,0,40,3,11,2,1,62,29,8
355481,0,1289,0,40,2,4,2,1,47,30,8
311656,0,1289,0,40,3,14,2,1,97,14,8
340082,0,1289,0,40,3,9,2,1,50,54,8
377842,0,1289,0,40,2,2,2,1,12,22,8
307341,0,1289,0,40,2,16,2,1,83,36,8
371059,0,1289,0,40,3,2,2,1,25,65,8
346546,0,1289,0,40,2,10,2,1,35,24,8
349323,0,1289,0,40,3,8,2,1,43,46,8
378940,0,1289,0,40,3,1,2,1,8,69,8
344892,0,1289,0,40,2,8,2,1,43,65,8
376043,0,1289,0,40,2,2,2,1,9,47,8
374276,0,1289,0,40,2,2,2,1,11,41,8
350800,0,1289,0,40,3,7,2,1,34,38,8
340347,0,1289,0,40,3,8,2,1,62,28,8
359463,0,1289,0,40,2,5,2,1,25,20,8
361637,0,1289,0,40,2,4,2,1,29,58,8
336585,0,1289,0,40,3,11,2,1,60,34,8
353517,0,1289,0,40,2,7,2,1,27,64,8
354111,0,1289,0,40,2,6,2,1,32,48,8
371457,0,1289,0,40,3,3,2,1,17,54,8
378378,0,1289,0,40,3,2,2,1,9,23,8
372084,0,1289,0,40,3,4,2,1,12,17,8
376039,0,1289,0,40,3,3,2,1,9,58,8
356465,0,1289,0,40,2,4,2,1,27,54,8
369762,0,1289,0,40,2,3,2,1,20,49,8
377140,0,1289,0,40,2,2,2,1,12,48,8
322650,0,1289,0,40,3,12,2,1,73,22,8
357092,0,1289,0,40,3,8,2,1,29,28,8
364407,0,1289,0,40,2,4,2,1,21,17,8
377531,0,1289,0,40,3,2,2,1,10,56,8
355432,0,1289,0,40,3,6,2,1,32,16,8
380865,0,1289,0,40,2,1,2,1,7,26,8
381743,0,1289,0,40,3,1,2,1,7,46,8
382063,0,1289,0,40,3,1,2,1,7,33,8
346503,0,1289,0,40,2,6,2,1,54,40,8
367582,0,1289,0,40,2,2,2,1,31,55,8
325740,0,1289,0,40,3,8,2,1,79,55,8
369149,0,1289,0,40,2,1,2,1,26,25,8
339636,0,1289,0,40,2,8,2,1,54,55,8
347066,0,1289,0,40,3,6,2,1,51,62,8
351806,0,1289,0,40,3,5,2,1,38,52,8
342309,0,1289,0,40,2,10,2,1,60,51,8
372895,0,1289,0,40,3,1,2,1,23,49,8
372046,0,1289,0,40,3,2,2,1,24,58,8
351076,0,1289,0,40,3,4,2,1,56,23,8
357650,0,1289,0,40,3,4,2,1,38,81,8
342990,0,1289,0,40,2,7,2,1,43,76,8
363740,1,1289,1282,27.3095,3,3,2,1,28,75,8
347921,0,1289,0,40,3,8,2,1,46,37,8
370271,0,1289,0,40,2,2,2,1,24,28,8
351030,0,1289,0,40,3,6,2,1,45,38,8
374823,0,1289,0,40,3,1,2,1,19,26,8
347109,0,1289,0,40,2,6,2,1,48,25,8
350437,0,1289,0,40,3,5,2,1,48,41,8
370476,0,1289,0,40,3,2,2,1,22,43,8
332692,0,1289,0,40,2,8,2,1,84,72,8
353887,0,1289,0,40,3,4,2,1,43,37,8
348753,0,1289,0,40,2,7,2,1,45,40,8
365833,0,1289,0,40,2,3,2,1,27,18,8
373801,0,1289,0,40,2,2,2,1,19,26,8
372441,0,1289,0,40,2,2,2,1,20,53,8
373663,0,1289,0,40,2,3,2,1,19,45,8
376367,0,1289,0,40,3,1,2,1,17,41,8
346538,0,1289,0,40,3,5,2,1,56,21,8
374315,0,1289,0,40,2,2,2,1,17,48,8
376546,0,1289,0,40,3,1,2,1,16,23,8
372065,0,1289,0,40,3,2,2,1,18,98,8
342858,0,1289,0,40,3,9,2,1,43,54,8
330312,0,1289,0,40,3,15,2,1,83,45,8
374288,0,1289,0,40,3,1,2,1,15,41,8
376432,0,1289,0,40,3,1,2,1,15,44,8
367922,0,1289,0,40,3,3,2,1,19,27,8
352882,0,1289,0,40,2,4,2,1,40,38,8
358458,0,1289,0,40,2,6,2,1,34,39,8
341948,0,1289,0,40,2,7,2,1,60,30,8
349426,0,1289,0,40,3,8,2,1,35,25,8
357223,0,1289,0,40,3,3,2,1,46,26,8
375300,0,1289,0,40,3,2,2,1,17,24,8
377913,0,1289,0,40,3,1,2,1,14,25,8
378124,0,1289,0,40,2,1,2,1,14,59,8
378612,0,1289,0,40,2,1,2,1,14,61,8
331565,0,1289,0,40,3,11,2,1,84,47,8
374025,0,1289,0,40,3,2,2,1,14,35,8
315475,0,1289,0,40,3,12,2,1,79,57,8
359806,0,1289,0,40,2,3,2,1,35,21,8
365562,0,1289,0,40,3,3,2,1,24,28,8
311704,0,1289,0,40,3,17,2,1,97,60,8
354414,0,1289,0,40,2,5,2,1,45,32,8
362437,0,1289,0,40,2,3,2,1,31,78,8
366705,0,1289,0,40,3,4,2,1,23,45,8
378567,0,1289,0,40,2,1,2,1,13,23,8
372150,0,1289,0,40,2,2,2,1,16,28,8
330054,0,1289,0,40,3,5,2,1,47,22,8
358136,0,1289,0,40,2,4,2,1,34,70,8
328151,0,1289,0,40,2,7,2,1,43,58,8
359223,0,1289,0,40,2,4,2,1,31,51,8
374369,0,1289,0,40,3,2,2,1,16,59,8
341861,0,1289,0,40,2,8,2,1,58,33,8
343434,0,1289,0,40,3,9,2,1,50,52,8
326501,0,1289,0,40,3,7,2,1,66,89,8
343371,0,1289,0,40,2,10,2,1,36,56,8
361367,0,1289,0,40,3,5,2,1,27,52,8
378097,0,1289,0,40,3,1,2,1,12,49,8
353946,0,1289,0,40,2,5,2,1,27,56,8
367974,0,1289,0,40,2,4,2,1,17,36,8
349432,0,1289,0,40,2,5,2,1,39,32,8
363685,0,1289,0,40,3,3,2,1,31,47,8
354485,0,1289,0,40,2,5,2,1,40,28,8
340103,0,1289,0,40,2,10,2,1,46,38,8
348708,0,1289,0,40,3,6,2,1,46,50,8
347558,0,1289,0,40,2,7,2,1,54,37,8
341498,0,1289,0,40,3,7,2,1,53,43,8
376539,0,1289,0,40,2,2,2,1,13,74,8
367966,0,1289,0,40,3,3,2,1,21,23,8
375142,0,1289,0,40,3,2,2,1,16,23,8
375364,0,1289,0,40,2,2,2,1,17,75,8
371329,1,1289,1282,32.3661,3,4,2,1,16,79,8
329713,0,1289,0,40,3,13,2,1,77,21,8
368056,0,1289,0,40,2,4,2,1,22,25,8
379361,0,1289,0,40,2,1,2,1,11,58,8
355137,0,1289,0,40,2,7,2,1,29,69,8
366746,0,1289,0,40,2,3,2,1,15,40,8
362137,0,1289,0,40,3,3,2,1,32,29,8
370246,0,1289,0,40,3,2,2,1,20,49,8
358239,0,1289,0,40,3,4,2,1,32,44,8
336602,0,1289,0,40,2,7,2,1,64,71,8
366815,0,1289,0,40,3,3,2,1,22,53,8
342717,0,1289,0,40,2,9,2,1,40,44,8
345829,0,1289,0,40,3,7,2,1,47,16,8
288731,0,1289,0,40,2,20,2,1,116,33,8
361745,0,1289,0,40,2,4,2,1,38,52,8
378590,0,1289,0,40,2,2,2,1,11,12,8
379175,0,1289,0,40,3,2,2,1,11,63,8
377054,0,1289,0,40,3,2,2,1,15,29,8
380652,0,1289,0,40,2,1,2,1,10,19,8
363427,0,1289,0,40,3,4,2,1,23,60,8
361569,0,1289,0,40,2,4,2,1,28,99,8
359050,0,1289,0,40,3,5,2,1,27,54,8
358276,0,1289,0,40,3,4,2,1,35,94,8
323898,0,1289,0,40,2,8,2,1,69,23,8
344943,0,1289,0,40,2,9,2,1,47,51,8
360386,0,1289,0,40,2,4,2,1,25,50,8
369332,0,1289,0,40,3,3,2,1,23,60,8
374814,0,1289,0,40,3,3,2,1,11,47,8
377218,0,1289,0,40,2,2,2,1,12,75,8
377700,0,1289,0,40,2,2,2,1,11,57,8
371609,0,1289,0,40,3,3,2,1,18,23,8
366890,0,1289,0,40,2,4,2,1,25,11,8
377742,0,1289,0,40,3,2,2,1,12,31,8
357534,0,1289,0,40,2,5,2,1,32,114,8
379036,0,1289,0,40,2,1,2,1,9,72,8
379759,0,1289,0,40,3,1,2,1,9,33,8
380195,0,1289,0,40,2,1,2,1,9,50,8
380455,0,1289,0,40,2,1,2,1,9,51,8
380631,0,1289,0,40,3,1,2,1,9,53,8
380851,1,1289,1282,17.7003,3,1,2,1,9,66,8
381188,0,1289,0,40,3,1,2,1,9,22,8
361106,0,1289,0,40,2,3,2,1,27,73,8
338498,0,1289,0,40,2,12,2,1,55,26,8
369667,0,1289,0,40,2,3,2,1,18,59,8
370505,0,1289,0,40,3,4,2,1,14,31,8
363691,0,1289,0,40,2,6,2,1,17,47,8
372226,0,1289,0,40,2,3,2,1,19,46,8
348982,0,1289,0,40,3,7,2,1,51,18,8
364012,0,1289,0,40,3,4,2,1,30,63,8
374060,0,1289,0,40,2,3,2,1,10,26,8
338070,1,1289,1282,40,2,10,2,1,61,71,8
331087,0,1289,0,40,3,13,2,1,65,27,8
357425,0,1289,0,40,2,6,2,1,34,18,8
379139,0,1289,0,40,3,2,2,1,10,47,8
343886,0,1289,0,40,2,7,2,1,56,36,8
342085,0,1289,0,40,2,11,2,1,48,36,8
341599,0,1289,0,40,2,8,2,1,45,63,8
324465,0,1289,0,40,3,11,2,1,49,40,8
380801,0,1289,0,40,3,1,2,1,8,47,8
381157,1,1289,1282,37.446,2,1,2,1,8,60,8
381653,0,1289,0,40,2,1,2,1,8,55,8
381839,0,1289,0,40,2,1,2,1,8,15,8
381951,0,1289,0,40,3,1,2,1,8,72,8
327012,0,1289,0,40,2,10,2,1,49,58,8
330110,0,1289,0,40,2,13,2,1,71,18,8
375699,0,1289,0,40,2,2,2,1,10,59,8
377300,0,1289,0,40,2,2,2,1,8,48,8
367228,0,1289,0,40,2,3,2,1,22,30,8
357509,0,1289,0,40,3,5,2,1,31,38,8
341017,0,1289,0,40,3,9,2,1,64,47,8
325224,0,1289,0,40,2,8,2,1,62,30,8
368726,0,1289,0,40,3,4,2,1,15,78,8
373594,0,1289,0,40,3,2,2,1,16,34,8
355570,0,1289,0,40,2,5,2,1,30,37,8
352463,0,1289,0,40,2,7,2,1,38,21,8
367818,0,1289,0,40,2,4,2,1,19,55,8
378164,0,1289,0,40,3,2,2,1,9,39,8
354803,0,1289,0,40,2,5,2,1,35,23,8
361443,0,1289,0,40,3,5,2,1,28,49,8
377746,0,1289,0,40,3,2,2,1,11,94,8
364050,0,1289,0,40,3,5,2,1,25,55,8
328698,0,1289,0,40,2,7,2,1,58,42,8
365113,1,1289,1282,18.9088,3,3,2,1,26,67,8
343987,0,1289,0,40,2,9,2,1,48,57,8
375584,0,1289,0,40,3,2,2,1,16,72,8
358536,0,1289,0,40,2,6,2,1,32,43,8
368172,0,1289,0,40,3,4,2,1,20,39,8
361900,0,1289,0,40,3,4,2,1,28,30,8
328313,0,1289,0,40,2,9,2,1,41,51,8
370800,0,1289,0,40,3,3,2,1,22,53,8
359779,0,1289,0,40,3,6,2,1,24,41,8
365916,0,1289,0,40,3,4,2,1,28,33,8
323430,0,1289,0,40,2,12,2,1,78,87,8
370562,0,1289,0,40,3,3,2,1,21,63,8
353692,0,1289,0,40,3,7,2,1,40,29,8
340018,0,1289,0,40,3,10,2,1,66,29,8
380397,0,1289,0,40,3,1,2,1,7,32,8
381842,0,1289,0,40,3,1,2,1,7,33,8
382241,0,1289,0,40,3,1,2,1,7,47,8
382339,0,1289,0,40,2,1,2,1,7,44,8
382421,0,1289,0,40,3,1,2,1,7,52,8
364461,0,1289,0,40,3,1,2,1,35,25,8
348314,1,1289,1283,11.1943,3,5,2,1,52,50,8
367022,0,1289,0,40,3,3,2,1,28,19,8
356897,0,1289,0,40,3,4,2,1,31,25,8
368903,0,1289,0,40,3,2,2,1,24,51,8
334710,0,1289,0,40,3,12,2,1,67,31,8
371051,0,1289,0,40,3,2,2,1,26,39,8
361930,0,1289,0,40,3,3,2,1,26,80,8
368933,0,1289,0,40,2,2,2,1,22,29,8
367120,0,1289,0,40,3,2,2,1,31,22,8
371989,0,1289,0,40,3,2,2,1,22,61,8
373058,0,1289,0,40,3,1,2,1,20,45,8
344396,0,1289,0,40,2,6,2,1,47,35,8
366200,0,1289,0,40,2,2,2,1,31,33,8
369527,0,1289,0,40,3,2,2,1,29,17,8
351845,0,1289,0,40,3,6,2,1,36,36,8
361418,0,1289,0,40,3,5,2,1,29,60,8
324549,0,1289,0,40,2,5,2,1,56,59,8
361716,0,1289,0,40,3,3,2,1,37,79,8
375934,0,1289,0,40,3,1,2,1,18,32,8
376250,0,1289,0,40,2,1,2,1,18,64,8
376875,0,1289,0,40,2,1,2,1,18,113,8
340756,0,1289,0,40,3,8,2,1,60,16,8
364767,0,1289,0,40,3,3,2,1,23,49,8
354472,0,1289,0,40,2,4,2,1,50,59,8
348097,0,1289,0,40,3,6,2,1,40,21,8
376974,0,1289,0,40,2,1,2,1,17,29,8
332873,0,1289,0,40,3,9,2,1,77,34,8
351414,0,1289,0,40,3,6,2,1,41,34,8
325391,0,1289,0,40,2,12,2,1,85,67,8
373006,0,1289,0,40,2,2,2,1,20,35,8
369156,0,1289,0,40,3,2,2,1,25,12,8
360136,0,1289,0,40,3,3,2,1,34,41,8
351248,0,1289,0,40,2,7,2,1,44,20,8
374459,0,1289,0,40,3,2,2,1,19,45,8
363833,0,1289,0,40,2,4,2,1,30,34,8
367502,0,1289,0,40,3,4,2,1,28,60,8
376074,0,1289,0,40,3,2,2,1,16,45,8
378554,1,1289,1283,40,2,1,2,1,15,47,8
373572,0,1289,0,40,3,2,2,1,15,45,8
329537,0,1289,0,40,2,10,2,1,62,45,8
332329,0,1289,0,40,3,11,2,1,76,57,8
373604,0,1289,0,40,2,2,2,1,20,38,8
378123,0,1289,0,40,2,1,2,1,14,72,8
346687,1,1289,1268,34.4243,3,7,2,1,38,32,8
373707,0,1289,0,40,2,2,2,1,15,30,8
353366,0,1289,0,40,2,6,2,1,39,36,8
370601,0,1289,0,40,3,2,2,1,23,34,8
350272,0,1289,0,40,3,8,2,1,44,68,8
356074,1,1289,1274,40,2,4,2,1,34,52,8
369209,0,1289,0,40,3,3,2,1,21,58,8
379416,0,1289,0,40,3,1,2,1,13,23,8
339308,0,1289,0,40,3,7,2,1,65,29,8
351522,0,1289,0,40,3,7,2,1,45,23,8
329012,0,1289,0,40,3,8,2,1,50,28,8
366071,0,1289,0,40,2,3,2,1,25,62,8
356753,1,1289,1254,40,3,5,2,1,36,48,8
368584,1,1289,1273,40,2,4,2,1,21,78,8
362092,0,1289,0,40,3,4,2,1,28,27,8
309460,0,1289,0,40,3,8,2,1,107,53,8
380266,0,1289,0,40,2,1,2,1,12,21,8
367951,1,1289,1258,40,3,3,2,1,18,25,8
371446,0,1289,0,40,3,2,2,1,19,32,8
304171,0,1289,0,40,3,15,2,1,69,51,8
360894,0,1289,0,40,3,3,2,1,39,36,8
357318,0,1289,0,40,2,6,2,1,37,32,8
362933,1,1289,1272,22.4435,3,4,2,1,33,43,8
380682,0,1289,0,40,3,1,2,1,11,78,8
380778,0,1289,0,40,2,1,2,1,11,47,8
343120,0,1289,0,40,2,7,2,1,44,71,8
362932,0,1289,0,40,3,4,2,1,25,23,8
350906,0,1289,0,40,2,6,2,1,37,12,8
365685,0,1289,0,40,2,3,2,1,25,52,8
335761,0,1289,0,40,2,11,2,1,67,54,8
369861,0,1289,0,40,2,3,2,1,20,25,8
372771,0,1289,0,40,2,3,2,1,14,69,8
338750,0,1289,0,40,2,10,2,1,50,75,8
353927,0,1289,0,40,3,5,2,1,45,103,8
344384,0,1289,0,40,3,6,2,1,57,40,8
366234,0,1289,0,40,2,4,2,1,24,51,8
349723,0,1289,0,40,2,9,2,1,38,31,8
327807,0,1289,0,40,3,16,2,1,89,46,8
375850,0,1289,0,40,3,2,2,1,17,56,8
380583,0,1289,0,40,3,1,2,1,10,57,8
330872,0,1289,0,40,3,11,2,1,64,26,8
358939,0,1289,0,40,3,4,2,1,34,93,8
363154,0,1289,0,40,3,3,2,1,30,61,8
375586,0,1289,0,40,3,3,2,1,11,20,8
372632,0,1289,0,40,3,3,2,1,17,20,8
372018,0,1289,0,40,2,3,2,1,14,44,8
374877,0,1289,0,40,2,2,2,1,14,39,8
338917,0,1289,0,40,3,10,2,1,57,64,8
354623,0,1289,0,40,3,4,2,1,47,30,8
345916,0,1289,0,40,3,6,2,1,50,34,8
359077,0,1289,0,40,3,4,2,1,30,41,8
359584,0,1289,0,40,2,6,2,1,21,58,8
348256,0,1289,0,40,3,6,2,1,54,23,8
364718,0,1289,0,40,2,5,2,1,24,35,8
360431,0,1289,0,40,3,5,2,1,34,96,8
351561,0,1289,0,40,3,6,2,1,42,25,8
372004,0,1289,0,40,3,3,2,1,22,15,8
347194,0,1289,0,40,3,7,2,1,48,71,8
380473,0,1289,0,40,2,1,2,1,9,37,8
380913,0,1289,0,40,2,1,2,1,9,51,8
381703,0,1289,0,40,2,1,2,1,9,45,8
381793,0,1289,0,40,3,1,2,1,9,44,8
382075,0,1289,0,40,3,1,2,1,9,39,8
375771,0,1289,0,40,3,2,2,1,9,28,8
373383,0,1289,0,40,3,3,2,1,11,53,8
335743,0,1289,0,40,2,10,2,1,70,40,8
329396,0,1289,0,40,2,2,2,1,32,66,8
371333,0,1289,0,40,2,2,2,1,21,42,8
358578,0,1289,0,40,3,5,2,1,28,81,8
365697,0,1289,0,40,2,4,2,1,19,37,8
353580,0,1289,0,40,2,7,2,1,36,47,8
346443,0,1289,0,40,3,7,2,1,45,18,8
324298,0,1289,0,40,2,6,2,1,44,81,8
372624,0,1289,0,40,3,2,2,1,20,55,8
326492,0,1289,0,40,3,8,2,1,28,41,8
351481,0,1289,0,40,2,8,2,1,33,77,8
327945,0,1289,0,40,3,10,2,1,50,35,8
345947,0,1289,0,40,2,10,2,1,35,34,8
372071,0,1289,0,40,3,3,2,1,18,42,8
325190,0,1289,0,40,3,11,2,1,73,39,8
375619,0,1289,0,40,2,2,2,1,17,28,8
378384,0,1289,0,40,2,2,2,1,13,43,8
373593,0,1289,0,40,3,3,2,1,18,71,8
353944,0,1289,0,40,3,8,2,1,39,59,8
380150,1,1289,1283,34.7814,2,2,2,1,10,65,8
357866,0,1289,0,40,3,3,2,1,46,50,8
381567,0,1289,0,40,3,2,2,1,9,21,8
381159,0,1289,0,40,3,1,2,1,8,16,8
381950,0,1289,0,40,3,1,2,1,8,60,8
382169,0,1289,0,40,2,1,2,1,8,59,8
382467,0,1289,0,40,2,1,2,1,8,15,8
382575,0,1289,0,40,2,1,2,1,8,29,8
382627,0,1289,0,40,3,1,2,1,8,27,8
357186,0,1289,0,40,2,6,2,1,21,52,8
357875,0,1289,0,40,2,6,2,1,24,43,8
368924,0,1289,0,40,2,4,2,1,13,30,8
325637,0,1289,0,40,2,11,2,1,49,40,8
361416,0,1289,0,40,3,6,2,1,17,18,8
336815,0,1289,0,40,2,11,2,1,67,69,8
373777,0,1289,0,40,3,2,2,1,18,59,8
369083,0,1289,0,40,3,3,2,1,22,24,8
336654,0,1289,0,40,2,9,2,1,65,57,8
329445,0,1289,0,40,3,16,2,1,81,27,8
327486,0,1289,0,40,2,10,2,1,42,35,8
350320,0,1289,0,40,2,6,2,1,51,55,8
368160,0,1289,0,40,3,4,2,1,21,38,8
327352,0,1289,0,40,2,9,2,1,50,44,8
370490,0,1289,0,40,3,3,2,1,15,27,8
375942,0,1289,0,40,2,2,2,1,14,24,8
376348,0,1289,0,40,2,2,2,1,8,38,8
380016,0,1289,0,40,3,2,2,1,8,28,8
351673,0,1289,0,40,3,6,2,1,45,38,8
375137,0,1289,0,40,2,2,2,1,16,22,8
374003,0,1289,0,40,3,3,2,1,15,34,8
370218,0,1289,0,40,2,3,2,1,13,40,8
367031,0,1289,0,40,2,4,2,1,24,28,8
380088,0,1289,0,40,3,2,2,1,9,34,8
369663,0,1289,0,40,3,4,2,1,18,32,8
346735,0,1289,0,40,2,8,2,1,50,29,8
374361,0,1289,0,40,2,3,2,1,14,67,8
353196,0,1289,0,40,3,5,2,1,43,44,8
351810,0,1289,0,40,3,6,2,1,34,62,8
366807,0,1289,0,40,3,5,2,1,23,50,8
381091,0,1289,0,40,2,1,2,1,7,38,8
381656,0,1289,0,40,2,1,2,1,7,94,8
381836,0,1289,0,40,3,1,2,1,7,86,8
382436,0,1289,0,40,3,1,2,1,7,129,8
383157,0,1289,0,40,2,1,2,1,7,62,8
368296,0,1289,0,40,2,1,2,1,33,49,8
349011,0,1289,0,40,2,5,2,1,56,10,8
355961,0,1289,0,40,3,4,2,1,44,25,8
364950,0,1289,0,40,3,3,2,1,32,11,8
363579,0,1289,0,40,3,4,2,1,34,72,8
368410,0,1289,0,40,3,2,2,1,29,52,8
374979,0,1289,0,40,2,1,2,1,21,49,8
356523,0,1289,0,40,2,3,2,1,51,73,8
376308,0,1289,0,40,3,1,2,1,18,19,8
371016,0,1289,0,40,3,3,2,1,21,33,8
377792,0,1289,0,40,3,1,2,1,17,26,8
370711,0,1289,0,40,3,2,2,1,23,70,8
377681,0,1289,0,40,3,1,2,1,16,54,8
327557,0,1289,0,40,3,13,2,1,77,44,8
374385,0,1289,0,40,3,2,2,1,20,81,8
360901,0,1289,0,40,3,4,2,1,29,31,8
331320,0,1289,0,40,2,12,2,1,77,44,8
369087,0,1289,0,40,3,2,2,1,27,24,8
350829,1,1289,1252,40,2,8,2,1,43,16,8
353466,0,1289,0,40,2,7,2,1,27,49,8
371760,0,1289,0,40,3,3,2,1,17,51,8
367195,0,1289,0,40,3,2,2,1,29,52,8
374650,0,1289,0,40,3,2,2,1,17,53,8
356437,0,1289,0,40,3,7,2,1,32,30,8
368052,0,1289,0,40,3,4,2,1,17,37,8
367596,0,1289,0,40,3,4,2,1,25,19,8
342930,0,1289,0,40,2,7,2,1,56,28,8
334836,1,1289,1284,34.0239,2,12,2,1,71,46,8
340324,0,1289,0,40,2,7,2,1,69,54,8
368962,0,1289,0,40,2,5,2,1,19,30,8
380823,0,1289,0,40,2,1,2,1,11,39,8
362681,0,1289,0,40,3,3,2,1,26,23,8
364345,0,1289,0,40,2,4,2,1,23,16,8
372332,0,1289,0,40,3,3,2,1,15,49,8
359400,0,1289,0,40,3,4,2,1,37,58,8
371061,0,1289,0,40,2,3,2,1,23,56,8
369507,0,1289,0,40,2,3,2,1,26,46,8
346452,1,1289,1263,39.654,3,7,2,1,49,39,8
331529,0,1289,0,40,3,12,2,1,75,22,8
363900,0,1289,0,40,3,5,2,1,28,27,8
381705,0,1289,0,40,3,1,2,1,10,19,8
358974,1,1289,1276,32.6644,3,4,2,1,34,52,8
365184,0,1289,0,40,3,5,2,1,25,90,8
352724,0,1289,0,40,3,7,2,1,34,70,8
376224,0,1289,0,40,2,2,2,1,13,21,8
382631,0,1289,0,40,3,1,2,1,9,45,8
334363,0,1289,0,40,3,11,2,1,66,27,8
360877,0,1289,0,40,3,4,2,1,28,44,8
374413,1,1289,1284,38.4246,2,2,2,1,15,45,8
347541,0,1289,0,40,2,8,2,1,51,27,8
365523,1,1289,1274,40,2,6,2,1,20,57,8
377105,1,1289,1277,25.5964,3,2,2,1,12,35,8
342898,0,1289,0,40,3,10,2,1,51,50,8
332240,0,1289,0,40,2,14,2,1,71,51,8
323635,0,1289,0,40,3,13,2,1,89,37,8
382452,0,1289,0,40,2,1,2,1,8,59,8
325331,0,1289,0,40,3,9,2,1,43,38,8
374561,0,1289,0,40,3,2,2,1,13,126,8
367370,0,1289,0,40,3,3,2,1,22,97,8
342392,0,1289,0,40,2,9,2,1,49,31,8
379336,0,1289,0,40,3,2,2,1,10,16,8
379955,0,1289,0,40,3,2,2,1,9,93,8
374730,0,1289,0,40,2,3,2,1,16,17,8
355504,0,1289,0,40,3,6,2,1,36,45,8
381339,0,1289,0,40,3,1,2,1,7,49,8
381700,0,1289,0,40,3,1,2,1,7,35,8
382554,0,1289,0,40,3,1,2,1,7,17,8
383334,0,1289,0,40,3,1,2,1,7,46,8
351305,0,1289,0,40,2,5,2,1,48,33,8
357815,0,1289,0,40,3,3,2,1,36,33,8
373012,0,1289,0,40,3,2,2,1,21,36,8
354170,0,1289,0,40,2,6,2,1,47,48,8
365642,0,1289,0,40,3,3,2,1,29,26,8
380481,0,1289,0,40,3,1,2,1,11,25,8
382095,0,1289,0,40,3,1,2,1,11,25,8
351788,0,1289,0,40,3,4,2,1,53,76,8
364947,0,1289,0,40,2,4,2,1,28,76,8
382163,0,1289,0,40,2,1,2,1,10,89,8
367428,0,1289,0,40,3,6,2,1,21,8,8
365517,0,1289,0,40,3,4,2,1,23,21,8
371495,0,1289,0,40,2,4,2,1,15,29,8
327112,0,1289,0,40,3,7,2,1,55,17,8
332209,0,1289,0,40,2,10,2,1,77,77,8
353856,0,1289,0,40,3,7,2,1,33,31,8
379406,0,1289,0,40,2,2,2,1,11,31,8
349524,0,1289,0,40,3,6,2,1,47,51,8
345352,0,1289,0,40,3,9,2,1,51,53,8
380951,0,1289,0,40,3,0,2,1,6,36,8
381195,0,1289,0,40,3,0,2,1,6,62,8
381596,0,1289,0,40,3,0,2,1,6,57,8
381872,0,1289,0,40,2,0,2,1,6,32,8
381936,0,1289,0,40,2,0,2,1,6,43,8
382118,0,1289,0,40,2,0,2,1,6,77,8
382150,0,1289,0,40,3,0,2,1,6,72,8
382222,0,1289,0,40,3,0,2,1,6,31,8
382254,0,1289,0,40,2,0,2,1,6,80,8
382286,0,1289,0,40,2,0,2,1,6,104,8
382318,0,1289,0,40,2,0,2,1,6,22,8
382350,0,1289,0,40,2,0,2,1,6,26,8
382382,0,1289,0,40,3,0,2,1,6,51,8
382414,0,1289,0,40,2,0,2,1,6,35,8
382510,0,1289,0,40,3,0,2,1,6,55,8
382574,0,1289,0,40,3,0,2,1,6,53,8
382606,0,1289,0,40,3,0,2,1,6,51,8
382638,0,1289,0,40,2,0,2,1,6,48,8
382752,0,1289,0,40,3,0,2,1,6,52,8
382768,0,1289,0,40,3,0,2,1,6,74,8
382800,0,1289,0,40,2,0,2,1,6,71,8
382848,0,1289,0,40,2,0,2,1,6,33,8
382864,0,1289,0,40,2,0,2,1,6,87,8
382880,0,1289,0,40,3,0,2,1,6,38,8
382928,0,1289,0,40,3,0,2,1,6,32,8
382944,0,1289,0,40,2,0,2,1,6,24,8
382984,0,1289,0,40,3,0,2,1,6,20,8
383032,0,1289,0,40,2,0,2,1,6,42,8
383048,0,1289,0,40,3,0,2,1,6,40,8
383080,0,1289,0,40,3,0,2,1,6,29,8
383112,0,1289,0,40,2,0,2,1,6,84,8
383128,0,1289,0,40,3,0,2,1,6,40,8
383144,0,1289,0,40,3,0,2,1,6,100,8
383160,0,1289,0,40,3,0,2,1,6,19,8
383249,0,1289,0,40,2,0,2,1,6,70,8
383257,0,1289,0,40,3,0,2,1,6,54,8
383265,0,1289,0,40,3,0,2,1,6,41,8
383289,0,1289,0,40,2,0,2,1,6,41,8
383297,0,1289,0,40,2,0,2,1,6,31,8
383337,0,1289,0,40,3,0,2,1,6,46,8
383361,0,1289,0,40,2,0,2,1,6,51,8
383377,0,1289,0,40,2,0,2,1,6,31,8
383405,0,1289,0,40,2,0,2,1,6,48,8
383437,0,1289,0,40,3,0,2,1,6,71,8
383469,0,1289,0,40,2,0,2,1,6,37,8
383493,0,1289,0,40,3,0,2,1,6,38,8
383517,0,1289,0,40,2,0,2,1,6,60,8
383533,0,1289,0,40,2,0,2,1,6,63,8
383541,0,1289,0,40,3,0,2,1,6,19,8
383565,0,1289,0,40,2,0,2,1,6,25,8
383581,0,1289,0,40,3,0,2,1,6,55,8
383597,0,1289,0,40,2,0,2,1,6,34,8
383621,0,1289,0,40,3,0,2,1,6,47,8
383637,0,1289,0,40,3,0,2,1,6,32,8
383645,0,1289,0,40,2,0,2,1,6,26,8
383653,0,1289,0,40,2,0,2,1,6,49,8
383661,0,1289,0,40,3,0,2,1,6,74,8
383677,0,1289,0,40,2,0,2,1,6,37,8
383685,0,1289,0,40,3,0,2,1,6,63,8
383701,0,1289,0,40,2,0,2,1,6,70,8
383709,0,1289,0,40,2,0,2,1,6,30,8
383725,0,1289,0,40,2,0,2,1,6,57,8
383765,0,1289,0,40,3,0,2,1,6,43,8
383781,0,1289,0,40,3,0,2,1,6,21,8
383797,0,1289,0,40,2,0,2,1,6,45,8
383805,0,1289,0,40,3,0,2,1,6,32,8
383839,0,1289,0,40,2,0,2,1,6,20,8
383863,0,1289,0,40,2,0,2,1,6,37,8
383871,0,1289,0,40,3,0,2,1,6,18,8
383879,0,1289,0,40,2,0,2,1,6,42,8
383883,0,1289,0,40,3,0,2,1,6,33,8
383887,0,1289,0,40,2,0,2,1,6,20,8
383907,0,1289,0,40,2,0,2,1,6,36,8
383919,0,1289,0,40,2,0,2,1,6,43,8
383923,0,1289,0,40,2,0,2,1,6,34,8
383931,0,1289,0,40,2,0,2,1,6,30,8
383955,0,1289,0,40,3,0,2,1,6,58,8
383963,0,1289,0,40,2,0,2,1,6,40,8
383975,0,1289,0,40,3,0,2,1,6,40,8
383983,0,1289,0,40,3,0,2,1,6,53,8
383999,0,1289,0,40,3,0,2,1,6,23,8
384003,0,1289,0,40,2,0,2,1,6,19,8
384007,0,1289,0,40,3,0,2,1,6,56,8
384027,0,1289,0,40,2,0,2,1,6,33,8
384031,0,1289,0,40,2,0,2,1,6,50,8
384043,0,1289,0,40,2,0,2,1,6,40,8
384047,0,1289,0,40,3,0,2,1,6,48,8
384063,0,1289,0,40,2,0,2,1,6,42,8
384067,0,1289,0,40,3,0,2,1,6,33,8
384071,0,1289,0,40,3,0,2,1,6,70,8
384087,0,1289,0,40,2,0,2,1,6,43,8
384095,0,1289,0,40,3,0,2,1,6,50,8
384099,0,1289,0,40,2,0,2,1,6,26,8
384103,0,1289,0,40,2,0,2,1,6,30,8
384111,0,1289,0,40,2,0,2,1,6,18,8
384123,0,1289,0,40,2,0,2,1,6,58,8
384127,0,1289,0,40,3,0,2,1,6,68,8
384131,0,1289,0,40,2,0,2,1,6,36,8
384135,0,1289,0,40,3,0,2,1,6,71,8
384139,0,1289,0,40,2,0,2,1,6,25,8
384147,0,1289,0,40,3,0,2,1,6,27,8
384159,0,1289,0,40,2,0,2,1,6,61,8
384191,0,1289,0,40,3,0,2,1,6,44,8
384195,0,1289,0,40,3,0,2,1,6,50,8
384207,0,1289,0,40,2,0,2,1,6,29,8
384215,0,1289,0,40,3,0,2,1,6,10,8
384219,0,1289,0,40,3,0,2,1,6,47,8
384231,0,1289,0,40,2,0,2,1,6,15,8
384235,0,1289,0,40,2,0,2,1,6,18,8
384239,0,1289,0,40,2,0,2,1,6,10,8
384243,0,1289,0,40,2,0,2,1,6,54,8
384263,0,1289,0,40,2,0,2,1,6,70,8
384287,0,1289,0,40,3,0,2,1,6,56,8
384295,0,1289,0,40,2,0,2,1,6,38,8
384311,0,1289,0,40,2,0,2,1,6,61,8
384323,0,1289,0,40,3,0,2,1,6,28,8
384327,0,1289,0,40,3,0,2,1,6,84,8
384335,0,1289,0,40,2,0,2,1,6,53,8
384339,0,1289,0,40,3,0,2,1,6,35,8
384347,0,1289,0,40,3,0,2,1,6,53,8
384359,0,1289,0,40,2,0,2,1,6,30,8
384363,0,1289,0,40,3,0,2,1,6,32,8
384367,0,1289,0,40,2,0,2,1,6,33,8
384375,0,1289,0,40,3,0,2,1,6,41,8
384391,0,1289,0,40,2,0,2,1,6,66,8
384395,0,1289,0,40,2,0,2,1,6,61,8
384399,0,1289,0,40,3,0,2,1,6,110,8
384407,0,1289,0,40,3,0,2,1,6,30,8
384411,0,1289,0,40,2,0,2,1,6,29,8
384423,0,1289,0,40,2,0,2,1,6,49,8
384441,0,1289,0,40,3,0,2,1,6,44,8
384445,0,1289,0,40,2,0,2,1,6,73,8
384447,0,1289,0,40,2,0,2,1,6,41,8
384455,0,1289,0,40,3,0,2,1,6,76,8
384459,0,1289,0,40,2,0,2,1,6,50,8
384463,0,1289,0,40,3,0,2,1,6,19,8
384465,0,1289,0,40,2,0,2,1,6,39,8
384467,0,1289,0,40,3,0,2,1,6,25,8
384469,0,1289,0,40,2,0,2,1,6,17,8
384473,0,1289,0,40,2,0,2,1,6,18,8
384475,0,1289,0,40,3,0,2,1,6,47,8
384479,0,1289,0,40,2,0,2,1,6,39,8
384481,0,1289,0,40,2,0,2,1,6,11,8
384487,0,1289,0,40,3,0,2,1,6,81,8
384499,0,1289,0,40,2,0,2,1,6,15,8
384507,0,1289,0,40,2,0,2,1,6,56,8
384513,0,1289,0,40,2,0,2,1,6,24,8
384519,0,1289,0,40,3,0,2,1,6,35,8
384521,0,1289,0,40,2,0,2,1,6,50,8
384525,0,1289,0,40,2,0,2,1,6,53,8
384529,0,1289,0,40,2,0,2,1,6,39,8
384531,0,1289,0,40,3,0,2,1,6,34,8
384533,0,1289,0,40,3,0,2,1,6,43,8
384537,0,1289,0,40,3,0,2,1,6,40,8
384543,0,1289,0,40,3,0,2,1,6,49,8
384545,0,1289,0,40,2,0,2,1,6,17,8
384551,0,1289,0,40,2,0,2,1,6,71,8
384553,0,1289,0,40,3,0,2,1,6,62,8
384557,0,1289,0,40,2,0,2,1,6,30,8
384561,0,1289,0,40,2,0,2,1,6,82,8
384563,0,1289,0,40,2,0,2,1,6,20,8
384567,0,1289,0,40,2,0,2,1,6,16,8
384575,0,1289,0,40,3,0,2,1,6,37,8
384579,0,1289,0,40,2,0,2,1,6,61,8
384583,0,1289,0,40,2,0,2,1,6,30,8
384595,0,1289,0,40,3,0,2,1,6,24,8
384597,0,1289,0,40,2,0,2,1,6,38,8
384599,0,1289,0,40,3,0,2,1,6,41,8
384607,0,1289,0,40,3,0,2,1,6,103,8
384615,0,1289,0,40,3,0,2,1,6,51,8
384619,0,1289,0,40,2,0,2,1,6,28,8
384621,0,1289,0,40,3,0,2,1,6,40,8
384625,0,1289,0,40,2,0,2,1,6,28,8
384635,0,1289,0,40,2,0,2,1,6,83,8
384637,0,1289,0,40,2,0,2,1,6,45,8
384641,0,1289,0,40,2,0,2,1,6,37,8
384647,0,1289,0,40,2,0,2,1,6,42,8
384649,0,1289,0,40,2,0,2,1,6,34,8
384651,0,1289,0,40,3,0,2,1,6,37,8
384653,0,1289,0,40,3,0,2,1,6,49,8
384655,0,1289,0,40,2,0,2,1,6,45,8
384659,0,1289,0,40,2,0,2,1,6,47,8
384665,0,1289,0,40,3,0,2,1,6,56,8
384677,0,1289,0,40,3,0,2,1,6,66,8
384679,0,1289,0,40,2,0,2,1,6,20,8
384681,0,1289,0,40,3,0,2,1,6,72,8
384685,0,1289,0,40,2,0,2,1,6,53,8
384689,0,1289,0,40,2,0,2,1,6,48,8
384693,0,1289,0,40,2,0,2,1,6,45,8
384695,0,1289,0,40,2,0,2,1,6,35,8
384697,0,1289,0,40,2,0,2,1,6,37,8
384699,0,1289,0,40,2,0,2,1,6,48,8
384703,0,1289,0,40,3,0,2,1,6,14,8
384707,0,1289,0,40,3,0,2,1,6,16,8
384709,0,1289,0,40,3,0,2,1,6,40,8
384715,0,1289,0,40,2,0,2,1,6,38,8
384721,0,1289,0,40,2,0,2,1,6,25,8
384735,0,1289,0,40,2,0,2,1,6,44,8
384739,0,1289,0,40,3,0,2,1,6,27,8
384743,0,1289,0,40,3,0,2,1,6,31,8
384745,0,1289,0,40,3,0,2,1,6,28,8
384757,0,1289,0,40,2,0,2,1,6,19,8
384759,0,1289,0,40,3,0,2,1,6,25,8
384761,0,1289,0,40,2,0,2,1,6,56,8
384763,0,1289,0,40,3,0,2,1,6,37,8
384769,0,1289,0,40,3,0,2,1,6,24,8
384785,0,1289,0,40,2,0,2,1,6,61,8
384787,0,1289,0,40,3,0,2,1,6,56,8
384797,0,1289,0,40,3,0,2,1,6,39,8
384805,0,1289,0,40,3,0,2,1,6,40,8
384811,0,1289,0,40,3,0,2,1,6,36,8
384813,0,1289,0,40,3,0,2,1,6,74,8
384817,0,1289,0,40,3,0,2,1,6,75,8
384819,0,1289,0,40,3,0,2,1,6,99,8
384823,0,1289,0,40,3,0,2,1,6,14,8
384827,0,1289,0,40,3,0,2,1,6,114,8
384831,0,1289,0,40,3,0,2,1,6,32,8
384833,0,1289,0,40,3,0,2,1,6,56,8
384845,0,1289,0,40,3,0,2,1,6,31,8
384851,0,1289,0,40,3,0,2,1,6,35,8
384855,0,1289,0,40,2,0,2,1,6,16,8
384863,0,1289,0,40,3,0,2,1,6,65,8
384865,0,1289,0,40,3,0,2,1,6,42,8
384867,0,1289,0,40,3,0,2,1,6,79,8
384875,0,1289,0,40,3,0,2,1,6,41,8
384877,0,1289,0,40,3,0,2,1,6,33,8
384885,0,1289,0,40,2,0,2,1,6,20,8
384887,0,1289,0,40,3,0,2,1,6,67,8
384889,0,1289,0,40,3,0,2,1,6,25,8
384897,0,1289,0,40,2,0,2,1,6,36,8
384899,0,1289,0,40,3,0,2,1,6,49,8
384901,0,1289,0,40,3,0,2,1,6,56,8
384903,0,1289,0,40,2,0,2,1,6,80,8
384905,0,1289,0,40,2,0,2,1,6,36,8
384913,0,1289,0,40,2,0,2,1,6,24,8
384915,0,1289,0,40,2,0,2,1,6,60,8
384931,0,1289,0,40,3,0,2,1,6,33,8
384935,0,1289,0,40,3,0,2,1,6,52,8
384941,0,1289,0,40,3,0,2,1,6,9,8
384943,0,1289,0,40,2,0,2,1,6,34,8
384947,0,1289,0,40,2,0,2,1,6,110,8
384949,0,1289,0,40,3,0,2,1,6,59,8
384951,0,1289,0,40,2,0,2,1,6,33,8
384957,0,1289,0,40,2,0,2,1,6,40,8
384959,0,1289,0,40,2,0,2,1,6,42,8
384961,0,1289,0,40,2,0,2,1,6,26,8
384963,0,1289,0,40,3,0,2,1,6,64,8
384967,0,1289,0,40,3,0,2,1,6,27,8
384971,0,1289,0,40,2,0,2,1,6,33,8
384975,0,1289,0,40,2,0,2,1,6,28,8
384977,0,1289,0,40,3,0,2,1,6,35,8
384979,0,1289,0,40,3,0,2,1,6,65,8
384981,0,1289,0,40,2,0,2,1,6,41,8
384983,0,1289,0,40,2,0,2,1,6,65,8
384985,0,1289,0,40,2,0,2,1,6,51,8
384987,0,1289,0,40,3,0,2,1,6,60,8
384989,0,1289,0,40,3,0,2,1,6,13,8
384993,0,1289,0,40,3,0,2,1,6,46,8
384997,0,1289,0,40,3,0,2,1,6,7,8
385005,0,1289,0,40,2,0,2,1,6,30,8
371054,1,1289,1269,40,2,1,2,1,10,59,8
352884,0,1289,0,40,2,4,2,1,32,25,8
330700,0,1289,0,40,2,11,2,1,66,45,8
344029,0,1289,0,40,3,8,2,1,36,24,8
366551,0,1289,0,40,2,3,2,1,21,31,8
332185,0,1289,0,40,3,9,2,1,76,80,8
374775,0,1289,0,40,3,1,2,1,10,32,8
354488,0,1289,0,40,3,6,2,1,27,45,8
374737,0,1289,0,40,2,1,2,1,7,37,8
366495,0,1289,0,40,3,3,2,1,14,21,8
354139,0,1289,0,40,2,4,2,1,30,53,8
353569,0,1289,0,40,3,3,2,1,38,26,8
352456,0,1289,0,40,2,3,2,1,48,25,8
373122,0,1289,0,40,3,1,2,1,11,62,8
346492,0,1289,0,40,2,8,2,1,31,69,8
367799,0,1289,0,40,2,3,2,1,20,23,8
360085,0,1289,0,40,2,3,2,1,24,33,8
344862,0,1289,0,40,2,8,2,1,43,80,8
377129,0,1289,0,40,3,1,2,1,7,50,8
356830,0,1289,0,40,2,3,2,1,31,17,8
367873,0,1289,0,40,2,2,2,1,18,32,8
350331,0,1289,0,40,3,7,2,1,34,32,8
346150,0,1289,0,40,3,5,2,1,37,57,8
302108,0,1289,0,40,2,11,2,1,88,35,8
310939,0,1289,0,40,2,16,2,1,103,16,8
352133,0,1289,0,40,2,5,2,1,40,19,8
357565,0,1289,0,40,3,3,2,1,33,55,8
336193,0,1289,0,40,3,9,2,1,75,32,8
371000,0,1289,0,40,2,2,2,1,14,83,8
355461,0,1289,0,40,3,4,2,1,30,38,8
357529,0,1289,0,40,2,5,2,1,33,74,8
360475,0,1289,0,40,3,4,2,1,28,31,8
335419,0,1289,0,40,2,11,2,1,64,41,8
339775,0,1289,0,40,2,8,2,1,53,79,8
258902,0,1289,0,40,2,25,2,1,138,35,8
377467,0,1289,0,40,2,1,2,1,8,49,8
367467,0,1289,0,40,3,3,2,1,14,59,8
375228,0,1289,0,40,3,2,2,1,8,56,8
322407,0,1289,0,40,3,8,2,1,71,45,8
323000,0,1289,0,40,3,5,2,1,65,30,8
347926,0,1289,0,40,2,5,2,1,39,38,8
359740,0,1289,0,40,3,2,2,1,35,26,8
337372,0,1289,0,40,3,9,2,1,63,49,8
369716,0,1289,0,40,2,2,2,1,17,21,8
355925,1,1289,1277,26.5706,3,4,2,1,39,46,8
367958,0,1289,0,40,3,3,2,1,20,42,8
342760,0,1289,0,40,3,6,2,1,55,42,8
358781,0,1289,0,40,3,2,2,1,40,41,8
362260,0,1289,0,40,3,2,2,1,28,54,8
354954,0,1289,0,40,2,6,2,1,30,15,8
370576,0,1289,0,40,3,3,2,1,16,64,8
362869,0,1289,0,40,2,2,2,1,26,41,8
362187,0,1289,0,40,3,3,2,1,27,43,8
376331,0,1289,0,40,3,1,2,1,11,55,8
357073,0,1289,0,40,2,4,2,1,26,48,8
342029,0,1289,0,40,3,9,2,1,50,41,8
376674,0,1289,0,40,2,1,2,1,10,29,8
325782,0,1289,0,40,2,5,2,1,28,57,8
377471,0,1289,0,40,3,1,2,1,9,50,8
367495,0,1289,0,40,2,3,2,1,15,66,8
336236,0,1289,0,40,3,11,2,1,50,43,8
355613,0,1289,0,40,3,5,2,1,33,34,8
366372,0,1289,0,40,3,4,2,1,14,38,8
372206,0,1289,0,40,3,3,2,1,14,45,8
378526,0,1289,0,40,2,1,2,1,8,35,8
374876,0,1289,0,40,3,2,2,1,11,62,8
341954,0,1289,0,40,2,7,2,1,63,77,8
378923,0,1289,0,40,3,1,2,1,7,21,8
372025,0,1289,0,40,2,2,2,1,13,44,8
367775,0,1289,0,40,2,4,2,1,19,30,8
373482,0,1289,0,40,3,2,2,1,11,76,8
340544,0,1289,0,40,2,8,2,1,55,40,8
376809,0,1289,0,40,2,2,2,1,8,28,8
378481,0,1289,0,40,3,1,2,1,6,77,8
369442,0,1289,0,40,2,1,2,1,22,46,8
370216,0,1289,0,40,2,1,2,1,20,62,8
334456,0,1289,0,40,2,9,2,1,73,62,8
372851,0,1289,0,40,2,1,2,1,18,44,8
353420,0,1289,0,40,2,4,2,1,38,34,8
352579,0,1289,0,40,3,5,2,1,41,28,8
357567,0,1289,0,40,2,5,2,1,27,29,8
373906,0,1289,0,40,2,1,2,1,15,42,8
359010,0,1289,0,40,2,6,2,1,24,59,8
350103,0,1289,0,40,3,4,2,1,45,36,8
350334,0,1289,0,40,3,7,2,1,37,59,8
344154,0,1289,0,40,2,8,2,1,56,27,8
372284,0,1289,0,40,3,2,2,1,17,38,8
340167,0,1289,0,40,2,5,2,1,65,22,8
333791,0,1289,0,40,2,7,2,1,83,25,8
375600,0,1289,0,40,3,2,2,1,13,19,8
376577,0,1289,0,40,3,1,2,1,12,47,8
343101,0,1289,0,40,2,7,2,1,47,20,8
358232,0,1289,0,40,2,3,2,1,34,41,8
368222,0,1289,0,40,2,2,2,1,25,35,8
377210,0,1289,0,40,3,1,2,1,11,45,8
347123,0,1289,0,40,2,5,2,1,44,45,8
364897,0,1289,0,40,3,3,2,1,16,27,8
354089,0,1289,0,40,3,6,2,1,33,3,8
368089,0,1289,0,40,2,3,2,1,21,25,8
375156,0,1289,0,40,3,2,2,1,12,37,8
374689,0,1289,0,40,3,1,2,1,10,31,8
377710,0,1289,0,40,2,1,2,1,10,86,8
357613,0,1289,0,40,2,3,2,1,25,57,8
371815,0,1289,0,40,2,2,2,1,12,23,8
362873,0,1289,0,40,3,4,2,1,26,68,8
368337,0,1289,0,40,2,4,2,1,16,44,8
376944,0,1289,0,40,2,1,2,1,9,28,8
377833,0,1289,0,40,3,1,2,1,9,37,8
329911,0,1289,0,40,3,8,2,1,83,38,8
349416,0,1289,0,40,2,6,2,1,40,94,8
370977,0,1289,0,40,3,3,2,1,11,11,8
368770,0,1289,0,40,2,3,2,1,16,61,8
348261,0,1289,0,40,3,7,2,1,35,31,8
372701,0,1289,0,40,2,2,2,1,15,63,8
376080,0,1289,0,40,3,1,2,1,8,37,8
379121,0,1289,0,40,2,1,2,1,8,31,8
332215,0,1289,0,40,2,9,2,1,76,71,8
340441,0,1289,0,40,2,7,2,1,53,22,8
345730,0,1289,0,40,2,7,2,1,41,55,8
360881,0,1289,0,40,2,4,2,1,25,54,8
334838,0,1289,0,40,2,10,2,1,52,45,8
358973,0,1289,0,40,3,4,2,1,27,27,8
345013,0,1289,0,40,3,10,2,1,41,15,8
351422,0,1289,0,40,3,9,2,1,33,34,8
359379,0,1289,0,40,3,3,2,1,36,79,8
369568,0,1289,0,40,2,3,2,1,16,37,8
378878,0,1289,0,40,2,1,2,1,7,40,8
337354,0,1289,0,40,3,7,2,1,55,22,8
367564,0,1289,0,40,3,3,2,1,16,38,8
368656,0,1289,0,40,2,5,2,1,13,77,8
360378,0,1289,0,40,2,5,2,1,25,73,8
368064,0,1289,0,40,2,3,2,1,18,35,8
375815,0,1289,0,40,2,2,2,1,8,36,8
336659,0,1289,0,40,2,10,2,1,46,50,8
350843,0,1289,0,40,3,5,2,1,31,35,8
336641,0,1289,0,40,2,11,2,1,49,52,8
364294,0,1289,0,40,3,5,2,1,20,39,8
379200,0,1289,0,40,3,1,2,1,6,36,8
380328,0,1289,0,40,2,1,2,1,6,21,8
369024,0,1289,0,40,2,1,2,1,26,47,8
362448,0,1289,0,40,3,3,2,1,32,44,8
349729,0,1289,0,40,3,8,2,1,43,12,8
356530,0,1289,0,40,2,3,2,1,29,65,8
364814,0,1289,0,40,2,2,2,1,31,18,8
345304,0,1289,0,40,3,8,2,1,42,35,8
351317,0,1289,0,40,2,4,2,1,47,18,8
373976,0,1289,0,40,2,1,2,1,17,24,8
365997,0,1289,0,40,3,2,2,1,25,61,8
333399,0,1289,0,40,3,8,2,1,80,19,8
362665,0,1289,0,40,2,3,2,1,23,18,8
369687,1,1289,1265,40,2,3,2,1,18,97,8
375154,0,1289,0,40,3,1,2,1,15,53,8
363504,0,1289,0,40,2,3,2,1,23,63,8
372415,0,1289,0,40,2,2,2,1,15,27,8
365842,0,1289,0,40,3,3,2,1,24,45,8
375057,0,1289,0,40,3,1,2,1,14,25,8
376313,0,1289,0,40,2,1,2,1,14,41,8
367710,0,1289,0,40,3,4,2,1,18,32,8
345323,0,1289,0,40,3,8,2,1,38,61,8
333052,0,1289,0,40,3,9,2,1,83,90,8
371829,0,1289,0,40,3,2,2,1,18,65,8
346223,0,1289,0,40,3,7,2,1,45,59,8
370419,0,1289,0,40,3,3,2,1,20,36,8
376447,0,1289,0,40,3,1,2,1,13,40,8
368891,0,1289,0,40,2,3,2,1,17,32,8
369853,0,1289,0,40,2,2,2,1,21,31,8
345204,0,1289,0,40,2,8,2,1,42,64,8
362474,0,1289,0,40,2,3,2,1,30,48,8
374302,0,1289,0,40,3,2,2,1,13,48,8
362557,0,1289,0,40,2,4,2,1,26,23,8
363616,0,1289,0,40,3,3,2,1,28,40,8
376105,0,1289,0,40,3,2,2,1,14,71,8
362365,0,1289,0,40,3,3,2,1,25,12,8
324832,0,1289,0,40,2,7,2,1,52,52,8
376852,0,1289,0,40,2,1,2,1,11,24,8
377894,0,1289,0,40,2,1,2,1,11,46,8
350874,0,1289,0,40,2,6,2,1,31,112,8
367490,0,1289,0,40,2,3,2,1,13,18,8
345413,0,1289,0,40,3,8,2,1,45,28,8
339373,0,1289,0,40,3,8,2,1,52,19,8
335038,0,1289,0,40,3,9,2,1,77,104,8
377473,0,1289,0,40,3,1,2,1,10,29,8
378396,0,1289,0,40,2,1,2,1,10,59,8
336160,0,1289,0,40,3,9,2,1,69,100,8
347979,0,1289,0,40,2,5,2,1,39,30,8
365594,0,1289,0,40,2,3,2,1,20,47,8
372050,0,1289,0,40,2,2,2,1,19,80,8
371758,0,1289,0,40,3,2,2,1,20,28,8
377967,0,1289,0,40,2,1,2,1,9,25,8
378963,0,1289,0,40,2,1,2,1,9,13,8
332246,0,1289,0,40,3,10,2,1,68,46,8
370924,0,1289,0,40,2,2,2,1,13,33,8
362446,0,1289,0,40,2,4,2,1,22,30,8
364792,0,1289,0,40,3,4,2,1,15,27,8
360867,0,1289,0,40,3,4,2,1,31,63,8
368940,0,1289,0,40,2,3,2,1,14,19,8
349207,0,1289,0,40,3,8,2,1,40,56,8
375750,0,1289,0,40,2,2,2,1,11,62,8
379170,0,1289,0,40,3,1,2,1,8,50,8
379462,1,1289,1279,40,2,1,2,1,8,33,8
379620,0,1289,0,40,3,1,2,1,8,57,8
360665,0,1289,0,40,3,3,2,1,25,64,8
355194,0,1289,0,40,2,4,2,1,31,77,8
369218,0,1289,0,40,3,4,2,1,13,26,8
372233,0,1289,0,40,3,3,2,1,13,63,8
325656,0,1289,0,40,2,10,2,1,53,68,8
377389,0,1289,0,40,2,1,2,1,7,49,8
379808,0,1289,0,40,3,1,2,1,7,34,8
379940,0,1289,0,40,2,1,2,1,7,50,8
354823,0,1289,0,40,2,3,2,1,41,59,8
363757,0,1289,0,40,3,4,2,1,24,25,8
367110,0,1289,0,40,3,3,2,1,15,38,8
329549,0,1289,0,40,2,13,2,1,74,56,8
325665,0,1289,0,40,3,9,2,1,68,38,8
335859,0,1289,0,40,3,11,2,1,59,25,8
364324,0,1289,0,40,3,4,2,1,21,44,8
343184,0,1289,0,40,3,8,2,1,47,79,8
374980,0,1289,0,40,3,2,2,1,12,49,8
368117,0,1289,0,40,3,3,2,1,17,42,8
335261,0,1289,0,40,2,11,2,1,58,46,8
363156,0,1289,0,40,2,5,2,1,15,45,8
378018,0,1289,0,40,3,2,2,1,7,59,8
345523,0,1289,0,40,2,6,2,1,40,43,8
370109,0,1289,0,40,3,3,2,1,16,35,8
359209,0,1289,0,40,3,7,2,1,21,30,8
368145,0,1289,0,40,3,3,2,1,18,26,8
372246,0,1289,0,40,2,3,2,1,14,39,8
378642,1,1289,1278,24.8935,3,2,2,1,10,73,8
379929,0,1289,0,40,3,1,2,1,6,42,8
380836,0,1289,0,40,3,1,2,1,6,36,8
355258,0,1289,0,40,3,2,2,1,46,50,8
369012,0,1289,0,40,2,1,2,1,27,40,8
344789,0,1289,0,40,2,4,2,1,62,53,8
343349,0,1289,0,40,2,4,2,1,53,69,8
327760,0,1289,0,40,3,8,2,1,55,56,8
343797,0,1289,0,40,3,7,2,1,55,62,8
371933,0,1289,0,40,2,1,2,1,21,51,8
354575,0,1289,0,40,2,5,2,1,33,51,8
323493,0,1289,0,40,3,4,2,1,46,79,8
372535,0,1289,0,40,3,1,2,1,20,41,8
329624,0,1289,0,40,2,5,2,1,63,23,8
366563,0,1289,0,40,2,2,2,1,27,44,8
339704,0,1289,0,40,3,7,2,1,63,30,8
369363,0,1289,0,40,3,2,2,1,20,22,8
336587,0,1289,0,40,2,9,2,1,63,64,8
373434,0,1289,0,40,2,1,2,1,18,24,8
374237,0,1289,0,40,2,1,2,1,18,47,8
363448,0,1289,0,40,2,2,2,1,32,77,8
366408,0,1289,0,40,3,2,2,1,27,77,8
374066,0,1289,0,40,2,1,2,1,17,60,8
375108,0,1289,0,40,2,1,2,1,17,47,8
363519,0,1289,0,40,3,4,2,1,24,67,8
339037,0,1289,0,40,3,6,2,1,71,53,8
328468,0,1289,0,40,2,5,2,1,50,21,8
343602,0,1289,0,40,2,6,2,1,55,40,8
368468,0,1289,0,40,2,3,2,1,20,61,8
367367,0,1289,0,40,2,3,2,1,20,45,8
349236,0,1289,0,40,3,5,2,1,51,74,8
375863,0,1289,0,40,3,1,2,1,15,61,8
344480,0,1289,0,40,2,6,2,1,41,37,8
363603,0,1289,0,40,2,3,2,1,30,52,8
329437,0,1289,0,40,3,11,2,1,74,15,8
341409,0,1289,0,40,2,7,2,1,61,36,8
376729,0,1289,0,40,2,1,2,1,14,41,8
334062,0,1289,0,40,3,9,2,1,79,50,8
360372,0,1289,0,40,2,4,2,1,28,14,8
364890,0,1289,0,40,2,3,2,1,25,31,8
355639,0,1289,0,40,3,6,2,1,25,32,8
314190,0,1289,0,40,2,10,2,1,96,22,8
345191,0,1289,0,40,3,9,2,1,39,52,8
350005,0,1289,0,40,3,7,2,1,41,65,8
377490,0,1289,0,40,3,1,2,1,13,44,8
334596,0,1289,0,40,2,12,2,1,62,33,8
373204,0,1289,0,40,3,2,2,1,13,47,8
356257,0,1289,0,40,2,4,2,1,35,44,8
349823,0,1289,0,40,2,7,2,1,44,45,8
344440,0,1289,0,40,3,7,2,1,41,71,8
357428,0,1289,0,40,3,6,2,1,29,32,8
327885,0,1289,0,40,2,10,2,1,85,13,8
359532,0,1289,0,40,3,4,2,1,25,18,8
347011,0,1289,0,40,2,6,2,1,52,43,8
375752,0,1289,0,40,2,1,2,1,12,12,8
289844,0,1289,0,40,3,16,2,1,112,19,8
369685,0,1289,0,40,2,3,2,1,21,25,8
368042,0,1289,0,40,2,3,2,1,17,47,8
361966,0,1289,0,40,2,4,2,1,30,35,8
331290,0,1289,0,40,3,8,2,1,89,25,8
354674,0,1289,0,40,2,7,2,1,29,38,8
362750,0,1289,0,40,3,5,2,1,27,37,8
356931,0,1289,0,40,2,5,2,1,37,54,8
377629,0,1289,0,40,3,1,2,1,11,46,8
378260,0,1289,0,40,3,1,2,1,11,31,8
364474,0,1289,0,40,2,3,2,1,23,39,8
368004,0,1289,0,40,3,3,2,1,17,30,8
364656,0,1289,0,40,2,3,2,1,19,45,8
346407,0,1289,0,40,3,6,2,1,41,35,8
373150,0,1289,0,40,3,2,2,1,12,55,8
349847,0,1289,0,40,3,6,2,1,44,68,8
368759,0,1289,0,40,3,2,2,1,17,51,8
366028,0,1289,0,40,3,4,2,1,20,51,8
345444,1,1289,1240,40,2,9,2,1,41,51,8
334225,0,1289,0,40,2,10,2,1,66,32,8
347213,0,1289,0,40,2,4,2,1,57,45,8
366219,0,1289,0,40,2,3,2,1,27,15,8
376967,0,1289,0,40,2,1,2,1,10,77,8
377799,0,1289,0,40,2,1,2,1,10,45,8
378709,0,1289,0,40,3,1,2,1,10,45,8
378799,0,1289,0,40,2,1,2,1,10,24,8
379029,0,1289,0,40,3,1,2,1,10,20,8
362424,0,1289,0,40,3,4,2,1,21,35,8
365763,0,1289,0,40,3,5,2,1,16,28,8
340969,0,1289,0,40,2,5,2,1,64,22,8
341181,0,1289,0,40,2,5,2,1,67,47,8
351820,0,1289,0,40,2,4,2,1,39,15,8
375628,0,1289,0,40,3,2,2,1,11,90,8
375261,0,1289,0,40,3,2,2,1,10,27,8
358177,0,1289,0,40,2,6,2,1,23,30,8
328836,0,1289,0,40,2,13,2,1,85,67,8
355325,0,1289,0,40,2,7,2,1,32,46,8
370757,0,1289,0,40,3,3,2,1,18,54,8
377437,0,1289,0,40,2,1,2,1,9,38,8
378722,0,1289,0,40,3,1,2,1,9,56,8
378858,0,1289,0,40,2,1,2,1,9,45,8
379366,0,1289,0,40,3,1,2,1,9,7,8
379748,0,1289,0,40,3,1,2,1,9,69,8
325065,0,1289,0,40,3,10,2,1,46,72,8
334164,0,1289,0,40,3,10,2,1,67,51,8
340632,0,1289,0,40,2,9,2,1,43,36,8
351194,0,1289,0,40,3,7,2,1,36,61,8
352505,0,1289,0,40,3,5,2,1,39,23,8
373090,0,1289,0,40,2,2,2,1,11,51,8
376891,0,1289,0,40,3,2,2,1,9,32,8
361310,0,1289,0,40,2,4,2,1,27,81,8
331984,0,1289,0,40,2,12,2,1,73,40,8
353253,0,1289,0,40,3,7,2,1,40,47,8
315854,0,1289,0,40,3,13,2,1,84,36,8
373519,0,1289,0,40,2,3,2,1,13,63,8
376536,0,1289,0,40,2,2,2,1,11,50,8
380098,0,1289,0,40,2,1,2,1,8,29,8
358896,1,1289,1280,26.1143,3,4,2,1,33,38,8
369592,0,1289,0,40,2,3,2,1,15,50,8
374376,0,1289,0,40,3,2,2,1,8,40,8
370078,0,1289,0,40,3,3,2,1,15,82,8
373352,0,1289,0,40,3,2,2,1,14,32,8
367883,0,1289,0,40,3,3,2,1,15,64,8
376942,0,1289,0,40,2,2,2,1,8,48,8
347736,1,1289,1274,40,2,5,2,1,50,10,8
370736,0,1289,0,40,3,2,2,1,19,31,8
350098,0,1289,0,40,3,7,2,1,47,33,8
327541,0,1289,0,40,2,8,2,1,51,84,8
373591,0,1289,0,40,2,3,2,1,9,75,8
374423,0,1289,0,40,3,4,2,1,13,26,8
362444,0,1289,0,40,2,4,2,1,22,48,8
344700,0,1289,0,40,3,8,2,1,46,57,8
376548,0,1289,0,40,2,2,2,1,8,38,8
364710,0,1289,0,40,2,4,2,1,24,50,8
379111,0,1289,0,40,3,2,2,1,9,19,8
367416,0,1289,0,40,3,3,2,1,27,22,8
379307,1,1289,1280,38.1788,2,1,2,1,7,83,8
379747,0,1289,0,40,2,1,2,1,7,16,8
379977,0,1289,0,40,3,1,2,1,7,41,8
380197,0,1289,0,40,2,1,2,1,7,28,8
380426,0,1289,0,40,2,1,2,1,7,28,8
380590,0,1289,0,40,3,1,2,1,7,22,8
363893,0,1289,0,40,3,3,2,1,20,23,8
337593,0,1289,0,40,3,8,2,1,55,30,8
354716,0,1289,0,40,3,6,2,1,31,25,8
372155,0,1289,0,40,2,2,2,1,13,27,8
370837,0,1289,0,40,3,3,2,1,11,28,8
354086,0,1289,0,40,3,7,2,1,28,122,8
375279,0,1289,0,40,2,2,2,1,7,58,8
370848,0,1289,0,40,3,2,2,1,18,42,8
325541,0,1289,0,40,2,9,2,1,66,35,8
365076,0,1289,0,40,3,2,2,1,30,47,8
376913,0,1289,0,40,3,2,2,1,10,37,8
364905,0,1289,0,40,2,3,2,1,17,90,8
321744,0,1289,0,40,3,7,2,1,41,18,8
377961,0,1289,0,40,2,2,2,1,7,45,8
337614,0,1289,0,40,3,10,2,1,54,68,8
327243,0,1289,0,40,2,6,2,1,39,28,8
376899,0,1289,0,40,3,2,2,1,11,40,8
328221,0,1289,0,40,2,9,2,1,41,68,8
363206,0,1289,0,40,3,5,2,1,22,69,8
337249,0,1289,0,40,2,7,2,1,72,58,8
367928,0,1289,0,40,3,5,2,1,15,74,8
346800,0,1289,0,40,3,5,2,1,51,28,8
360998,0,1289,0,40,2,5,2,1,34,50,8
336772,0,1289,0,40,3,9,2,1,56,14,8
380731,0,1289,0,40,2,1,2,1,6,44,8
381038,0,1289,0,40,3,1,2,1,6,37,8
335198,0,1289,0,40,3,6,2,1,81,58,8
344589,0,1289,0,40,3,5,2,1,59,47,8
346045,1,1289,1281,37.3085,2,5,2,1,55,46,8
364257,0,1289,0,40,3,2,2,1,34,51,8
348751,0,1289,0,40,2,5,2,1,47,21,8
359022,0,1289,0,40,2,3,2,1,30,67,8
321047,0,1289,0,40,3,9,2,1,73,33,8
371568,0,1289,0,40,3,1,2,1,23,46,8
353942,0,1289,0,40,2,4,2,1,39,38,8
332136,0,1289,0,40,3,10,2,1,79,61,8
362624,0,1289,0,40,3,2,2,1,37,11,8
326941,0,1289,0,40,3,5,2,1,64,35,8
355859,0,1289,0,40,3,5,2,1,41,88,8
355451,0,1289,0,40,3,4,2,1,40,43,8
362879,0,1289,0,40,2,3,2,1,22,84,8
361536,0,1289,0,40,3,3,2,1,26,43,8
366204,0,1289,0,40,3,3,2,1,24,15,8
326237,0,1289,0,40,3,11,2,1,75,23,8
367948,0,1289,0,40,3,2,2,1,30,32,8
374015,0,1289,0,40,3,1,2,1,19,38,8
358666,0,1289,0,40,2,5,2,1,32,21,8
371691,0,1289,0,40,3,2,2,1,23,63,8
362243,0,1289,0,40,2,3,2,1,35,30,8
374370,0,1289,0,40,3,1,2,1,18,51,8
326318,0,1289,0,40,2,9,2,1,61,83,8
336857,0,1289,0,40,3,9,2,1,67,45,8
350557,0,1289,0,40,2,7,2,1,38,13,8
352242,0,1289,0,40,3,6,2,1,48,13,8
370801,0,1289,0,40,3,2,2,1,18,86,8
357452,0,1289,0,40,2,5,2,1,34,15,8
363474,0,1289,0,40,2,3,2,1,29,40,8
342622,0,1289,0,40,2,8,2,1,59,10,8
328051,0,1289,0,40,3,11,2,1,50,30,8
376301,0,1289,0,40,2,1,2,1,16,64,8
341165,1,1289,1264,40,3,9,2,1,52,28,8
344547,0,1289,0,40,3,8,2,1,46,33,8
375818,0,1289,0,40,3,1,2,1,15,51,8
376433,0,1289,0,40,3,1,2,1,15,51,8
356906,0,1289,0,40,3,5,2,1,28,42,8
358040,0,1289,0,40,3,3,2,1,38,61,8
348352,0,1289,0,40,2,7,2,1,48,52,8
371062,0,1289,0,40,3,2,2,1,15,45,8
359998,0,1289,0,40,3,3,2,1,29,32,8
373143,0,1289,0,40,3,2,2,1,19,40,8
375359,0,1289,0,40,2,1,2,1,14,31,8
376666,0,1289,0,40,2,1,2,1,14,45,8
370860,0,1289,0,40,3,2,2,1,16,18,8
369345,0,1289,0,40,3,2,2,1,21,19,8
368530,0,1289,0,40,3,3,2,1,20,15,8
364545,0,1289,0,40,3,3,2,1,25,15,8
343175,0,1289,0,40,3,7,2,1,56,69,8
375618,0,1289,0,40,3,2,2,1,14,42,8
346770,0,1289,0,40,2,6,2,1,54,60,8
367108,0,1289,0,40,3,4,2,1,21,18,8
377552,0,1289,0,40,2,1,2,1,13,95,8
377844,0,1289,0,40,3,1,2,1,13,29,8
371730,0,1289,0,40,3,2,2,1,15,47,8
336515,1,1289,1268,40,2,8,2,1,63,37,8
302831,0,1289,0,40,2,12,2,1,89,56,8
219181,0,1289,0,40,2,26,2,1,160,74,8
360661,0,1289,0,40,3,4,2,1,30,49,8
358452,0,1289,0,40,3,5,2,1,28,59,8
368005,0,1289,0,40,2,3,2,1,18,36,8
356797,0,1289,0,40,2,7,2,1,33,53,8
326761,0,1289,0,40,2,11,2,1,57,36,8
374219,0,1289,0,40,3,2,2,1,18,41,8
351564,0,1289,0,40,2,6,2,1,43,42,8
375617,0,1289,0,40,3,1,2,1,12,28,8
376987,0,1289,0,40,3,1,2,1,12,38,8
377329,0,1289,0,40,2,1,2,1,12,14,8
377757,0,1289,0,40,2,1,2,1,12,31,8
378578,0,1289,0,40,2,1,2,1,12,26,8
364962,0,1289,0,40,2,3,2,1,21,48,8
353510,0,1289,0,40,2,5,2,1,38,31,8
373013,0,1289,0,40,3,2,2,1,14,25,8
362716,0,1289,0,40,3,3,2,1,33,32,8
370672,0,1289,0,40,2,3,2,1,15,42,8
326290,0,1289,0,40,3,7,2,1,50,36,8
333883,0,1289,0,40,2,12,2,1,72,55,8
353079,0,1289,0,40,3,7,2,1,34,15,8
348044,0,1289,0,40,2,7,2,1,42,59,8
357209,0,1289,0,40,3,5,2,1,23,25,8
375186,0,1289,0,40,2,2,2,1,14,51,8
362282,0,1289,0,40,3,5,2,1,28,46,8
362181,0,1289,0,40,2,5,2,1,22,55,8
359794,0,1289,0,40,3,5,2,1,31,50,8
327090,0,1289,0,40,2,7,2,1,33,75,8
372523,0,1289,0,40,3,4,2,1,17,72,8
376951,0,1289,0,40,3,1,2,1,11,17,8
378673,0,1289,0,40,3,1,2,1,11,65,8
358996,0,1289,0,40,3,4,2,1,29,18,8
358980,0,1289,0,40,3,3,2,1,32,55,8
355799,0,1289,0,40,2,4,2,1,33,54,8
310421,1,1289,1247,40,3,17,2,1,90,11,8
336861,0,1289,0,40,3,10,2,1,56,52,8
361836,1,1289,1263,40,2,4,2,1,21,50,8
342587,0,1289,0,40,2,6,2,1,60,13,8
349481,0,1289,0,40,3,8,2,1,41,26,8
367130,0,1289,0,40,2,3,2,1,25,90,8
360582,0,1289,0,40,2,4,2,1,32,15,8
350132,0,1289,0,40,2,5,2,1,41,25,8
358679,0,1289,0,40,2,5,2,1,24,28,8
375626,1,1289,1281,40,2,2,2,1,13,41,8
343014,0,1289,0,40,3,9,2,1,46,95,8
376130,0,1289,0,40,3,2,2,1,11,83,8
362219,0,1289,0,40,2,5,2,1,27,97,8
376061,0,1289,0,40,2,2,2,1,13,40,8
368245,0,1289,0,40,3,3,2,1,23,37,8
330081,0,1289,0,40,2,11,2,1,86,46,8
335813,0,1289,0,40,3,12,2,1,50,38,8
378513,0,1289,0,40,2,1,2,1,10,70,8
379422,0,1289,0,40,3,1,2,1,10,33,8
355385,0,1289,0,40,2,5,2,1,28,74,8
365695,0,1289,0,40,3,4,2,1,18,20,8
347519,0,1289,0,40,2,5,2,1,46,25,8
352370,0,1289,0,40,2,7,2,1,34,62,8
363748,0,1289,0,40,3,4,2,1,23,47,8
375245,0,1289,0,40,2,2,2,1,12,43,8
366863,0,1289,0,40,2,3,2,1,25,82,8
332785,0,1289,0,40,2,13,2,1,64,29,8
358213,1,1289,1267,40,3,6,2,1,24,38,8
357800,0,1289,0,40,3,4,2,1,37,61,8
334939,0,1289,0,40,2,8,2,1,79,46,8
372621,0,1289,0,40,2,2,2,1,19,27,8
377261,0,1289,0,40,2,1,2,1,9,63,8
378816,0,1289,0,40,2,1,2,1,9,61,8
379253,0,1289,0,40,2,1,2,1,9,79,8
379717,0,1289,0,40,2,1,2,1,9,39,8
379976,0,1289,0,40,3,1,2,1,9,31,8
380236,0,1289,0,40,3,1,2,1,9,35,8
358638,0,1289,0,40,2,5,2,1,24,49,8
351156,0,1289,0,40,2,8,2,1,41,28,8
361118,0,1289,0,40,3,4,2,1,22,38,8
357744,0,1289,0,40,3,6,2,1,24,44,8
372267,0,1289,0,40,2,3,2,1,11,41,8
371911,0,1289,0,40,3,2,2,1,14,53,8
338113,0,1289,0,40,2,8,2,1,52,24,8
374198,0,1289,0,40,3,2,2,1,13,37,8
369607,0,1289,0,40,2,2,2,1,23,16,8
332372,0,1289,0,40,3,11,2,1,74,48,8
335443,0,1289,0,40,3,10,2,1,57,68,8
357990,0,1289,0,40,2,4,2,1,30,46,8
328352,0,1289,0,40,2,4,2,1,24,37,8
322704,0,1289,0,40,3,7,2,1,76,50,8
358544,0,1289,0,40,3,4,2,1,37,34,8
358053,0,1289,0,40,3,6,2,1,31,34,8
378090,0,1289,0,40,2,2,2,1,10,59,8
354076,0,1289,0,40,2,5,2,1,41,47,8
354446,0,1289,0,40,3,7,2,1,38,46,8
358716,0,1289,0,40,3,4,2,1,28,42,8
373307,0,1289,0,40,3,3,2,1,17,65,8
380017,0,1289,0,40,3,1,2,1,8,21,8
380289,0,1289,0,40,3,1,2,1,8,54,8
380396,0,1289,0,40,2,1,2,1,8,30,8
380456,0,1289,0,40,2,1,2,1,8,37,8
380894,0,1289,0,40,2,1,2,1,8,45,8
368570,0,1289,0,40,3,3,2,1,18,51,8
361285,0,1289,0,40,2,6,2,1,21,31,8
370627,0,1289,0,40,3,2,2,1,17,90,8
349139,0,1289,0,40,3,8,2,1,38,71,8
368583,0,1289,0,40,3,2,2,1,18,18,8
374026,0,1289,0,40,3,2,2,1,11,55,8
363697,0,1289,0,40,2,4,2,1,22,49,8
348229,0,1289,0,40,3,8,2,1,28,84,8
342484,0,1289,0,40,3,8,2,1,60,89,8
337764,0,1289,0,40,2,10,2,1,60,67,8
367029,0,1289,0,40,2,3,2,1,18,27,8
368628,0,1289,0,40,3,3,2,1,20,46,8
378026,0,1289,0,40,2,2,2,1,8,47,8
322307,0,1289,0,40,2,8,2,1,65,43,8
373128,0,1289,0,40,3,2,2,1,16,49,8
353899,0,1289,0,40,3,6,2,1,36,28,8
356803,0,1289,0,40,3,5,2,1,39,31,8
373324,0,1289,0,40,3,3,2,1,13,74,8
357715,0,1289,0,40,3,5,2,1,31,51,8
364254,0,1289,0,40,2,3,2,1,29,48,8
366213,0,1289,0,40,2,4,2,1,24,87,8
359141,0,1289,0,40,3,6,2,1,26,30,8
378435,0,1289,0,40,3,2,2,1,8,69,8
359761,0,1289,0,40,3,5,2,1,37,26,8
345922,0,1289,0,40,3,8,2,1,54,67,8
352237,0,1289,0,40,2,6,2,1,35,67,8
350977,0,1289,0,40,2,8,2,1,25,99,8
332168,0,1289,0,40,2,10,2,1,82,40,8
374867,0,1289,0,40,2,2,2,1,16,43,8
348505,0,1289,0,40,3,8,2,1,42,56,8
370324,0,1289,0,40,3,3,2,1,13,22,8
377634,0,1289,0,40,2,3,2,1,11,61,8
380391,0,1289,0,40,3,1,2,1,7,39,8
380439,0,1289,0,40,2,1,2,1,7,58,8
380527,0,1289,0,40,3,1,2,1,7,51,8
380691,0,1289,0,40,3,1,2,1,7,33,8
380944,0,1289,0,40,3,1,2,1,7,64,8
381018,0,1289,0,40,2,1,2,1,7,45,8
381204,0,1289,0,40,3,1,2,1,7,44,8
381400,0,1289,0,40,3,1,2,1,7,46,8
367352,0,1289,0,40,2,2,2,1,16,27,8
353320,0,1289,0,40,2,5,2,1,28,26,8
344622,0,1289,0,40,3,6,2,1,53,51,8
366175,0,1289,0,40,2,3,2,1,23,76,8
365354,0,1289,0,40,2,4,2,1,22,29,8
332675,0,1289,0,40,2,13,2,1,54,28,8
356605,0,1289,0,40,2,6,2,1,34,38,8
349049,0,1289,0,40,3,5,2,1,44,59,8
369262,0,1289,0,40,3,3,2,1,17,31,8
376357,1,1289,1281,40,2,2,2,1,10,53,8
366735,0,1289,0,40,3,3,2,1,25,78,8
353591,0,1289,0,40,2,4,2,1,41,42,8
357795,0,1289,0,40,3,5,2,1,31,56,8
335867,0,1289,0,40,2,10,2,1,64,45,8
366932,0,1289,0,40,2,3,2,1,24,16,8
370675,0,1289,0,40,2,4,2,1,14,72,8
372283,0,1289,0,40,2,4,2,1,12,47,8
350000,0,1289,0,40,3,8,2,1,41,49,8
352797,0,1289,0,40,2,5,2,1,41,28,8
376072,0,1289,0,40,2,2,2,1,11,34,8
323208,0,1289,0,40,3,10,2,1,81,25,8
364699,0,1289,0,40,3,5,2,1,14,98,8
368741,0,1289,0,40,2,4,2,1,17,49,8
364121,0,1289,0,40,3,3,2,1,30,36,8
378135,0,1289,0,40,3,2,2,1,10,41,8
378591,0,1289,0,40,3,2,2,1,11,44,8
379180,0,1289,0,40,2,1,2,1,6,58,8
380737,0,1289,0,40,2,1,2,1,6,57,8
381117,0,1289,0,40,2,1,2,1,6,41,8
381713,0,1289,0,40,2,1,2,1,6,49,8
381751,0,1289,0,40,2,1,2,1,6,31,8
381769,0,1289,0,40,3,1,2,1,6,68,8
382013,0,1289,0,40,3,1,2,1,6,66,8
339702,0,1289,0,40,2,7,2,1,67,48,8
318049,0,1289,0,40,3,10,2,1,103,20,8
340434,0,1289,0,40,3,7,2,1,66,50,8
366002,0,1289,0,40,2,2,2,1,31,69,8
355888,0,1289,0,40,2,5,2,1,35,45,8
370316,0,1289,0,40,3,1,2,1,25,37,8
365306,0,1289,0,40,3,3,2,1,27,28,8
371424,0,1289,0,40,3,1,2,1,24,55,8
327064,0,1289,0,40,2,6,2,1,44,21,8
363287,0,1289,0,40,3,2,2,1,35,40,8
373089,0,1289,0,40,2,1,2,1,22,54,8
373409,0,1289,0,40,2,1,2,1,21,55,8
358083,0,1289,0,40,3,4,2,1,35,29,8
366439,0,1289,0,40,2,3,2,1,24,42,8
343322,0,1289,0,40,3,8,2,1,55,40,8
344752,0,1289,0,40,3,6,2,1,46,43,8
337161,0,1289,0,40,3,6,2,1,71,36,8
356798,0,1289,0,40,2,3,2,1,33,58,8
353197,0,1289,0,40,2,5,2,1,38,74,8
367233,0,1289,0,40,2,2,2,1,21,11,8
353923,0,1289,0,40,2,3,2,1,50,24,8
355323,0,1289,0,40,3,4,2,1,35,42,8
353613,0,1289,0,40,3,6,2,1,34,35,8
372676,0,1289,0,40,3,2,2,1,20,46,8
367177,0,1289,0,40,2,3,2,1,20,28,8
370059,0,1289,0,40,2,3,2,1,21,57,8
375739,0,1289,0,40,3,1,2,1,17,49,8
335205,0,1289,0,40,3,9,2,1,52,106,8
323021,0,1289,0,40,2,8,2,1,50,29,8
370956,0,1289,0,40,3,2,2,1,23,62,8
369796,0,1289,0,40,3,2,2,1,18,41,8
352576,0,1289,0,40,2,4,2,1,54,15,8
355796,0,1289,0,40,3,6,2,1,34,63,8
374961,0,1289,0,40,3,1,2,1,15,36,8
375948,0,1289,0,40,3,1,2,1,15,38,8
317503,0,1289,0,40,2,12,2,1,87,20,8
361250,0,1289,0,40,3,4,2,1,26,48,8
355138,0,1289,0,40,3,5,2,1,34,27,8
371283,0,1289,0,40,2,2,2,1,20,38,8
348661,0,1289,0,40,2,6,2,1,42,40,8
366725,0,1289,0,40,2,3,2,1,23,50,8
364323,0,1289,0,40,3,3,2,1,28,25,8
341509,0,1289,0,40,3,7,2,1,62,21,8
348159,2,1289,0,40,2,5,2,1,53,40,8
365431,0,1289,0,40,2,3,2,1,25,29,8
374722,0,1289,0,40,2,2,2,1,18,30,8
376552,1,1289,1282,23.9983,3,1,2,1,14,40,8
378060,0,1289,0,40,3,1,2,1,14,91,8
358684,0,1289,0,40,2,3,2,1,32,39,8
350126,0,1289,0,40,2,7,2,1,40,28,8
373442,0,1289,0,40,3,2,2,1,14,50,8
360902,0,1289,0,40,3,3,2,1,34,36,8
362702,0,1289,0,40,3,3,2,1,36,28,8
364981,0,1289,0,40,3,4,2,1,29,37,8
376848,0,1289,0,40,2,1,2,1,13,32,8
377849,0,1289,0,40,2,1,2,1,13,42,8
378094,0,1289,0,40,3,1,2,1,13,61,8
360717,0,1289,0,40,2,5,2,1,19,61,8
350422,0,1289,0,40,2,6,2,1,40,64,8
330023,0,1289,0,40,2,10,2,1,95,53,8
359912,0,1289,0,40,3,5,2,1,20,19,8
374403,0,1289,0,40,3,2,2,1,14,24,8
336597,0,1289,0,40,2,10,2,1,57,58,8
371895,1,1289,1282,40,2,2,2,1,15,37,8
371143,0,1289,0,40,2,3,2,1,20,50,8
371847,0,1289,0,40,2,2,2,1,17,13,8
356654,0,1289,0,40,3,6,2,1,28,23,8
334840,0,1289,0,40,3,7,2,1,83,41,8
370128,0,1289,0,40,2,3,2,1,24,19,8
378677,0,1289,0,40,3,1,2,1,12,29,8
379097,0,1289,0,40,3,1,2,1,12,80,8
330976,0,1289,0,40,3,12,2,1,78,53,8
364748,0,1289,0,40,2,4,2,1,25,74,8
370068,0,1289,0,40,2,2,2,1,14,58,8
324862,0,1289,0,40,3,9,2,1,50,43,8
349098,0,1289,0,40,2,6,2,1,47,47,8
359005,0,1289,0,40,2,4,2,1,29,48,8
369737,0,1289,0,40,2,3,2,1,13,29,8
349388,0,1289,0,40,3,8,2,1,43,50,8
352260,0,1289,0,40,2,5,2,1,40,46,8
368519,0,1289,0,40,3,3,2,1,14,29,8
326402,0,1289,0,40,2,6,2,1,37,41,8
360594,0,1289,0,40,3,5,2,1,26,52,8
376954,0,1289,0,40,3,2,2,1,12,31,8
361183,0,1289,0,40,3,3,2,1,33,68,8
373918,0,1289,0,40,3,2,2,1,15,33,8
364144,0,1289,0,40,2,4,2,1,27,42,8
377643,0,1289,0,40,2,1,2,1,11,40,8
379142,0,1289,0,40,3,1,2,1,11,31,8
379386,0,1289,0,40,2,1,2,1,11,50,8
379666,0,1289,0,40,3,1,2,1,11,38,8
371741,0,1289,0,40,2,2,2,1,12,35,8
369755,0,1289,0,40,3,2,2,1,21,45,8
333721,1,1289,1270,29.1291,3,13,2,1,57,44,8
359935,0,1289,0,40,2,5,2,1,28,62,8
371239,0,1289,0,40,2,3,2,1,15,42,8
351297,0,1289,0,40,2,5,2,1,38,34,8
336531,0,1289,0,40,2,12,2,1,53,36,8
328031,0,1289,0,40,3,10,2,1,57,26,8
371167,0,1289,0,40,2,2,2,1,20,37,8
332248,0,1289,0,40,3,8,2,1,83,76,8
374450,0,1289,0,40,3,2,2,1,15,28,8
373760,0,1289,0,40,2,2,2,1,12,31,8
345319,0,1289,0,40,3,6,2,1,60,62,8
322254,1,1289,1282,26.4534,3,7,2,1,57,66,8
347784,0,1289,0,40,2,6,2,1,48,101,8
365461,0,1289,0,40,2,5,2,1,24,65,8
343821,0,1289,0,40,2,9,2,1,48,77,8
343107,0,1289,0,40,2,9,2,1,57,72,8
380166,0,1289,0,40,3,1,2,1,10,99,8
380282,0,1289,0,40,3,1,2,1,10,93,8
366130,0,1289,0,40,2,3,2,1,12,74,8
372105,0,1289,0,40,2,2,2,1,14,35,8
335432,0,1289,0,40,2,11,2,1,57,41,8
370459,0,1289,0,40,2,3,2,1,16,31,8
352785,0,1289,0,40,3,5,2,1,40,44,8
376285,0,1289,0,40,2,2,2,1,12,27,8
366272,0,1289,0,40,2,3,2,1,20,33,8
374073,0,1289,0,40,2,3,2,1,15,66,8
367140,0,1289,0,40,2,3,2,1,26,39,8
374419,0,1289,0,40,2,2,2,1,16,11,8
343882,0,1289,0,40,2,7,2,1,46,72,8
373905,0,1289,0,40,2,3,2,1,12,68,8
376578,0,1289,0,40,2,2,2,1,11,27,8
369616,0,1289,0,40,3,3,2,1,17,20,8
376430,0,1289,0,40,2,2,2,1,12,17,8
347465,0,1289,0,40,3,7,2,1,54,33,8
375995,0,1289,0,40,2,2,2,1,15,32,8
349114,0,1289,0,40,3,6,2,1,50,27,8
372985,0,1289,0,40,2,3,2,1,16,19,8
379405,0,1289,0,40,3,2,2,1,10,30,8
378780,0,1289,0,40,3,1,2,1,9,43,8
379993,0,1289,0,40,2,1,2,1,9,12,8
380133,0,1289,0,40,3,1,2,1,9,35,8
380388,0,1289,0,40,3,1,2,1,9,28,8
380664,0,1289,0,40,3,1,2,1,9,26,8
380850,0,1289,0,40,3,1,2,1,9,33,8
380892,0,1289,0,40,3,1,2,1,9,34,8
372988,0,1289,0,40,3,2,2,1,10,61,8
334877,0,1289,0,40,2,12,2,1,48,16,8
369377,1,1289,1271,40,2,3,2,1,15,35,8
369254,0,1289,0,40,3,3,2,1,13,32,8
370988,1,1289,1282,25.9608,3,2,2,1,19,55,8
366719,0,1289,0,40,2,5,2,1,16,27,8
373737,0,1289,0,40,2,3,2,1,11,33,8
372386,0,1289,0,40,2,3,2,1,11,59,8
368232,1,1289,1274,40,2,2,2,1,26,30,8
336018,0,1289,0,40,2,11,2,1,65,28,8
370547,0,1289,0,40,3,3,2,1,14,18,8
361687,0,1289,0,40,3,5,2,1,28,49,8
338886,0,1289,0,40,2,10,2,1,49,41,8
350775,0,1289,0,40,2,8,2,1,36,29,8
357517,0,1289,0,40,2,5,2,1,30,26,8
373076,0,1289,0,40,3,3,2,1,17,46,8
335587,0,1289,0,40,2,7,2,1,75,41,8
349072,0,1289,0,40,2,7,2,1,44,67,8
368565,0,1289,0,40,2,4,2,1,17,57,8
341865,0,1289,0,40,2,8,2,1,63,48,8
354411,0,1289,0,40,2,6,2,1,35,75,8
380347,0,1289,0,40,3,1,2,1,8,59,8
380619,0,1289,0,40,3,1,2,1,8,39,8
380948,0,1289,0,40,2,1,2,1,8,23,8
381090,0,1289,0,40,3,1,2,1,8,69,8
381246,0,1289,0,40,3,1,2,1,8,78,8
363346,0,1289,0,40,3,3,2,1,25,71,8
329354,1,1289,1272,40,2,15,2,1,75,33,8
329797,0,1289,0,40,2,9,2,1,44,25,8
340511,0,1289,0,40,3,9,2,1,52,39,8
356948,0,1289,0,40,3,7,2,1,27,29,8
324861,0,1289,0,40,3,8,2,1,46,10,8
353902,0,1289,0,40,3,8,2,1,27,94,8
366208,0,1289,0,40,3,3,2,1,21,23,8
355205,0,1289,0,40,3,5,2,1,36,80,8
378376,0,1289,0,40,3,2,2,1,8,27,8
325636,0,1289,0,40,3,11,2,1,68,25,8
372496,0,1289,0,40,2,2,2,1,19,22,8
327774,0,1289,0,40,2,10,2,1,57,41,8
378168,0,1289,0,40,3,2,2,1,9,44,8
378047,0,1289,0,40,2,2,2,1,8,30,8
369710,0,1289,0,40,3,3,2,1,21,66,8
363870,0,1289,0,40,2,3,2,1,31,33,8
364350,0,1289,0,40,2,4,2,1,31,36,8
352644,0,1289,0,40,3,5,2,1,43,64,8
352997,0,1289,0,40,3,5,2,1,34,23,8
346028,0,1289,0,40,2,10,2,1,38,41,8
378703,0,1289,0,40,3,2,2,1,9,8,8
337939,1,1289,1255,40,2,9,2,1,52,39,8
372309,0,1289,0,40,2,2,2,1,17,17,8
372238,0,1289,0,40,2,4,2,1,18,40,8
372953,0,1289,0,40,3,3,2,1,12,83,8
353560,0,1289,0,40,3,7,2,1,35,41,8
371271,0,1289,0,40,3,3,2,1,18,52,8
379313,0,1289,0,40,2,2,2,1,9,44,8
371281,0,1289,0,40,2,3,2,1,20,37,8
380761,0,1289,0,40,2,1,2,1,7,43,8
381639,0,1289,0,40,2,1,2,1,7,25,8
381757,0,1289,0,40,2,1,2,1,7,102,8
381829,0,1289,0,40,2,1,2,1,7,24,8
381895,0,1289,0,40,3,1,2,1,7,54,8
381955,0,1289,0,40,3,1,2,1,7,31,8
342263,0,1289,0,40,2,6,2,1,48,49,8
326396,0,1289,0,40,3,5,2,1,16,38,8
359958,0,1289,0,40,3,4,2,1,23,45,8
354308,0,1289,0,40,2,7,2,1,27,38,8
362400,0,1289,0,40,3,4,2,1,24,39,8
373396,0,1289,0,40,3,2,2,1,11,43,8
347930,0,1289,0,40,2,6,2,1,50,50,8
340999,0,1289,0,40,2,11,2,1,49,59,8
332564,0,1289,0,40,3,15,2,1,50,51,8
364364,0,1289,0,40,2,5,2,1,16,26,8
377204,0,1289,0,40,3,2,2,1,9,22,8
378252,0,1289,0,40,3,2,2,1,7,56,8
338790,0,1289,0,40,2,9,2,1,65,67,8
268233,0,1289,0,40,3,25,2,1,143,42,8
359753,0,1289,0,40,2,5,2,1,30,23,8
356588,0,1289,0,40,3,5,2,1,41,55,8
354212,0,1289,0,40,3,6,2,1,25,46,8
376030,0,1289,0,40,3,3,2,1,9,48,8
372909,0,1289,0,40,3,2,2,1,19,42,8
341452,0,1289,0,40,3,9,2,1,49,81,8
273350,0,1289,0,40,2,20,2,1,109,47,8
375828,0,1289,0,40,3,2,2,1,12,39,8
339971,0,1289,0,40,3,12,2,1,55,89,8
357576,0,1289,0,40,3,7,2,1,27,9,8
327240,0,1289,0,40,2,8,2,1,50,22,8
371365,0,1289,0,40,3,4,2,1,15,46,8
329096,0,1289,0,40,3,7,2,1,71,58,8
379056,0,1289,0,40,3,2,2,1,9,36,8
380139,0,1289,0,40,3,2,2,1,7,56,8
380113,0,1289,0,40,3,2,2,1,9,50,8
381574,0,1289,0,40,3,1,2,1,6,88,8
381702,0,1289,0,40,3,1,2,1,6,63,8
381850,0,1289,0,40,2,1,2,1,6,44,8
381994,0,1289,0,40,3,1,2,1,6,47,8
382257,0,1289,0,40,2,1,2,1,6,91,8
382283,0,1289,0,40,3,1,2,1,6,123,8
382375,0,1289,0,40,2,1,2,1,6,105,8
382541,0,1289,0,40,3,1,2,1,6,37,8
382635,0,1289,0,40,3,1,2,1,6,61,8
367203,0,1289,0,40,2,1,2,1,32,30,8
327394,0,1289,0,40,3,5,2,1,54,30,8
356311,0,1289,0,40,2,3,2,1,46,41,8
357711,0,1289,0,40,2,4,2,1,32,50,8
330660,0,1289,0,40,2,14,2,1,79,25,8
369533,0,1289,0,40,2,2,2,1,27,21,8
364650,0,1289,0,40,2,2,2,1,32,95,8
363928,0,1289,0,40,2,3,2,1,31,51,8
373686,0,1289,0,40,2,1,2,1,21,19,8
353600,0,1289,0,40,2,5,2,1,40,50,8
355760,0,1289,0,40,2,5,2,1,36,44,8
342564,0,1289,0,40,2,7,2,1,64,24,8
371309,0,1289,0,40,3,2,2,1,20,40,8
370196,0,1289,0,40,2,2,2,1,21,58,8
367744,0,1289,0,40,3,4,2,1,25,75,8
360302,0,1289,0,40,3,2,2,1,39,29,8
348896,0,1289,0,40,2,7,2,1,39,30,8
369693,0,1289,0,40,3,2,2,1,26,49,8
355779,0,1289,0,40,3,4,2,1,42,41,8
370168,0,1289,0,40,2,2,2,1,23,116,8
375511,0,1289,0,40,3,1,2,1,18,56,8
369194,0,1289,0,40,3,3,2,1,22,41,8
349578,0,1289,0,40,2,8,2,1,44,55,8
359484,0,1289,0,40,3,6,2,1,34,83,8
350778,0,1289,0,40,3,6,2,1,45,15,8
325859,0,1289,0,40,2,4,2,1,36,88,8
333713,0,1289,0,40,3,11,2,1,70,78,8
376306,0,1289,0,40,3,1,2,1,17,73,8
365989,0,1289,0,40,2,2,2,1,24,63,8
330143,0,1289,0,40,2,6,2,1,61,85,8
364282,0,1289,0,40,3,3,2,1,32,15,8
358341,0,1289,0,40,2,5,2,1,40,58,8
372750,0,1289,0,40,3,2,2,1,22,39,8
325185,0,1289,0,40,2,12,2,1,59,29,8
362572,0,1289,0,40,2,5,2,1,27,77,8
357546,0,1289,0,40,3,4,2,1,41,71,8
338284,0,1289,0,40,2,7,2,1,68,56,8
339232,0,1289,0,40,2,9,2,1,54,19,8
360138,0,1289,0,40,3,4,2,1,29,51,8
377303,0,1289,0,40,3,1,2,1,15,46,8
345703,0,1289,0,40,3,9,2,1,37,46,8
324517,0,1289,0,40,3,7,2,1,46,43,8
348002,0,1289,0,40,2,11,2,1,38,14,8
377051,0,1289,0,40,3,1,2,1,14,46,8
370379,0,1289,0,40,3,2,2,1,17,17,8
360702,0,1289,0,40,3,3,2,1,34,51,8
345943,0,1289,0,40,2,8,2,1,45,99,8
357684,0,1289,0,40,3,4,2,1,38,82,8
375449,0,1289,0,40,3,2,2,1,14,19,8
360325,0,1289,0,40,2,6,2,1,24,44,8
370261,0,1289,0,40,2,4,2,1,19,68,8
378479,0,1289,0,40,3,1,2,1,13,32,8
378871,0,1289,0,40,2,1,2,1,13,85,8
341360,0,1289,0,40,3,7,2,1,51,61,8
368373,0,1289,0,40,3,2,2,1,21,20,8
357717,0,1289,0,40,3,4,2,1,31,29,8
352195,0,1289,0,40,3,7,2,1,41,29,8
375660,0,1289,0,40,2,2,2,1,14,35,8
350771,0,1289,0,40,2,6,2,1,45,74,8
350647,1,1289,1225,40,3,8,2,1,42,92,8
362291,0,1289,0,40,2,6,2,1,25,30,8
374504,0,1289,0,40,2,2,2,1,16,37,8
338151,0,1289,0,40,3,9,2,1,65,104,8
364010,0,1289,0,40,2,4,2,1,26,80,8
368332,0,1289,0,40,3,4,2,1,22,20,8
378746,0,1289,0,40,2,1,2,1,12,52,8
379474,0,1289,0,40,3,1,2,1,12,50,8
355847,0,1289,0,40,3,5,2,1,33,37,8
363728,0,1289,0,40,3,3,2,1,25,73,8
327272,0,1289,0,40,2,9,2,1,70,20,8
372627,0,1289,0,40,3,3,2,1,16,68,8
374600,0,1289,0,40,2,2,2,1,16,46,8
374605,0,1289,0,40,3,2,2,1,15,50,8
367216,0,1289,0,40,3,4,2,1,22,74,8
357902,0,1289,0,40,3,6,2,1,37,37,8
379225,0,1289,0,40,2,1,2,1,11,18,8
379401,0,1289,0,40,2,1,2,1,11,16,8
379497,0,1289,0,40,3,1,2,1,11,16,8
380256,0,1289,0,40,2,1,2,1,11,38,8
373625,0,1289,0,40,2,2,2,1,12,87,8
339053,0,1289,0,40,2,9,2,1,59,17,8
344571,0,1289,0,40,3,7,2,1,46,32,8
375997,0,1289,0,40,2,2,2,1,12,40,8
346997,0,1289,0,40,3,7,2,1,49,42,8
332080,0,1289,0,40,2,10,2,1,86,31,8
360156,0,1289,0,40,2,5,2,1,23,54,8
366382,0,1289,0,40,2,5,2,1,18,38,8
376196,0,1289,0,40,3,2,2,1,11,14,8
325390,0,1289,0,40,2,15,2,1,88,30,8
377642,0,1289,0,40,2,2,2,1,12,54,8
378049,0,1289,0,40,3,2,2,1,11,27,8
337392,0,1289,0,40,2,10,2,1,50,47,8
366999,0,1289,0,40,3,4,2,1,20,46,8
335354,0,1289,0,40,2,11,2,1,66,90,8
380392,0,1289,0,40,2,1,2,1,10,57,8
380500,0,1289,0,40,3,1,2,1,10,24,8
380756,0,1289,0,40,2,1,2,1,10,44,8
340184,0,1289,0,40,2,9,2,1,45,68,8
344559,0,1289,0,40,2,6,2,1,58,19,8
337498,0,1289,0,40,3,10,2,1,54,22,8
349977,0,1289,0,40,2,7,2,1,42,67,8
334306,0,1289,0,40,2,9,2,1,59,18,8
357595,0,1289,0,40,2,5,2,1,32,19,8
367068,0,1289,0,40,3,4,2,1,21,50,8
346191,0,1289,0,40,3,7,2,1,48,32,8
324139,0,1289,0,40,2,11,2,1,56,50,8
361958,0,1289,0,40,2,5,2,1,24,31,8
329103,0,1289,0,40,3,11,2,1,63,72,8
342357,0,1289,0,40,2,8,2,1,47,97,8
369515,0,1289,0,40,2,3,2,1,17,41,8
363927,0,1289,0,40,3,4,2,1,26,11,8
330627,0,1289,0,40,3,9,2,1,59,51,8
367186,0,1289,0,40,2,4,2,1,24,42,8
369605,0,1289,0,40,3,4,2,1,26,31,8
377859,0,1289,0,40,2,1,2,1,9,26,8
381008,0,1289,0,40,3,1,2,1,9,24,8
381206,0,1289,0,40,2,1,2,1,9,19,8
381286,0,1289,0,40,3,1,2,1,9,44,8
381368,0,1289,0,40,2,1,2,1,9,46,8
350849,0,1289,0,40,2,7,2,1,38,55,8
373290,0,1289,0,40,2,3,2,1,10,52,8
370900,0,1289,0,40,3,3,2,1,12,41,8
376732,0,1289,0,40,3,2,2,1,9,48,8
323312,0,1289,0,40,2,6,2,1,55,43,8
340108,0,1289,0,40,3,8,2,1,50,46,8
372907,0,1289,0,40,2,3,2,1,15,78,8
365330,0,1289,0,40,2,4,2,1,19,31,8
363672,0,1289,0,40,3,4,2,1,27,54,8
373124,0,1289,0,40,3,3,2,1,12,59,8
335775,0,1289,0,40,2,10,2,1,54,41,8
359439,0,1289,0,40,3,5,2,1,30,51,8
373832,0,1289,0,40,3,2,2,1,16,58,8
331854,0,1289,0,40,2,13,2,1,85,42,8
339809,0,1289,0,40,2,12,2,1,52,30,8
365729,0,1289,0,40,3,4,2,1,29,34,8
352385,0,1289,0,40,3,7,2,1,36,38,8
381061,0,1289,0,40,2,1,2,1,8,95,8
381337,0,1289,0,40,2,1,2,1,8,13,8
381621,0,1289,0,40,2,1,2,1,8,56,8
382085,0,1289,0,40,3,1,2,1,8,33,8
350353,0,1289,0,40,2,4,2,1,42,65,8
361311,0,1289,0,40,3,5,2,1,18,24,8
363055,0,1289,0,40,2,3,2,1,26,31,8
359758,0,1289,0,40,2,5,2,1,27,64,8
363749,0,1289,0,40,2,2,2,1,34,75,8
346255,0,1289,0,40,3,8,2,1,52,28,8
346488,0,1289,0,40,3,5,2,1,45,61,8
331751,0,1289,0,40,3,15,2,1,66,40,8
376688,0,1289,0,40,2,2,2,1,8,43,8
348401,0,1289,0,40,2,9,2,1,40,30,8
369245,0,1289,0,40,3,3,2,1,18,26,8
379083,0,1289,0,40,2,2,2,1,8,33,8
373207,0,1289,0,40,3,3,2,1,15,70,8
371464,0,1289,0,40,3,4,2,1,13,28,8
355278,0,1289,0,40,3,8,2,1,30,35,8
377135,0,1289,0,40,3,2,2,1,8,19,8
349395,0,1289,0,40,3,7,2,1,36,95,8
348829,0,1289,0,40,3,7,2,1,46,31,8
362805,0,1289,0,40,2,6,2,1,17,79,8
379326,0,1289,0,40,3,2,2,1,9,41,8
370959,0,1289,0,40,3,3,2,1,20,77,8
352659,0,1289,0,40,3,7,2,1,34,47,8
349213,0,1289,0,40,2,8,2,1,43,49,8
374967,0,1289,0,40,2,3,2,1,13,46,8
374500,0,1289,0,40,2,3,2,1,15,42,8
364183,0,1289,0,40,3,6,2,1,15,45,8
324802,0,1289,0,40,3,10,2,1,64,44,8
372945,0,1289,0,40,3,3,2,1,18,20,8
378820,0,1289,0,40,2,1,2,1,7,42,8
380733,0,1289,0,40,2,1,2,1,7,43,8
380971,0,1289,0,40,3,1,2,1,7,34,8
381586,0,1289,0,40,3,1,2,1,7,54,8
382098,0,1289,0,40,2,1,2,1,7,30,8
382461,0,1289,0,40,3,1,2,1,7,48,8
382499,0,1289,0,40,2,1,2,1,7,35,8
382523,0,1289,0,40,3,1,2,1,7,22,8
344860,0,1289,0,40,2,6,2,1,58,27,8
342426,0,1289,0,40,2,9,2,1,34,24,8
361905,0,1289,0,40,2,4,2,1,26,30,8
350518,0,1289,0,40,2,7,2,1,36,40,8
339204,0,1289,0,40,3,10,2,1,46,43,8
338130,0,1289,0,40,2,9,2,1,61,62,8
363497,0,1289,0,40,2,4,2,1,25,75,8
347029,0,1289,0,40,2,8,2,1,48,42,8
375000,0,1289,0,40,2,2,2,1,14,48,8
339659,0,1289,0,40,3,11,2,1,42,71,8
376969,0,1289,0,40,2,2,2,1,9,49,8
359053,1,1289,1276,40,2,5,2,1,26,50,8
340422,0,1289,0,40,3,7,2,1,68,42,8
335891,0,1289,0,40,3,10,2,1,60,63,8
374057,0,1289,0,40,2,2,2,1,16,49,8
352761,0,1289,0,40,2,5,2,1,35,29,8
359404,0,1289,0,40,3,6,2,1,32,46,8
350474,0,1289,0,40,3,8,2,1,28,53,8
374966,0,1289,0,40,2,3,2,1,10,53,8
331114,0,1289,0,40,2,11,2,1,77,72,8
357835,0,1289,0,40,3,4,2,1,32,62,8
335760,0,1289,0,40,3,11,2,1,58,37,8
325432,0,1289,0,40,3,7,2,1,46,21,8
335334,0,1289,0,40,3,13,2,1,63,18,8
349170,0,1289,0,40,3,8,2,1,34,52,8
355898,0,1289,0,40,3,5,2,1,22,71,8
375331,0,1289,0,40,3,3,2,1,10,33,8
330146,0,1289,0,40,2,10,2,1,86,48,8
362943,0,1289,0,40,2,5,2,1,30,25,8
349063,0,1289,0,40,3,5,2,1,39,15,8
378699,0,1289,0,40,2,2,2,1,10,45,8
332580,0,1289,0,40,3,10,2,1,78,59,8
379750,0,1289,0,40,2,2,2,1,9,13,8
355994,0,1289,0,40,2,6,2,1,37,59,8
363365,0,1289,0,40,2,5,2,1,33,115,8
326703,0,1289,0,40,3,6,2,1,31,52,8
372160,0,1289,0,40,2,3,2,1,19,58,8
376659,1,1289,1280,40,2,2,2,1,15,37,8
378150,0,1289,0,40,3,2,2,1,12,50,8
339231,0,1289,0,40,2,9,2,1,69,28,8
327669,0,1289,0,40,3,9,2,1,46,84,8
374174,0,1289,0,40,3,3,2,1,15,49,8
369870,0,1289,0,40,2,4,2,1,20,43,8
372167,0,1289,0,40,3,3,2,1,19,44,8
379651,0,1289,0,40,2,2,2,1,10,42,8
380597,0,1289,0,40,3,1,2,1,6,37,8
381283,0,1289,0,40,3,1,2,1,6,53,8
382524,0,1289,0,40,2,1,2,1,6,51,8
382652,0,1289,0,40,2,1,2,1,6,30,8
382769,0,1289,0,40,2,1,2,1,6,67,8
382933,0,1289,0,40,2,1,2,1,6,22,8
369202,0,1289,0,40,3,1,2,1,31,36,8
356786,0,1289,0,40,3,4,2,1,39,32,8
370392,0,1289,0,40,2,1,2,1,26,99,8
356245,0,1289,0,40,3,4,2,1,41,30,8
373249,0,1289,0,40,3,1,2,1,24,47,8
277958,0,1289,0,40,2,25,2,1,131,20,8
372872,0,1289,0,40,2,1,2,1,23,44,8
361239,0,1289,0,40,2,3,2,1,33,44,8
374041,0,1289,0,40,2,1,2,1,22,67,8
342444,0,1289,0,40,2,8,2,1,53,73,8
348188,0,1289,0,40,3,7,2,1,51,44,8
346718,0,1289,0,40,2,5,2,1,56,44,8
333274,0,1289,0,40,3,9,2,1,78,40,8
331268,0,1289,0,40,2,12,2,1,67,58,8
362301,0,1289,0,40,3,4,2,1,34,37,8
371175,0,1289,0,40,2,2,2,1,20,65,8
350307,0,1289,0,40,3,6,2,1,47,23,8
375685,0,1289,0,40,2,1,2,1,18,30,8
347902,0,1289,0,40,2,5,2,1,55,78,8
370693,1,1289,1264,35.6619,3,3,2,1,25,20,8
355267,0,1289,0,40,3,6,2,1,41,40,8
362428,0,1289,0,40,2,4,2,1,30,48,8
332820,0,1289,0,40,2,10,2,1,70,24,8
366479,0,1289,0,40,2,3,2,1,25,63,8
331871,0,1289,0,40,2,15,2,1,66,57,8
356723,0,1289,0,40,3,4,2,1,40,40,8
354489,1,1289,1284,36.3189,2,4,2,1,36,21,8
373603,0,1289,0,40,3,2,2,1,20,37,8
374031,0,1289,0,40,3,2,2,1,19,56,8
345654,0,1289,0,40,2,6,2,1,53,62,8
373795,0,1289,0,40,3,2,2,1,21,16,8
371166,0,1289,0,40,2,4,2,1,21,48,8
350821,0,1289,0,40,3,8,2,1,42,42,8
363320,0,1289,0,40,2,5,2,1,23,33,8
361023,0,1289,0,40,2,6,2,1,32,56,8
344791,0,1289,0,40,3,8,2,1,35,46,8
353968,0,1289,0,40,2,6,2,1,39,25,8
339074,0,1289,0,40,3,6,2,1,73,30,8
281160,0,1289,0,40,2,10,2,1,98,15,8
364471,0,1289,0,40,2,4,2,1,21,21,8
358722,0,1289,0,40,2,6,2,1,30,13,8
360268,0,1289,0,40,3,5,2,1,33,62,8
379274,0,1289,0,40,3,1,2,1,13,38,8
379718,0,1289,0,40,2,1,2,1,13,25,8
366553,0,1289,0,40,2,4,2,1,20,40,8
367082,0,1289,0,40,2,5,2,1,18,46,8
364007,0,1289,0,40,2,3,2,1,31,32,8
331552,0,1289,0,40,2,11,2,1,80,40,8
368612,0,1289,0,40,2,3,2,1,21,27,8
329181,0,1289,0,40,2,17,2,1,73,35,8
351615,0,1289,0,40,3,6,2,1,44,46,8
356500,0,1289,0,40,3,7,2,1,34,44,8
377978,0,1289,0,40,3,2,2,1,13,17,8
374567,0,1289,0,40,2,2,2,1,21,33,8
378125,0,1289,0,40,3,1,2,1,12,43,8
379136,0,1289,0,40,3,1,2,1,12,36,8
380056,0,1289,0,40,2,1,2,1,12,27,8
371001,0,1289,0,40,3,3,2,1,15,36,8
375406,0,1289,0,40,3,2,2,1,12,7,8
307043,0,1289,0,40,3,15,2,1,80,37,8
370269,0,1289,0,40,3,3,2,1,18,19,8
347847,1,1289,1233,40,3,7,2,1,49,54,8
363673,0,1289,0,40,2,6,2,1,20,42,8
372102,0,1289,0,40,3,3,2,1,18,32,8
370889,0,1289,0,40,3,3,2,1,25,89,8
379371,0,1289,0,40,2,1,2,1,11,27,8
380053,0,1289,0,40,3,1,2,1,11,43,8
380125,0,1289,0,40,2,1,2,1,11,47,8
380544,0,1289,0,40,2,1,2,1,11,15,8
380628,0,1289,0,40,3,1,2,1,11,35,8
355604,0,1289,0,40,2,5,2,1,30,24,8
374534,0,1289,0,40,3,2,2,1,13,79,8
326419,0,1289,0,40,2,8,2,1,62,31,8
360108,1,1289,1244,40,3,5,2,1,16,28,8
373046,0,1289,0,40,3,2,2,1,17,54,8
347128,0,1289,0,40,3,6,2,1,53,60,8
335913,0,1289,0,40,3,10,2,1,66,38,8
366298,0,1289,0,40,3,3,2,1,28,52,8
375399,1,1289,1276,40,2,2,2,1,13,22,8
374661,0,1289,0,40,3,2,2,1,17,47,8
351765,0,1289,0,40,2,8,2,1,33,45,8
335870,0,1289,0,40,3,13,2,1,45,30,8
380443,0,1289,0,40,2,1,2,1,10,75,8
380919,0,1289,0,40,2,1,2,1,10,36,8
381362,0,1289,0,40,3,1,2,1,10,26,8
361890,0,1289,0,40,3,4,2,1,18,56,8
370016,0,1289,0,40,2,2,2,1,20,92,8
362326,0,1289,0,40,2,5,2,1,25,25,8
332013,0,1289,0,40,2,11,2,1,68,59,8
337645,0,1289,0,40,2,7,2,1,69,45,8
356559,0,1289,0,40,2,3,2,1,45,60,8
372479,0,1289,0,40,3,3,2,1,18,36,8
354344,0,1289,0,40,2,6,2,1,35,26,8
363789,0,1289,0,40,3,5,2,1,29,30,8
375294,0,1289,0,40,3,2,2,1,17,53,8
370670,0,1289,0,40,3,3,2,1,18,55,8
372326,0,1289,0,40,2,3,2,1,21,37,8
381647,0,1289,0,40,2,1,2,1,9,27,8
381973,0,1289,0,40,3,1,2,1,9,46,8
382041,0,1289,0,40,2,1,2,1,9,64,8
331375,0,1289,0,40,2,12,2,1,62,41,8
350081,0,1289,0,40,3,7,2,1,47,39,8
373314,0,1289,0,40,3,2,2,1,15,69,8
372587,0,1289,0,40,2,3,2,1,14,46,8
359606,0,1289,0,40,2,4,2,1,30,9,8
358486,0,1289,0,40,2,6,2,1,31,34,8
370302,0,1289,0,40,2,3,2,1,17,60,8
326016,0,1289,0,40,3,9,2,1,55,83,8
367229,0,1289,0,40,2,4,2,1,24,22,8
380186,0,1289,0,40,2,2,2,1,9,18,8
373308,0,1289,0,40,3,3,2,1,16,26,8
349943,0,1289,0,40,3,8,2,1,38,56,8
379485,0,1289,0,40,3,2,2,1,10,48,8
327591,0,1289,0,40,3,10,2,1,67,44,8
376037,0,1289,0,40,2,2,2,1,18,68,8
380701,0,1289,0,40,2,1,2,1,8,48,8
381071,0,1289,0,40,3,1,2,1,8,57,8
382263,0,1289,0,40,2,1,2,1,8,27,8
382425,0,1289,0,40,3,1,2,1,8,31,8
364097,0,1289,0,40,3,2,2,1,29,29,8
326298,0,1289,0,40,3,8,2,1,51,35,8
377738,0,1289,0,40,2,2,2,1,9,21,8
327847,0,1289,0,40,2,8,2,1,70,65,8
374386,0,1289,0,40,2,2,2,1,15,53,8
372209,0,1289,0,40,3,3,2,1,15,52,8
362001,0,1289,0,40,2,6,2,1,19,54,8
366152,0,1289,0,40,2,3,2,1,25,27,8
340882,0,1289,0,40,3,9,2,1,49,46,8
365658,0,1289,0,40,2,4,2,1,19,64,8
330983,0,1289,0,40,2,10,2,1,78,55,8
375602,0,1289,0,40,3,3,2,1,11,36,8
344378,0,1289,0,40,3,7,2,1,55,33,8
349784,0,1289,0,40,3,6,2,1,39,33,8
319698,0,1289,0,40,3,10,2,1,61,86,8
357493,0,1289,0,40,3,3,2,1,38,30,8
357796,0,1289,0,40,2,5,2,1,36,27,8
377832,0,1289,0,40,2,2,2,1,13,35,8
360742,0,1289,0,40,3,5,2,1,31,29,8
379659,0,1289,0,40,3,2,2,1,8,47,8
381196,0,1289,0,40,3,2,2,1,8,42,8
378373,0,1289,0,40,3,1,2,1,7,27,8
381299,0,1289,0,40,2,1,2,1,7,60,8
382520,0,1289,0,40,2,1,2,1,7,22,8
366341,0,1289,0,40,3,3,2,1,20,49,8
347764,0,1289,0,40,3,6,2,1,34,71,8
369521,0,1289,0,40,3,4,2,1,13,18,8
373251,0,1289,0,40,3,2,2,1,18,83,8
378504,0,1289,0,40,3,2,2,1,9,59,8
364235,0,1289,0,40,3,4,2,1,25,41,8
359731,0,1289,0,40,3,4,2,1,42,59,8
369630,0,1289,0,40,2,4,2,1,18,20,8
352277,0,1289,0,40,3,6,2,1,39,50,8
343151,0,1289,0,40,3,6,2,1,49,66,8
355269,0,1289,0,40,3,6,2,1,40,37,8
376296,0,1289,0,40,2,2,2,1,12,44,8
349450,0,1289,0,40,3,7,2,1,25,22,8
372700,0,1289,0,40,3,3,2,1,20,14,8
366157,0,1289,0,40,3,4,2,1,25,74,8
376052,0,1289,0,40,3,3,2,1,11,45,8
379864,0,1289,0,40,3,2,2,1,9,87,8
365118,0,1289,0,40,2,5,2,1,20,51,8
376549,0,1289,0,40,3,3,2,1,10,18,8
314382,0,1289,0,40,3,14,2,1,71,44,8
369487,0,1289,0,40,2,2,2,1,28,23,8
332121,0,1289,0,40,3,14,2,1,74,39,8
329632,0,1289,0,40,2,8,2,1,48,35,8
378583,0,1289,0,40,3,2,2,1,12,42,8
328554,0,1289,0,40,2,12,2,1,60,48,8
382458,0,1289,0,40,3,1,2,1,6,48,8
382778,0,1289,0,40,3,1,2,1,6,40,8
382882,0,1289,0,40,2,1,2,1,6,55,8
383186,0,1289,0,40,2,1,2,1,6,26,8
383444,0,1289,0,40,3,1,2,1,6,23,8
383586,0,1289,0,40,3,1,2,1,6,52,8
383612,0,1289,0,40,2,1,2,1,6,123,8
338121,0,1289,0,40,2,8,2,1,65,41,8
345927,0,1289,0,40,3,6,2,1,54,46,8
375630,0,1289,0,40,3,1,2,1,21,23,8
361841,0,1289,0,40,3,4,2,1,29,54,8
340739,0,1289,0,40,2,9,2,1,60,46,8
324733,0,1289,0,40,3,10,2,1,80,39,8
360939,0,1289,0,40,2,5,2,1,30,26,8
340561,0,1289,0,40,3,10,2,1,57,24,8
376593,0,1289,0,40,2,1,2,1,19,68,8
372639,0,1289,0,40,3,2,2,1,22,39,8
361851,0,1289,0,40,3,4,2,1,20,92,8
376264,0,1289,0,40,3,1,2,1,17,36,8
377604,0,1289,0,40,3,1,2,1,17,31,8
335154,0,1289,0,40,3,9,2,1,62,30,8
346513,0,1289,0,40,3,6,2,1,54,97,8
341428,0,1289,0,40,3,9,2,1,49,71,8
327315,0,1289,0,40,3,4,2,1,37,73,8
334296,0,1289,0,40,3,11,2,1,69,46,8
379704,0,1289,0,40,2,1,2,1,14,20,8
369768,0,1289,0,40,2,3,2,1,17,35,8
365559,0,1289,0,40,3,3,2,1,26,30,8
367743,0,1289,0,40,2,3,2,1,24,34,8
377651,0,1289,0,40,2,1,2,1,13,75,8
374287,0,1289,0,40,2,2,2,1,13,52,8
364819,0,1289,0,40,2,3,2,1,26,49,8
343436,0,1289,0,40,2,7,2,1,54,75,8
344185,0,1289,0,40,2,8,2,1,46,28,8
337833,0,1289,0,40,2,11,2,1,68,44,8
339929,0,1289,0,40,3,8,2,1,46,34,8
352273,0,1289,0,40,3,7,2,1,44,41,8
380177,0,1289,0,40,2,1,2,1,12,50,8
344971,0,1289,0,40,3,9,2,1,45,94,8
373461,0,1289,0,40,2,2,2,1,18,88,8
367994,0,1289,0,40,2,3,2,1,25,57,8
376785,0,1289,0,40,2,2,2,1,17,102,8
381062,0,1289,0,40,3,1,2,1,11,35,8
346309,1,1289,1285,40,2,7,2,1,44,25,8
354234,0,1289,0,40,3,6,2,1,28,59,8
372586,0,1289,0,40,2,2,2,1,20,52,8
367925,0,1289,0,40,2,4,2,1,22,69,8
372350,0,1289,0,40,3,3,2,1,19,106,8
361674,0,1289,0,40,3,4,2,1,29,66,8
351667,0,1289,0,40,2,7,2,1,37,43,8
361256,0,1289,0,40,3,3,2,1,40,25,8
381903,0,1289,0,40,2,1,2,1,10,31,8
364487,0,1289,0,40,2,3,2,1,32,33,8
375677,0,1289,0,40,2,2,2,1,12,63,8
378295,0,1289,0,40,2,2,2,1,10,36,8
376655,0,1289,0,40,3,2,2,1,15,39,8
346260,0,1289,0,40,3,6,2,1,55,36,8
378284,0,1289,0,40,2,2,2,1,14,36,8
365624,0,1289,0,40,3,4,2,1,23,43,8
380063,0,1289,0,40,2,1,2,1,9,39,8
381930,0,1289,0,40,3,1,2,1,9,28,8
382477,0,1289,0,40,3,1,2,1,9,57,8
371364,0,1289,0,40,3,2,2,1,21,36,8
357892,0,1289,0,40,2,8,2,1,28,61,8
338734,0,1289,0,40,2,10,2,1,54,55,8
358472,0,1289,0,40,3,6,2,1,26,61,8
359497,0,1289,0,40,3,6,2,1,26,57,8
364912,0,1289,0,40,2,3,2,1,31,15,8
361155,0,1289,0,40,2,6,2,1,30,34,8
335157,0,1289,0,40,3,12,2,1,63,45,8
333724,0,1289,0,40,2,9,2,1,76,26,8
371145,0,1289,0,40,3,4,2,1,20,62,8
379605,0,1289,0,40,2,2,2,1,11,22,8
366995,0,1289,0,40,2,5,2,1,30,51,8
381187,0,1289,0,40,3,1,2,1,8,39,8
382240,0,1289,0,40,2,1,2,1,8,33,8
355433,0,1289,0,40,3,7,2,1,27,60,8
373445,0,1289,0,40,3,4,2,1,15,30,8
344991,0,1289,0,40,3,10,2,1,30,43,8
376569,0,1289,0,40,3,3,2,1,11,64,8
371774,0,1289,0,40,3,3,2,1,17,61,8
334616,1,1289,1285,34.11,2,10,2,1,66,44,8
345232,0,1289,0,40,2,7,2,1,49,33,8
333992,0,1289,0,40,3,10,2,1,84,62,8
372458,0,1289,0,40,2,3,2,1,19,52,8
356272,0,1289,0,40,2,7,2,1,36,48,8
373983,1,1289,1285,32.5215,2,5,2,1,12,52,8
379919,0,1289,0,40,2,1,2,1,7,26,8
383134,0,1289,0,40,3,1,2,1,7,35,8
383606,0,1289,0,40,2,1,2,1,7,34,8
383700,0,1289,0,40,3,1,2,1,7,81,8
373853,0,1289,0,40,2,2,2,1,12,53,8
376041,0,1289,0,40,2,2,2,1,13,52,8
363478,0,1289,0,40,2,5,2,1,23,21,8
327123,0,1289,0,40,3,4,2,1,28,22,8
348088,0,1289,0,40,3,9,2,1,38,58,8
327323,0,1289,0,40,2,8,2,1,76,31,8
360858,0,1289,0,40,3,6,2,1,21,80,8
379105,0,1289,0,40,2,2,2,1,11,59,8
358301,0,1289,0,40,2,5,2,1,34,29,8
336974,0,1289,0,40,2,10,2,1,62,87,8
361158,1,1289,1253,40,3,4,2,1,27,38,8
333730,0,1289,0,40,3,10,2,1,74,15,8
357016,0,1289,0,40,3,4,2,1,42,17,8
343936,0,1289,0,40,2,10,2,1,44,76,8
382780,0,1289,0,40,2,1,2,1,6,35,8
383124,0,1289,0,40,3,1,2,1,6,57,8
383479,0,1289,0,40,2,1,2,1,6,41,8
383687,0,1289,0,40,3,1,2,1,6,53,8
384106,0,1289,0,40,2,1,2,1,6,41,8
324752,0,1289,0,40,3,7,2,1,58,25,8
332376,0,1289,0,40,3,7,2,1,76,56,8
379062,0,1289,0,40,2,1,2,1,15,41,8
368499,0,1289,0,40,2,3,2,1,25,79,8
359538,0,1289,0,40,3,6,2,1,36,60,8
359380,0,1289,0,40,3,4,2,1,35,61,8
346937,0,1289,0,40,2,7,2,1,55,45,8
382597,0,1289,0,40,3,1,2,1,10,35,8
356813,0,1289,0,40,2,8,2,1,39,38,8
345845,0,1289,0,40,3,10,2,1,48,34,8
364395,0,1289,0,40,3,5,2,1,22,35,8
336778,0,1289,0,40,2,12,2,1,53,42,8
332045,0,1289,0,40,2,13,2,1,80,33,8
379883,0,1289,0,40,2,2,2,1,9,45,8
358762,0,1289,0,40,3,5,2,1,32,25,8
369782,0,1289,0,40,3,3,2,1,19,42,8
379957,0,1289,0,40,3,2,2,1,12,14,8
351062,0,1289,0,40,2,8,2,1,35,72,8
368257,0,1289,0,40,3,3,2,1,24,19,8
380523,0,1289,0,40,2,2,2,1,7,41,8
369369,0,1289,0,40,2,3,2,1,23,35,8
367149,0,1289,0,40,2,4,2,1,23,24,8
381015,0,1289,0,40,2,0,2,1,5,20,8
381259,0,1289,0,40,3,0,2,1,5,28,8
381628,0,1289,0,40,3,0,2,1,5,42,8
381756,0,1289,0,40,2,0,2,1,5,73,8
382032,0,1289,0,40,3,0,2,1,5,34,8
382134,0,1289,0,40,3,0,2,1,5,35,8
382270,0,1289,0,40,2,0,2,1,5,71,8
382398,0,1289,0,40,3,0,2,1,5,48,8
382462,0,1289,0,40,3,0,2,1,5,58,8
382526,0,1289,0,40,3,0,2,1,5,31,8
382590,0,1289,0,40,3,0,2,1,5,32,8
382654,0,1289,0,40,3,0,2,1,5,26,8
382744,0,1289,0,40,2,0,2,1,5,33,8
382840,0,1289,0,40,3,0,2,1,5,60,8
382936,0,1289,0,40,3,0,2,1,5,56,8
383040,0,1289,0,40,2,0,2,1,5,41,8
383072,0,1289,0,40,2,0,2,1,5,32,8
383120,0,1289,0,40,3,0,2,1,5,41,8
383152,0,1289,0,40,2,0,2,1,5,18,8
383200,0,1289,0,40,2,0,2,1,5,42,8
383293,0,1289,0,40,2,0,2,1,5,14,8
383341,0,1289,0,40,3,0,2,1,5,56,8
383373,0,1289,0,40,3,0,2,1,5,32,8
383409,0,1289,0,40,3,0,2,1,5,27,8
383425,0,1289,0,40,2,0,2,1,5,54,8
383441,0,1289,0,40,2,0,2,1,5,39,8
383457,0,1289,0,40,2,0,2,1,5,49,8
383473,0,1289,0,40,3,0,2,1,5,23,8
383505,0,1289,0,40,3,0,2,1,5,35,8
383537,0,1289,0,40,2,0,2,1,5,19,8
383553,0,1289,0,40,2,0,2,1,5,59,8
383585,0,1289,0,40,2,0,2,1,5,30,8
383609,0,1289,0,40,3,0,2,1,5,18,8
383625,0,1289,0,40,2,0,2,1,5,32,8
383657,0,1289,0,40,3,0,2,1,5,22,8
383673,0,1289,0,40,2,0,2,1,5,73,8
383705,0,1289,0,40,2,0,2,1,5,71,8
383721,0,1289,0,40,3,0,2,1,5,24,8
383769,0,1289,0,40,2,0,2,1,5,46,8
383833,0,1289,0,40,3,0,2,1,5,82,8
383841,0,1289,0,40,2,0,2,1,5,65,8
383857,0,1289,0,40,3,0,2,1,5,46,8
383865,0,1289,0,40,2,0,2,1,5,36,8
383881,0,1289,0,40,2,0,2,1,5,37,8
383897,0,1289,0,40,3,0,2,1,5,35,8
383905,0,1289,0,40,2,0,2,1,5,46,8
383929,0,1289,0,40,3,0,2,1,5,24,8
383945,0,1289,0,40,2,0,2,1,5,16,8
383953,0,1289,0,40,3,0,2,1,5,45,8
383961,0,1289,0,40,3,0,2,1,5,37,8
384033,0,1289,0,40,2,0,2,1,5,21,8
384041,0,1289,0,40,2,0,2,1,5,33,8
384049,0,1289,0,40,2,0,2,1,5,101,8
384057,0,1289,0,40,3,0,2,1,5,16,8
384073,0,1289,0,40,2,0,2,1,5,39,8
384105,0,1289,0,40,3,0,2,1,5,55,8
384137,0,1289,0,40,2,0,2,1,5,50,8
384161,0,1289,0,40,2,0,2,1,5,40,8
384193,0,1289,0,40,2,0,2,1,5,52,8
384201,0,1289,0,40,3,0,2,1,5,76,8
384209,0,1289,0,40,2,0,2,1,5,32,8
384217,0,1289,0,40,2,0,2,1,5,53,8
384225,0,1289,0,40,2,0,2,1,5,52,8
384241,0,1289,0,40,3,0,2,1,5,52,8
384265,0,1289,0,40,2,0,2,1,5,49,8
384305,0,1289,0,40,3,0,2,1,5,69,8
384313,0,1289,0,40,2,0,2,1,5,16,8
384337,0,1289,0,40,2,0,2,1,5,64,8
384353,0,1289,0,40,2,0,2,1,5,76,8
384361,0,1289,0,40,3,0,2,1,5,48,8
384377,0,1289,0,40,2,0,2,1,5,73,8
384385,0,1289,0,40,2,0,2,1,5,20,8
384401,0,1289,0,40,2,0,2,1,5,37,8
384425,0,1289,0,40,2,0,2,1,5,28,8
384433,0,1289,0,40,2,0,2,1,5,39,8
384440,0,1289,0,40,2,0,2,1,5,50,8
384448,0,1289,0,40,2,0,2,1,5,57,8
384456,0,1289,0,40,2,0,2,1,5,46,8
384464,0,1289,0,40,3,0,2,1,5,73,8
384480,0,1289,0,40,3,0,2,1,5,46,8
384492,0,1289,0,40,2,0,2,1,5,49,8
384508,0,1289,0,40,2,0,2,1,5,24,8
384516,0,1289,0,40,2,0,2,1,5,22,8
384520,0,1289,0,40,3,0,2,1,5,35,8
384528,0,1289,0,40,2,0,2,1,5,51,8
384532,0,1289,0,40,2,0,2,1,5,53,8
384536,0,1289,0,40,2,0,2,1,5,72,8
384544,0,1289,0,40,3,0,2,1,5,22,8
384556,0,1289,0,40,3,0,2,1,5,41,8
384560,0,1289,0,40,3,0,2,1,5,24,8
384564,0,1289,0,40,2,0,2,1,5,48,8
384572,0,1289,0,40,2,0,2,1,5,43,8
384588,0,1289,0,40,3,0,2,1,5,60,8
384592,0,1289,0,40,2,0,2,1,5,52,8
384596,0,1289,0,40,3,0,2,1,5,47,8
384600,0,1289,0,40,3,0,2,1,5,32,8
384604,0,1289,0,40,3,0,2,1,5,13,8
384608,0,1289,0,40,3,0,2,1,5,79,8
384616,0,1289,0,40,2,0,2,1,5,37,8
384620,0,1289,0,40,3,0,2,1,5,42,8
384624,0,1289,0,40,2,0,2,1,5,35,8
384628,0,1289,0,40,3,0,2,1,5,32,8
384640,0,1289,0,40,3,0,2,1,5,47,8
384656,0,1289,0,40,2,0,2,1,5,37,8
384660,0,1289,0,40,3,0,2,1,5,30,8
384664,0,1289,0,40,3,0,2,1,5,49,8
384672,0,1289,0,40,3,0,2,1,5,70,8
384676,0,1289,0,40,3,0,2,1,5,42,8
384688,0,1289,0,40,3,0,2,1,5,54,8
384696,0,1289,0,40,2,0,2,1,5,55,8
384708,0,1289,0,40,2,0,2,1,5,27,8
384712,0,1289,0,40,2,0,2,1,5,23,8
384720,0,1289,0,40,3,0,2,1,5,33,8
384724,0,1289,0,40,3,0,2,1,5,25,8
384736,0,1289,0,40,2,0,2,1,5,32,8
384740,0,1289,0,40,2,0,2,1,5,38,8
384752,0,1289,0,40,2,0,2,1,5,45,8
384756,0,1289,0,40,3,0,2,1,5,47,8
384764,0,1289,0,40,3,0,2,1,5,22,8
384768,0,1289,0,40,3,0,2,1,5,52,8
384772,0,1289,0,40,3,0,2,1,5,39,8
384780,0,1289,0,40,2,0,2,1,5,68,8
384792,0,1289,0,40,2,0,2,1,5,67,8
384800,0,1289,0,40,3,0,2,1,5,61,8
384808,0,1289,0,40,3,0,2,1,5,27,8
384812,0,1289,0,40,3,0,2,1,5,52,8
384816,0,1289,0,40,3,0,2,1,5,28,8
384820,0,1289,0,40,3,0,2,1,5,61,8
384832,0,1289,0,40,2,0,2,1,5,45,8
384844,0,1289,0,40,3,0,2,1,5,48,8
384848,0,1289,0,40,3,0,2,1,5,27,8
384852,0,1289,0,40,2,0,2,1,5,68,8
384860,0,1289,0,40,2,0,2,1,5,47,8
384876,0,1289,0,40,2,0,2,1,5,9,8
384880,0,1289,0,40,2,0,2,1,5,63,8
384896,0,1289,0,40,2,0,2,1,5,36,8
384900,0,1289,0,40,3,0,2,1,5,36,8
384904,0,1289,0,40,3,0,2,1,5,55,8
384916,0,1289,0,40,3,0,2,1,5,29,8
384920,0,1289,0,40,3,0,2,1,5,32,8
384924,0,1289,0,40,3,0,2,1,5,79,8
384928,0,1289,0,40,2,0,2,1,5,69,8
384940,0,1289,0,40,3,0,2,1,5,36,8
384944,0,1289,0,40,3,0,2,1,5,40,8
384952,0,1289,0,40,3,0,2,1,5,48,8
384960,0,1289,0,40,2,0,2,1,5,70,8
384968,0,1289,0,40,3,0,2,1,5,34,8
384972,0,1289,0,40,3,0,2,1,5,55,8
384976,0,1289,0,40,3,0,2,1,5,83,8
384980,0,1289,0,40,3,0,2,1,5,49,8
384984,0,1289,0,40,2,0,2,1,5,52,8
384988,0,1289,0,40,2,0,2,1,5,41,8
384996,0,1289,0,40,2,0,2,1,5,50,8
385000,0,1289,0,40,2,0,2,1,5,40,8
385004,0,1289,0,40,3,0,2,1,5,33,8
385012,0,1289,0,40,3,0,2,1,5,38,8
385014,0,1289,0,40,3,0,2,1,5,21,8
385016,0,1289,0,40,3,0,2,1,5,18,8
385018,0,1289,0,40,3,0,2,1,5,44,8
385022,0,1289,0,40,2,0,2,1,5,71,8
385028,0,1289,0,40,3,0,2,1,5,25,8
385038,0,1289,0,40,2,0,2,1,5,55,8
385042,0,1289,0,40,2,0,2,1,5,51,8
385046,0,1289,0,40,2,0,2,1,5,104,8
385048,0,1289,0,40,3,0,2,1,5,51,8
385050,0,1289,0,40,3,0,2,1,5,33,8
385054,0,1289,0,40,3,0,2,1,5,22,8
385058,0,1289,0,40,3,0,2,1,5,17,8
385060,0,1289,0,40,3,0,2,1,5,25,8
385062,0,1289,0,40,2,0,2,1,5,128,8
385064,0,1289,0,40,2,0,2,1,5,63,8
385066,0,1289,0,40,3,0,2,1,5,21,8
385074,0,1289,0,40,2,0,2,1,5,57,8
385076,0,1289,0,40,2,0,2,1,5,53,8
385078,0,1289,0,40,2,0,2,1,5,50,8
385080,0,1289,0,40,3,0,2,1,5,28,8
385084,0,1289,0,40,3,0,2,1,5,23,8
385088,0,1289,0,40,2,0,2,1,5,58,8
385100,0,1289,0,40,2,0,2,1,5,67,8
385104,0,1289,0,40,2,0,2,1,5,40,8
385106,0,1289,0,40,2,0,2,1,5,59,8
385112,0,1289,0,40,3,0,2,1,5,88,8
385116,0,1289,0,40,3,0,2,1,5,33,8
385126,0,1289,0,40,2,0,2,1,5,50,8
385128,0,1289,0,40,2,0,2,1,5,41,8
385130,0,1289,0,40,3,0,2,1,5,23,8
385136,0,1289,0,40,3,0,2,1,5,23,8
385138,0,1289,0,40,3,0,2,1,5,30,8
385140,0,1289,0,40,2,0,2,1,5,43,8
385142,0,1289,0,40,2,0,2,1,5,50,8
385144,0,1289,0,40,2,0,2,1,5,26,8
385148,0,1289,0,40,2,0,2,1,5,40,8
385150,0,1289,0,40,2,0,2,1,5,34,8
385152,0,1289,0,40,3,0,2,1,5,20,8
385156,0,1289,0,40,2,0,2,1,5,56,8
385158,0,1289,0,40,3,0,2,1,5,22,8
385162,0,1289,0,40,3,0,2,1,5,48,8
385164,0,1289,0,40,3,0,2,1,5,33,8
385168,0,1289,0,40,3,0,2,1,5,41,8
385174,0,1289,0,40,3,0,2,1,5,33,8
385178,0,1289,0,40,3,0,2,1,5,59,8
385180,0,1289,0,40,2,0,2,1,5,30,8
385184,0,1289,0,40,2,0,2,1,5,30,8
385186,0,1289,0,40,3,0,2,1,5,51,8
385190,0,1289,0,40,3,0,2,1,5,42,8
385194,0,1289,0,40,3,0,2,1,5,32,8
385200,0,1289,0,40,3,0,2,1,5,27,8
385206,0,1289,0,40,3,0,2,1,5,18,8
385208,0,1289,0,40,2,0,2,1,5,27,8
385210,0,1289,0,40,3,0,2,1,5,55,8
385214,0,1289,0,40,3,0,2,1,5,31,8
385216,0,1289,0,40,3,0,2,1,5,53,8
385220,0,1289,0,40,2,0,2,1,5,46,8
385222,0,1289,0,40,3,0,2,1,5,32,8
385226,0,1289,0,40,3,0,2,1,5,51,8
385228,0,1289,0,40,2,0,2,1,5,37,8
385230,0,1289,0,40,2,0,2,1,5,99,8
385232,0,1289,0,40,2,0,2,1,5,31,8
385234,0,1289,0,40,2,0,2,1,5,40,8
385238,0,1289,0,40,2,0,2,1,5,59,8
385240,0,1289,0,40,3,0,2,1,5,26,8
385246,0,1289,0,40,2,0,2,1,5,33,8
385250,0,1289,0,40,3,0,2,1,5,41,8
385254,0,1289,0,40,2,0,2,1,5,69,8
385262,0,1289,0,40,3,0,2,1,5,24,8
385266,0,1289,0,40,3,0,2,1,5,78,8
385268,0,1289,0,40,3,0,2,1,5,39,8
385270,0,1289,0,40,2,0,2,1,5,60,8
385272,0,1289,0,40,2,0,2,1,5,23,8
385274,0,1289,0,40,3,0,2,1,5,56,8
385278,0,1289,0,40,3,0,2,1,5,42,8
385280,0,1289,0,40,2,0,2,1,5,54,8
385282,0,1289,0,40,2,0,2,1,5,26,8
385284,0,1289,0,40,2,0,2,1,5,69,8
385290,0,1289,0,40,3,0,2,1,5,40,8
385300,2,1289,0,40,3,0,2,1,5,18,8
385302,0,1289,0,40,2,0,2,1,5,45,8
385304,0,1289,0,40,3,0,2,1,5,64,8
385306,0,1289,0,40,3,0,2,1,5,44,8
385312,0,1289,0,40,2,0,2,1,5,12,8
385316,0,1289,0,40,2,0,2,1,5,33,8
385318,0,1289,0,40,2,0,2,1,5,36,8
385320,0,1289,0,40,3,0,2,1,5,45,8
385322,0,1289,0,40,3,0,2,1,5,68,8
385324,0,1289,0,40,3,0,2,1,5,32,8
385330,0,1289,0,40,3,0,2,1,5,30,8
385336,0,1289,0,40,3,0,2,1,5,29,8
385340,0,1289,0,40,2,0,2,1,5,46,8
385350,0,1289,0,40,3,0,2,1,5,23,8
385354,0,1289,0,40,2,0,2,1,5,30,8
385358,0,1289,0,40,3,0,2,1,5,36,8
385362,0,1289,0,40,2,0,2,1,5,19,8
385368,0,1289,0,40,3,0,2,1,5,86,8
385372,0,1289,0,40,2,0,2,1,5,10,8
385374,0,1289,0,40,2,0,2,1,5,29,8
385378,0,1289,0,40,2,0,2,1,5,49,8
385380,0,1289,0,40,3,0,2,1,5,44,8
385384,0,1289,0,40,2,0,2,1,5,42,8
385386,0,1289,0,40,3,0,2,1,5,62,8
385388,0,1289,0,40,3,0,2,1,5,43,8
385390,0,1289,0,40,2,0,2,1,5,42,8
385398,0,1289,0,40,3,0,2,1,5,75,8
385400,0,1289,0,40,2,0,2,1,5,37,8
385402,0,1289,0,40,3,0,2,1,5,53,8
385404,0,1289,0,40,2,0,2,1,5,73,8
385406,0,1289,0,40,2,0,2,1,5,33,8
385408,0,1289,0,40,2,0,2,1,5,12,8
385410,0,1289,0,40,3,0,2,1,5,41,8
385414,0,1289,0,40,2,0,2,1,5,26,8
385418,0,1289,0,40,3,0,2,1,5,34,8
385420,0,1289,0,40,3,0,2,1,5,27,8
385426,0,1289,0,40,2,0,2,1,5,80,8
385428,0,1289,0,40,3,0,2,1,5,28,8
385430,0,1289,0,40,2,0,2,1,5,38,8
385434,0,1289,0,40,3,0,2,1,5,63,8
385436,0,1289,0,40,2,0,2,1,5,31,8
385442,0,1289,0,40,2,0,2,1,5,59,8
385446,0,1289,0,40,2,0,2,1,5,68,8
385450,0,1289,0,40,2,0,2,1,5,39,8
385458,0,1289,0,40,3,0,2,1,5,30,8
385460,0,1289,0,40,2,0,2,1,5,25,8
385462,0,1289,0,40,3,0,2,1,5,19,8
385464,0,1289,0,40,2,0,2,1,5,65,8
385470,0,1289,0,40,3,0,2,1,5,23,8
385474,0,1289,0,40,2,0,2,1,5,55,8
385478,0,1289,0,40,2,0,2,1,5,48,8
385480,0,1289,0,40,3,0,2,1,5,64,8
385482,0,1289,0,40,2,0,2,1,5,50,8
385486,0,1289,0,40,2,0,2,1,5,38,8
385488,0,1289,0,40,2,0,2,1,5,37,8
385492,0,1289,0,40,2,0,2,1,5,32,8
385496,0,1289,0,40,3,0,2,1,5,39,8
385498,0,1289,0,40,2,0,2,1,5,42,8
385500,0,1289,0,40,2,0,2,1,5,80,8
385504,0,1289,0,40,2,0,2,1,5,26,8
385506,0,1289,0,40,3,0,2,1,5,77,8
385512,0,1289,0,40,2,0,2,1,5,22,8
385514,0,1289,0,40,3,0,2,1,5,60,8
385516,0,1289,0,40,2,0,2,1,5,63,8
385520,0,1289,0,40,2,0,2,1,5,36,8
385528,0,1289,0,40,2,0,2,1,5,36,8
385532,0,1289,0,40,2,0,2,1,5,47,8
385534,0,1289,0,40,2,0,2,1,5,90,8
385536,0,1289,0,40,3,0,2,1,5,31,8
385538,0,1289,0,40,3,0,2,1,5,32,8
385546,0,1289,0,40,2,0,2,1,5,68,8
385552,0,1289,0,40,3,0,2,1,5,79,8
385554,0,1289,0,40,2,0,2,1,5,57,8
385556,0,1289,0,40,3,0,2,1,5,50,8
385558,0,1289,0,40,2,0,2,1,5,60,8
385564,0,1289,0,40,2,0,2,1,5,54,8
385568,0,1289,0,40,2,0,2,1,5,47,8
385570,0,1289,0,40,2,0,2,1,5,42,8
385572,0,1289,0,40,2,0,2,1,5,29,8
385574,0,1289,0,40,3,0,2,1,5,38,8
385576,0,1289,0,40,3,0,2,1,5,66,8
385578,0,1289,0,40,2,0,2,1,5,53,8
373532,0,1289,0,40,2,1,2,1,7,52,8
369160,0,1289,0,40,3,2,2,1,11,39,8
375822,0,1289,0,40,2,1,2,1,5,19,8
351444,0,1289,0,40,3,6,2,1,29,69,8
374974,0,1289,0,40,2,2,2,1,7,57,8
356143,0,1289,0,40,2,4,2,1,32,41,8
366666,0,1289,0,40,2,2,2,1,20,59,8
354282,0,1289,0,40,2,5,2,1,32,60,8
346614,1,1289,1274,37.4169,3,7,2,1,23,82,8
376488,0,1289,0,40,2,1,2,1,5,80,8
354392,0,1289,0,40,2,3,2,1,35,32,8
371171,0,1289,0,40,3,1,2,1,17,20,8
373657,0,1289,0,40,2,1,2,1,13,55,8
346176,0,1289,0,40,3,7,2,1,47,41,8
336798,0,1289,0,40,2,8,2,1,60,62,8
344244,0,1289,0,40,2,7,2,1,44,35,8
377886,0,1289,0,40,3,1,2,1,6,95,8
362951,0,1289,0,40,3,4,2,1,15,23,8
321217,0,1289,0,40,2,8,2,1,59,58,8
362271,0,1289,0,40,3,2,2,1,25,53,8
346257,0,1289,0,40,3,7,2,1,43,37,8
372120,0,1289,0,40,3,2,2,1,14,51,8
374102,0,1289,0,40,2,2,2,1,10,17,8
359136,0,1289,0,40,2,6,2,1,21,51,8
324153,0,1289,0,40,2,11,2,1,56,37,8
369208,0,1289,0,40,3,2,2,1,17,69,8
314275,0,1289,0,40,3,13,2,1,75,92,8
378318,0,1289,0,40,3,1,2,1,6,40,8
375692,0,1289,0,40,3,2,2,1,6,56,8
365900,0,1289,0,40,2,2,2,1,24,40,8
359078,0,1289,0,40,3,4,2,1,29,80,8
342112,0,1289,0,40,2,6,2,1,58,30,8
358212,0,1289,0,40,3,3,2,1,32,47,8
345965,0,1289,0,40,2,8,2,1,40,40,8
375333,0,1289,0,40,2,1,2,1,11,67,8
369437,0,1289,0,40,3,2,2,1,17,62,8
347313,0,1289,0,40,3,7,2,1,41,86,8
365106,0,1289,0,40,3,3,2,1,19,23,8
338370,0,1289,0,40,2,8,2,1,59,55,8
340670,0,1289,0,40,3,10,2,1,51,22,8
377232,0,1289,0,40,3,1,2,1,9,51,8
355995,0,1289,0,40,3,4,2,1,31,53,8
355406,0,1289,0,40,2,4,2,1,39,65,8
363104,0,1289,0,40,3,5,2,1,24,67,8
378188,0,1289,0,40,2,1,2,1,7,33,8
335834,0,1289,0,40,3,10,2,1,50,58,8
358343,0,1289,0,40,2,5,2,1,26,74,8
378535,0,1289,0,40,2,1,2,1,6,36,8
368889,0,1289,0,40,2,3,2,1,12,23,8
334029,0,1289,0,40,3,12,2,1,56,49,8
377547,0,1289,0,40,3,1,2,1,5,54,8
379596,0,1289,0,40,2,1,2,1,5,62,8
335807,0,1289,0,40,2,10,2,1,56,35,8
371064,0,1289,0,40,3,1,2,1,20,63,8
373237,0,1289,0,40,2,1,2,1,17,38,8
364357,0,1289,0,40,2,3,2,1,23,45,8
353636,0,1289,0,40,2,5,2,1,36,45,8
374704,0,1289,0,40,2,1,2,1,14,40,8
341832,0,1289,0,40,3,8,2,1,53,37,8
375500,0,1289,0,40,3,1,2,1,13,22,8
376277,0,1289,0,40,2,1,2,1,12,41,8
368379,0,1289,0,40,3,2,2,1,16,28,8
319878,0,1289,0,40,2,9,2,1,87,27,8
367004,0,1289,0,40,3,3,2,1,19,104,8
369257,0,1289,0,40,2,2,2,1,14,50,8
360500,0,1289,0,40,3,5,2,1,25,22,8
376370,0,1289,0,40,2,1,2,1,10,37,8
362214,0,1289,0,40,3,3,2,1,28,28,8
367929,0,1289,0,40,2,3,2,1,13,33,8
377600,0,1289,0,40,2,1,2,1,9,14,8
358187,0,1289,0,40,3,4,2,1,26,42,8
373713,0,1289,0,40,3,2,2,1,11,40,8
370485,0,1289,0,40,2,3,2,1,12,24,8
353411,0,1289,0,40,3,6,2,1,29,85,8
323165,0,1289,0,40,2,8,2,1,57,20,8
377195,0,1289,0,40,2,1,2,1,8,44,8
378394,0,1289,0,40,2,1,2,1,8,53,8
359133,0,1289,0,40,2,4,2,1,25,59,8
339351,0,1289,0,40,2,8,2,1,52,28,8
320096,0,1289,0,40,3,11,2,1,46,62,8
360207,0,1289,0,40,3,5,2,1,19,26,8
378259,0,1289,0,40,3,1,2,1,7,41,8
338653,0,1289,0,40,2,6,2,1,56,49,8
348983,0,1289,0,40,2,4,2,1,41,68,8
361013,0,1289,0,40,2,4,2,1,19,31,8
375437,0,1289,0,40,3,2,2,1,7,58,8
371371,0,1289,0,40,2,3,2,1,12,38,8
353027,0,1289,0,40,3,7,2,1,39,38,8
372762,0,1289,0,40,2,3,2,1,12,30,8
357355,0,1289,0,40,2,3,2,1,40,36,8
348187,0,1289,0,40,2,8,2,1,38,45,8
378289,0,1289,0,40,3,1,2,1,6,56,8
327929,1,1289,1251,40,3,8,2,1,52,47,8
356051,0,1289,0,40,3,6,2,1,21,55,8
368092,0,1289,0,40,3,4,2,1,15,38,8
376633,0,1289,0,40,2,2,2,1,6,50,8
348143,0,1289,0,40,2,6,2,1,45,28,8
352308,0,1289,0,40,2,8,2,1,28,31,8
365277,0,1289,0,40,3,5,2,1,13,85,8
378638,0,1289,0,40,2,2,2,1,6,31,8
365901,0,1289,0,40,3,5,2,1,24,117,8
380206,0,1289,0,40,3,1,2,1,5,63,8
348224,0,1289,0,40,3,5,2,1,43,52,8
368607,0,1289,0,40,2,1,2,1,23,52,8
326798,0,1289,0,40,2,5,2,1,57,22,8
368861,0,1289,0,40,3,1,2,1,21,65,8
359903,0,1289,0,40,2,3,2,1,32,43,8
345245,0,1289,0,40,2,8,2,1,49,45,8
328529,0,1289,0,40,2,6,2,1,62,60,8
373495,0,1289,0,40,3,1,2,1,17,22,8
362669,0,1289,0,40,2,4,2,1,22,52,8
348283,0,1289,0,40,3,5,2,1,42,44,8
367090,0,1289,0,40,2,2,2,1,25,26,8
374258,0,1289,0,40,2,1,2,1,15,53,8
349004,0,1289,0,40,3,5,2,1,40,50,8
358995,0,1289,0,40,3,4,2,1,32,40,8
356119,0,1289,0,40,3,5,2,1,35,112,8
325177,0,1289,0,40,3,13,2,1,72,54,8
353626,0,1289,0,40,2,6,2,1,30,38,8
371755,0,1289,0,40,3,2,2,1,16,43,8
360900,0,1289,0,40,3,6,2,1,22,26,8
363830,0,1289,0,40,3,2,2,1,22,33,8
364396,0,1289,0,40,3,5,2,1,23,51,8
374777,0,1289,0,40,2,1,2,1,12,49,8
360570,0,1289,0,40,2,6,2,1,23,45,8
364530,0,1289,0,40,3,4,2,1,25,25,8
362026,0,1289,0,40,2,4,2,1,20,92,8
328946,0,1289,0,40,2,3,2,1,24,57,8
332274,0,1289,0,40,3,7,2,1,93,69,8
335989,0,1289,0,40,2,11,2,1,33,45,8
376964,0,1289,0,40,2,1,2,1,11,45,8
336509,0,1289,0,40,3,8,2,1,65,86,8
361627,0,1289,0,40,2,5,2,1,25,56,8
323700,0,1289,0,40,3,6,2,1,45,43,8
356751,0,1289,0,40,2,6,2,1,32,47,8
377239,0,1289,0,40,2,1,2,1,10,46,8
356277,0,1289,0,40,2,5,2,1,28,27,8
324674,0,1289,0,40,3,5,2,1,30,103,8
326557,0,1289,0,40,3,7,2,1,74,23,8
374778,0,1289,0,40,3,2,2,1,11,41,8
374948,0,1289,0,40,3,2,2,1,12,66,8
376640,0,1289,0,40,2,1,2,1,9,23,8
378632,0,1289,0,40,2,1,2,1,9,70,8
343893,0,1289,0,40,2,7,2,1,41,53,8
362903,0,1289,0,40,3,4,2,1,15,60,8
359426,1,1289,1269,40,2,3,2,1,23,57,8
375352,0,1289,0,40,2,2,2,1,9,52,8
374053,0,1289,0,40,2,2,2,1,12,55,8
374999,0,1289,0,40,2,2,2,1,11,21,8
345121,0,1289,0,40,3,8,2,1,40,75,8
378111,0,1289,0,40,3,1,2,1,8,52,8
349175,0,1289,0,40,2,7,2,1,30,46,8
362084,0,1289,0,40,3,3,2,1,25,32,8
371754,0,1289,0,40,2,2,2,1,15,59,8
365716,0,1289,0,40,3,3,2,1,24,63,8
338888,0,1289,0,40,3,10,2,1,45,94,8
373051,0,1289,0,40,3,3,2,1,12,33,8
325682,0,1289,0,40,3,7,2,1,39,34,8
378918,0,1289,0,40,2,1,2,1,7,26,8
379574,0,1289,0,40,3,1,2,1,7,53,8
357722,0,1289,0,40,3,4,2,1,33,76,8
348493,0,1289,0,40,2,9,2,1,29,54,8
366059,0,1289,0,40,3,3,2,1,18,26,8
371198,0,1289,0,40,2,2,2,1,14,63,8
363555,0,1289,0,40,2,3,2,1,22,18,8
376843,0,1289,0,40,3,2,2,1,8,25,8
372969,0,1289,0,40,2,2,2,1,16,58,8
380084,0,1289,0,40,3,1,2,1,6,42,8
330564,0,1289,0,40,3,15,2,1,61,81,8
343917,0,1289,0,40,3,9,2,1,42,32,8
373733,0,1289,0,40,3,2,2,1,11,44,8
366620,0,1289,0,40,2,3,2,1,19,79,8
377340,0,1289,0,40,2,2,2,1,6,26,8
358586,0,1289,0,40,2,7,2,1,22,96,8
377189,0,1289,0,40,2,2,2,1,6,46,8
358690,0,1289,0,40,2,4,2,1,31,49,8
377492,0,1289,0,40,3,2,2,1,8,95,8
343154,0,1289,0,40,2,6,2,1,58,62,8
352660,1,1289,1276,40,2,5,2,1,30,56,8
353935,0,1289,0,40,3,6,2,1,41,51,8
377539,0,1289,0,40,2,1,2,1,5,74,8
380265,0,1289,0,40,2,1,2,1,5,42,8
380616,0,1289,0,40,3,1,2,1,5,29,8
362948,0,1289,0,40,2,2,2,1,36,47,8
362801,0,1289,0,40,2,2,2,1,30,55,8
317610,0,1289,0,40,2,6,2,1,48,38,8
360112,0,1289,0,40,2,3,2,1,30,45,8
371814,0,1289,0,40,3,1,2,1,21,32,8
363721,0,1289,0,40,3,3,2,1,28,49,8
364330,0,1289,0,40,2,3,2,1,26,47,8
363968,0,1289,0,40,3,3,2,1,27,22,8
369405,0,1289,0,40,3,2,2,1,23,25,8
357941,0,1289,0,40,2,2,2,1,43,37,8
350039,0,1289,0,40,2,8,2,1,38,47,8
367845,0,1289,0,40,3,2,2,1,20,55,8
353792,0,1289,0,40,3,5,2,1,31,13,8
351718,0,1289,0,40,2,6,2,1,34,82,8
358041,0,1289,0,40,2,4,2,1,31,24,8
371156,0,1289,0,40,3,2,2,1,19,49,8
375494,1,1289,1280,38.1788,2,1,2,1,15,51,8
348345,0,1289,0,40,3,5,2,1,35,33,8
358031,1,1289,1256,40,2,5,2,1,31,35,8
366524,0,1289,0,40,3,3,2,1,19,59,8
376101,0,1289,0,40,2,1,2,1,14,34,8
364036,0,1289,0,40,3,3,2,1,22,29,8
372963,0,1289,0,40,2,2,2,1,14,55,8
327624,0,1289,0,40,2,12,2,1,105,45,8
356713,0,1289,0,40,3,4,2,1,38,37,8
361043,0,1289,0,40,2,3,2,1,28,22,8
333999,0,1289,0,40,3,9,2,1,68,52,8
360039,0,1289,0,40,2,3,2,1,33,26,8
335509,0,1289,0,40,2,8,2,1,70,62,8
357622,0,1289,0,40,2,5,2,1,29,40,8
372503,0,1289,0,40,3,2,2,1,18,27,8
376890,0,1289,0,40,3,1,2,1,12,57,8
348595,0,1289,0,40,3,6,2,1,44,36,8
373531,0,1289,0,40,3,2,2,1,13,36,8
369964,0,1289,0,40,3,2,2,1,17,79,8
369627,0,1289,0,40,2,3,2,1,13,45,8
363117,0,1289,0,40,2,4,2,1,24,29,8
374014,0,1289,0,40,3,2,2,1,13,66,8
338805,0,1289,0,40,3,8,2,1,64,22,8
374757,0,1289,0,40,3,2,2,1,12,26,8
376456,0,1289,0,40,2,1,2,1,11,101,8
377814,0,1289,0,40,2,1,2,1,11,61,8
351826,0,1289,0,40,2,5,2,1,35,36,8
346631,0,1289,0,40,2,7,2,1,28,22,8
366557,0,1289,0,40,2,3,2,1,22,51,8
367276,0,1289,0,40,3,3,2,1,23,55,8
367279,0,1289,0,40,2,3,2,1,26,45,8
376704,0,1289,0,40,3,1,2,1,10,41,8
377813,0,1289,0,40,3,1,2,1,10,32,8
378560,0,1289,0,40,2,1,2,1,10,45,8
366647,0,1289,0,40,2,3,2,1,13,29,8
372527,0,1289,0,40,3,2,2,1,12,47,8
344124,0,1289,0,40,3,8,2,1,47,31,8
373423,0,1289,0,40,3,2,2,1,12,42,8
361452,0,1289,0,40,2,4,2,1,24,32,8
334629,0,1289,0,40,3,13,2,1,63,96,8
350959,0,1289,0,40,2,4,2,1,43,29,8
367832,0,1289,0,40,3,3,2,1,24,38,8
378339,0,1289,0,40,3,1,2,1,9,26,8
379203,0,1289,0,40,2,1,2,1,9,42,8
357880,0,1289,0,40,2,6,2,1,20,85,8
371679,0,1289,0,40,2,2,2,1,16,80,8
331968,0,1289,0,40,3,9,2,1,68,36,8
352914,0,1289,0,40,3,6,2,1,27,24,8
327980,0,1289,0,40,2,16,2,1,80,5,8
345507,1,1289,1280,25.3881,3,6,2,1,59,23,8
345167,0,1289,0,40,3,6,2,1,46,37,8
379286,0,1289,0,40,3,1,2,1,8,47,8
379664,0,1289,0,40,3,1,2,1,8,8,8
354059,0,1289,0,40,3,7,2,1,28,41,8
365794,0,1289,0,40,2,3,2,1,18,36,8
359033,0,1289,0,40,3,5,2,1,21,57,8
367695,0,1289,0,40,3,3,2,1,10,47,8
376389,0,1289,0,40,3,2,2,1,9,52,8
366306,0,1289,0,40,3,3,2,1,15,40,8
376177,0,1289,0,40,3,2,2,1,12,87,8
375968,0,1289,0,40,2,2,2,1,8,70,8
378645,0,1289,0,40,2,1,2,1,7,41,8
378968,0,1289,0,40,3,1,2,1,7,54,8
380322,0,1289,0,40,2,1,2,1,7,19,8
340380,0,1289,0,40,3,6,2,1,62,42,8
369827,0,1289,0,40,2,3,2,1,16,22,8
328633,0,1289,0,40,3,3,2,1,21,27,8
329268,0,1289,0,40,3,8,2,1,38,34,8
375276,0,1289,0,40,3,2,2,1,10,38,8
363477,0,1289,0,40,2,4,2,1,26,14,8
340471,0,1289,0,40,3,10,2,1,59,29,8
357573,0,1289,0,40,3,5,2,1,28,64,8
353391,0,1289,0,40,3,6,2,1,27,51,8
359355,1,1289,1280,40,2,4,2,1,34,35,8
345432,1,1289,1275,24.0698,3,8,2,1,44,27,8
351631,0,1289,0,40,3,5,2,1,45,43,8
378725,0,1289,0,40,2,2,2,1,7,17,8
348209,0,1289,0,40,2,8,2,1,35,30,8
379507,0,1289,0,40,3,1,2,1,6,25,8
368820,0,1289,0,40,2,3,2,1,13,44,8
357901,0,1289,0,40,3,4,2,1,30,39,8
349702,0,1289,0,40,2,7,2,1,33,17,8
364883,0,1289,0,40,2,4,2,1,18,45,8
351511,0,1289,0,40,2,6,2,1,25,55,8
305744,0,1289,0,40,2,12,2,1,82,13,8
372375,0,1289,0,40,2,2,2,1,14,36,8
368085,0,1289,0,40,2,3,2,1,15,40,8
369047,0,1289,0,40,2,4,2,1,10,92,8
357133,0,1289,0,40,2,4,2,1,33,30,8
328805,0,1289,0,40,3,10,2,1,55,23,8
345840,0,1289,0,40,3,7,2,1,45,33,8
327108,0,1289,0,40,2,8,2,1,52,55,8
326601,0,1289,0,40,2,6,2,1,40,62,8
356855,0,1289,0,40,2,5,2,1,38,65,8
344202,0,1289,0,40,2,10,2,1,34,46,8
321358,0,1289,0,40,2,9,2,1,60,34,8
322861,0,1289,0,40,3,6,2,1,62,70,8
356040,0,1289,0,40,2,6,2,1,25,61,8
335015,0,1289,0,40,2,12,2,1,65,71,8
381074,0,1289,0,40,3,1,2,1,5,50,8
381170,0,1289,0,40,3,1,2,1,5,58,8
381398,0,1289,0,40,2,1,2,1,5,70,8
339888,0,1289,0,40,3,7,2,1,44,23,8
350479,0,1289,0,40,2,3,2,1,51,38,8
364561,0,1289,0,40,2,2,2,1,26,58,8
364236,0,1289,0,40,3,3,2,1,28,48,8
222674,0,1289,0,40,3,32,2,1,180,61,8
372302,0,1289,0,40,2,1,2,1,21,48,8
318563,0,1289,0,40,3,10,2,1,75,24,8
354680,0,1289,0,40,3,5,2,1,38,21,8
343610,1,1289,1238,40,3,5,2,1,65,67,8
364649,0,1289,0,40,2,4,2,1,25,34,8
363690,0,1289,0,40,3,2,2,1,23,40,8
359777,0,1289,0,40,2,5,2,1,26,34,8
357904,0,1289,0,40,3,5,2,1,32,54,8
374680,0,1289,0,40,3,1,2,1,17,51,8
369287,0,1289,0,40,3,2,2,1,17,64,8
361413,0,1289,0,40,2,4,2,1,29,82,8
356353,0,1289,0,40,2,4,2,1,36,57,8
337462,0,1289,0,40,3,9,2,1,68,62,8
367817,0,1289,0,40,3,2,2,1,21,40,8
366022,0,1289,0,40,3,3,2,1,22,82,8
341466,0,1289,0,40,2,6,2,1,66,47,8
373170,0,1289,0,40,3,1,2,1,15,16,8
375089,0,1289,0,40,3,1,2,1,15,45,8
345817,0,1289,0,40,3,5,2,1,62,15,8
369917,0,1289,0,40,3,3,2,1,19,51,8
376154,0,1289,0,40,2,1,2,1,14,20,8
376599,0,1289,0,40,3,1,2,1,14,18,8
360710,0,1289,0,40,2,4,2,1,29,15,8
362393,0,1289,0,40,3,5,2,1,26,38,8
331407,0,1289,0,40,2,13,2,1,80,39,8
356292,1,1289,1265,40,2,5,2,1,39,64,8
376426,0,1289,0,40,2,1,2,1,13,32,8
376966,0,1289,0,40,3,1,2,1,13,29,8
377176,0,1289,0,40,3,1,2,1,13,70,8
353083,0,1289,0,40,3,5,2,1,36,55,8
372069,0,1289,0,40,2,2,2,1,16,34,8
374319,0,1289,0,40,3,2,2,1,14,34,8
360226,0,1289,0,40,3,4,2,1,31,53,8
344990,0,1289,0,40,3,9,2,1,44,44,8
356253,0,1289,0,40,3,5,2,1,38,8,8
377772,0,1289,0,40,2,1,2,1,12,35,8
369698,0,1289,0,40,2,2,2,1,14,44,8
371157,0,1289,0,40,2,2,2,1,16,12,8
369481,0,1289,0,40,3,3,2,1,16,42,8
345317,0,1289,0,40,2,8,2,1,41,82,8
337875,0,1289,0,40,2,10,2,1,54,21,8
329662,0,1289,0,40,2,10,2,1,88,101,8
339492,0,1289,0,40,2,6,2,1,65,40,8
377083,0,1289,0,40,3,1,2,1,11,54,8
377969,0,1289,0,40,3,1,2,1,11,67,8
378029,0,1289,0,40,3,1,2,1,11,39,8
378428,0,1289,0,40,2,1,2,1,11,27,8
369970,0,1289,0,40,3,2,2,1,17,61,8
356140,0,1289,0,40,3,5,2,1,31,112,8
362538,0,1289,0,40,2,4,2,1,24,76,8
360026,0,1289,0,40,2,3,2,1,33,29,8
360474,0,1289,0,40,2,5,2,1,31,25,8
360667,1,1289,1281,21.4226,3,5,2,1,25,15,8
341898,0,1289,0,40,3,7,2,1,62,25,8
378395,0,1289,0,40,3,1,2,1,10,25,8
364011,0,1289,0,40,2,3,2,1,17,18,8
356955,0,1289,0,40,3,3,2,1,39,71,8
369937,0,1289,0,40,2,3,2,1,15,49,8
356453,0,1289,0,40,3,5,2,1,34,53,8
361677,0,1289,0,40,3,4,2,1,26,28,8
344630,0,1289,0,40,2,7,2,1,46,72,8
343906,0,1289,0,40,2,6,2,1,59,24,8
375989,0,1289,0,40,2,2,2,1,12,87,8
361652,0,1289,0,40,2,3,2,1,30,41,8
373427,0,1289,0,40,3,3,2,1,12,31,8
335539,0,1289,0,40,2,10,2,1,73,51,8
376016,0,1289,0,40,2,1,2,1,9,118,8
377963,0,1289,0,40,2,1,2,1,9,24,8
379282,0,1289,0,40,3,1,2,1,9,58,8
379484,0,1289,0,40,2,1,2,1,9,100,8
379626,0,1289,0,40,3,1,2,1,9,57,8
344981,0,1289,0,40,3,11,2,1,38,44,8
350123,0,1289,0,40,2,7,2,1,32,55,8
355442,0,1289,0,40,3,3,2,1,36,29,8
366048,0,1289,0,40,3,4,2,1,20,76,8
359668,0,1289,0,40,3,5,2,1,17,25,8
376050,0,1289,0,40,2,2,2,1,9,76,8
372123,0,1289,0,40,2,3,2,1,14,29,8
370764,0,1289,0,40,3,2,2,1,20,35,8
330553,0,1289,0,40,2,9,2,1,61,46,8
361281,1,1289,1270,27.859,3,4,2,1,30,28,8
318868,0,1289,0,40,2,11,2,1,84,15,8
349765,0,1289,0,40,3,8,2,1,42,35,8
378349,0,1289,0,40,2,1,2,1,8,58,8
379537,0,1289,0,40,3,1,2,1,8,33,8
380114,0,1289,0,40,2,1,2,1,8,24,8
369657,0,1289,0,40,3,2,2,1,18,15,8
375292,0,1289,0,40,3,2,2,1,9,55,8
328242,1,1289,1281,40,2,16,2,1,77,33,8
371086,0,1289,0,40,2,3,2,1,13,30,8
327826,1,1289,1281,15.3461,3,6,2,1,70,51,8
371100,0,1289,0,40,3,3,2,1,14,89,8
356640,0,1289,0,40,3,6,2,1,30,26,8
354685,0,1289,0,40,2,4,2,1,37,48,8
351514,0,1289,0,40,2,9,2,1,32,25,8
319293,0,1289,0,40,3,8,2,1,71,58,8
352380,0,1289,0,40,2,7,2,1,34,45,8
354937,0,1289,0,40,3,6,2,1,22,38,8
345092,0,1289,0,40,2,8,2,1,39,40,8
321745,0,1289,0,40,2,9,2,1,69,48,8
374091,0,1289,0,40,3,3,2,1,13,15,8
377026,0,1289,0,40,3,2,2,1,10,32,8
373689,0,1289,0,40,2,2,2,1,17,62,8
366968,0,1289,0,40,3,4,2,1,16,21,8
349854,0,1289,0,40,2,9,2,1,26,71,8
349280,0,1289,0,40,3,6,2,1,38,34,8
378547,0,1289,0,40,3,2,2,1,9,17,8
361458,0,1289,0,40,3,5,2,1,23,43,8
379076,0,1289,0,40,3,1,2,1,7,48,8
380554,0,1289,0,40,2,1,2,1,7,42,8
380700,0,1289,0,40,3,1,2,1,7,109,8
357280,0,1289,0,40,3,3,2,1,34,40,8
374420,0,1289,0,40,2,2,2,1,7,18,8
357386,0,1289,0,40,3,5,2,1,30,57,8
351096,0,1289,0,40,3,5,2,1,46,36,8
373747,0,1289,0,40,3,2,2,1,12,35,8
338934,0,1289,0,40,3,10,2,1,54,38,8
363322,0,1289,0,40,2,6,2,1,18,16,8
376710,0,1289,0,40,3,2,2,1,7,15,8
376562,0,1289,0,40,3,2,2,1,8,14,8
351170,0,1289,0,40,2,5,2,1,40,63,8
355247,1,1289,1265,40,2,4,2,1,42,72,8
369031,0,1289,0,40,3,4,2,1,14,62,8
375258,0,1289,0,40,3,3,2,1,8,23,8
376147,0,1289,0,40,2,3,2,1,9,25,8
326066,0,1289,0,40,3,13,2,1,76,101,8
371791,0,1289,0,40,3,3,2,1,14,88,8
369574,0,1289,0,40,2,3,2,1,19,26,8
361496,0,1289,0,40,2,4,2,1,23,32,8
356127,0,1289,0,40,2,4,2,1,36,54,8
376200,0,1289,0,40,2,2,2,1,10,57,8
344848,0,1289,0,40,2,8,2,1,43,41,8
349750,0,1289,0,40,3,7,2,1,45,86,8
367955,0,1289,0,40,3,4,2,1,20,57,8
377183,0,1289,0,40,2,1,2,1,6,27,8
379931,0,1289,0,40,3,1,2,1,6,43,8
380427,0,1289,0,40,2,1,2,1,6,33,8
380723,0,1289,0,40,2,1,2,1,6,64,8
380952,0,1289,0,40,2,1,2,1,6,14,8
381070,0,1289,0,40,3,1,2,1,6,93,8
356506,0,1289,0,40,3,3,2,1,33,21,8
326160,0,1289,0,40,3,8,2,1,39,23,8
328303,0,1289,0,40,2,12,2,1,70,53,8
371347,0,1289,0,40,3,2,2,1,17,29,8
346834,0,1289,0,40,3,9,2,1,37,42,8
357740,0,1289,0,40,2,5,2,1,29,48,8
366546,0,1289,0,40,2,3,2,1,22,30,8
347340,0,1289,0,40,3,6,2,1,46,36,8
335122,0,1289,0,40,2,12,2,1,54,45,8
352024,0,1289,0,40,3,6,2,1,40,63,8
362227,0,1289,0,40,3,4,2,1,29,26,8
361766,0,1289,0,40,3,3,2,1,30,22,8
337797,0,1289,0,40,3,10,2,1,55,50,8
366541,0,1289,0,40,2,4,2,1,23,86,8
345440,0,1289,0,40,2,7,2,1,42,31,8
336496,0,1289,0,40,2,12,2,1,57,18,8
354988,0,1289,0,40,3,6,2,1,30,55,8
336342,0,1289,0,40,2,11,2,1,63,52,8
369415,0,1289,0,40,3,3,2,1,15,102,8
358636,0,1289,0,40,2,7,2,1,32,61,8
360107,1,1289,1279,40,2,5,2,1,26,59,8
348036,0,1289,0,40,2,9,2,1,31,66,8
380586,0,1289,0,40,2,2,2,1,6,58,8
380119,1,1289,1281,24.3306,3,1,2,1,5,17,8
380649,0,1289,0,40,3,1,2,1,5,39,8
380937,0,1289,0,40,3,1,2,1,5,101,8
381261,0,1289,0,40,3,1,2,1,5,41,8
381481,0,1289,0,40,3,1,2,1,5,49,8
362485,0,1289,0,40,3,1,2,1,35,29,8
366669,0,1289,0,40,3,1,2,1,30,46,8
327015,0,1289,0,40,3,4,2,1,41,36,8
352896,1,1289,1282,28.8853,3,4,2,1,47,17,8
362886,0,1289,0,40,3,2,2,1,35,42,8
309377,0,1289,0,40,2,14,2,1,107,39,8
326616,1,1289,1282,40,2,6,2,1,58,41,8
360405,0,1289,0,40,3,3,2,1,36,51,8
368099,0,1289,0,40,2,2,2,1,28,41,8
335990,0,1289,0,40,2,9,2,1,59,70,8
362955,0,1289,0,40,2,3,2,1,30,74,8
352007,0,1289,0,40,3,5,2,1,45,43,8
361776,0,1289,0,40,2,3,2,1,32,27,8
373813,0,1289,0,40,3,1,2,1,20,32,8
356371,0,1289,0,40,2,4,2,1,34,37,8
373896,0,1289,0,40,3,1,2,1,19,74,8
369250,0,1289,0,40,3,2,2,1,21,30,8
356452,0,1289,0,40,3,4,2,1,36,32,8
350635,0,1289,0,40,2,6,2,1,35,53,8
374862,0,1289,0,40,2,1,2,1,18,72,8
348005,0,1289,0,40,3,5,2,1,48,31,8
370781,0,1289,0,40,3,2,2,1,20,38,8
356340,0,1289,0,40,2,4,2,1,33,37,8
371605,0,1289,0,40,2,2,2,1,20,22,8
350131,0,1289,0,40,2,6,2,1,43,54,8
375236,0,1289,0,40,3,1,2,1,17,99,8
358790,0,1289,0,40,3,3,2,1,39,32,8
370835,0,1289,0,40,2,2,2,1,19,24,8
370645,0,1289,0,40,3,2,2,1,21,59,8
369144,0,1289,0,40,2,2,2,1,19,13,8
362123,0,1289,0,40,2,4,2,1,25,30,8
374336,0,1289,0,40,2,1,2,1,15,28,8
376314,0,1289,0,40,2,1,2,1,15,51,8
331331,0,1289,0,40,2,5,2,1,95,11,8
323954,0,1289,0,40,2,11,2,1,74,48,8
344711,0,1289,0,40,2,8,2,1,46,35,8
369864,0,1289,0,40,2,3,2,1,17,110,8
345800,0,1289,0,40,2,7,2,1,55,45,8
376730,0,1289,0,40,3,1,2,1,14,42,8
367358,0,1289,0,40,3,2,2,1,24,26,8
370962,0,1289,0,40,2,2,2,1,18,43,8
368817,0,1289,0,40,2,2,2,1,23,31,8
374920,0,1289,0,40,2,2,2,1,15,11,8
358376,0,1289,0,40,2,5,2,1,32,38,8
356985,0,1289,0,40,2,4,2,1,38,34,8
376344,0,1289,0,40,2,1,2,1,13,38,8
377636,0,1289,0,40,2,1,2,1,13,38,8
353468,0,1289,0,40,3,4,2,1,35,17,8
347655,0,1289,0,40,3,5,2,1,46,55,8
367208,0,1289,0,40,2,3,2,1,20,36,8
366787,0,1289,0,40,3,3,2,1,20,68,8
341330,0,1289,0,40,3,8,2,1,57,53,8
363559,0,1289,0,40,3,4,2,1,25,42,8
366843,0,1289,0,40,3,3,2,1,18,54,8
371352,0,1289,0,40,2,2,2,1,20,33,8
365067,0,1289,0,40,2,3,2,1,23,63,8
369682,0,1289,0,40,2,3,2,1,16,30,8
367361,0,1289,0,40,3,2,2,1,23,28,8
330878,1,1289,1273,24.8347,3,14,2,1,77,30,8
377601,0,1289,0,40,3,1,2,1,12,17,8
378142,0,1289,0,40,2,1,2,1,12,7,8
378480,0,1289,0,40,2,1,2,1,12,61,8
361621,0,1289,0,40,3,3,2,1,24,34,8
353142,0,1289,0,40,2,5,2,1,34,42,8
313314,0,1289,0,40,3,10,2,1,74,68,8
333285,0,1289,0,40,2,13,2,1,56,43,8
357001,0,1289,0,40,3,5,2,1,33,13,8
353052,0,1289,0,40,3,7,2,1,35,36,8
359071,0,1289,0,40,3,5,2,1,27,48,8
364688,0,1289,0,40,3,4,2,1,21,36,8
378527,0,1289,0,40,3,1,2,1,11,54,8
378815,0,1289,0,40,2,1,2,1,11,44,8
366930,0,1289,0,40,3,3,2,1,17,38,8
340731,0,1289,0,40,2,9,2,1,52,40,8
365194,0,1289,0,40,2,4,2,1,26,44,8
347599,0,1289,0,40,3,6,2,1,44,36,8
336550,0,1289,0,40,2,12,2,1,61,48,8
370506,0,1289,0,40,3,2,2,1,19,34,8
372419,0,1289,0,40,2,2,2,1,17,31,8
322024,0,1289,0,40,3,9,2,1,56,51,8
325723,0,1289,0,40,2,8,2,1,66,25,8
331524,1,1289,1265,40,2,13,2,1,69,43,8
367244,0,1289,0,40,3,3,2,1,23,43,8
352684,0,1289,0,40,3,6,2,1,31,47,8
327001,0,1289,0,40,3,13,2,1,95,73,8
359323,0,1289,0,40,2,4,2,1,35,20,8
316652,0,1289,0,40,3,20,2,1,75,30,8
373690,0,1289,0,40,3,3,2,1,14,37,8
350250,0,1289,0,40,2,8,2,1,37,33,8
377373,0,1289,0,40,3,1,2,1,10,64,8
378377,0,1289,0,40,3,1,2,1,10,71,8
378982,0,1289,0,40,3,1,2,1,10,41,8
379632,0,1289,0,40,2,1,2,1,10,61,8
364067,0,1289,0,40,3,3,2,1,19,46,8
365252,0,1289,0,40,3,5,2,1,22,27,8
368591,0,1289,0,40,3,2,2,1,20,19,8
372603,0,1289,0,40,3,2,2,1,15,31,8
373871,0,1289,0,40,3,2,2,1,14,48,8
347739,0,1289,0,40,3,5,2,1,41,75,8
368202,0,1289,0,40,2,4,2,1,18,21,8
363604,0,1289,0,40,2,5,2,1,19,22,8
326157,0,1289,0,40,2,2,2,1,51,86,8
374495,0,1289,0,40,3,2,2,1,15,28,8
342740,0,1289,0,40,3,8,2,1,58,68,8
326032,0,1289,0,40,3,8,2,1,54,47,8
340330,0,1289,0,40,2,5,2,1,70,67,8
337074,0,1289,0,40,2,8,2,1,62,21,8
362725,0,1289,0,40,2,4,2,1,27,43,8
367024,0,1289,0,40,3,4,2,1,26,66,8
345884,0,1289,0,40,2,8,2,1,42,67,8
358949,1,1289,1255,40,2,4,2,1,35,33,8
378271,0,1289,0,40,3,2,2,1,10,87,8
378864,0,1289,0,40,3,1,2,1,9,35,8
379870,0,1289,0,40,2,1,2,1,9,61,8
379986,0,1289,0,40,2,1,2,1,9,27,8
380154,0,1289,0,40,2,1,2,1,9,68,8
374019,0,1289,0,40,3,2,2,1,10,60,8
364113,0,1289,0,40,3,5,2,1,16,59,8
373232,0,1289,0,40,2,2,2,1,13,31,8
348041,0,1289,0,40,3,4,2,1,48,36,8
323211,0,1289,0,40,3,8,2,1,35,26,8
326154,0,1289,0,40,3,5,2,1,76,34,8
357002,0,1289,0,40,3,6,2,1,24,39,8
366186,0,1289,0,40,3,5,2,1,12,78,8
362162,0,1289,0,40,2,4,2,1,26,36,8
372290,0,1289,0,40,2,3,2,1,16,26,8
356768,0,1289,0,40,2,6,2,1,26,36,8
372475,0,1289,0,40,2,3,2,1,13,44,8
369242,0,1289,0,40,2,3,2,1,18,68,8
367061,1,1289,1260,40,3,4,2,1,19,29,8
376996,0,1289,0,40,2,2,2,1,12,17,8
346082,0,1289,0,40,2,8,2,1,56,63,8
377891,0,1289,0,40,3,1,2,1,8,56,8
379379,0,1289,0,40,2,1,2,1,8,10,8
379941,0,1289,0,40,2,1,2,1,8,30,8
380538,0,1289,0,40,3,1,2,1,8,49,8
380814,0,1289,0,40,3,1,2,1,8,72,8
380860,0,1289,0,40,2,1,2,1,8,44,8
353022,0,1289,0,40,2,8,2,1,26,41,8
364786,0,1289,0,40,2,3,2,1,22,54,8
365038,0,1289,0,40,3,4,2,1,21,56,8
361648,0,1289,0,40,2,5,2,1,24,45,8
361253,0,1289,0,40,3,4,2,1,24,43,8
343112,0,1289,0,40,3,8,2,1,56,48,8
324284,0,1289,0,40,2,10,2,1,51,24,8
375123,0,1289,0,40,3,2,2,1,12,55,8
375820,0,1289,0,40,2,2,2,1,9,75,8
368328,0,1289,0,40,3,3,2,1,19,36,8
358037,0,1289,0,40,3,5,2,1,33,77,8
336100,0,1289,0,40,3,11,2,1,57,50,8
339522,0,1289,0,40,2,7,2,1,65,36,8
331030,0,1289,0,40,3,12,2,1,84,28,8
375523,0,1289,0,40,2,2,2,1,13,31,8
360600,0,1289,0,40,3,7,2,1,24,40,8
363952,0,1289,0,40,2,3,2,1,25,47,8
333962,1,1289,1268,40,2,10,2,1,68,30,8
346374,0,1289,0,40,2,9,2,1,36,14,8
376350,0,1289,0,40,3,2,2,1,13,31,8
328997,0,1289,0,40,3,6,2,1,53,65,8
340186,0,1289,0,40,3,11,2,1,52,23,8
379482,0,1289,0,40,3,2,2,1,10,26,8
380936,0,1289,0,40,3,1,2,1,7,60,8
381036,0,1289,0,40,3,1,2,1,7,28,8
381328,0,1289,0,40,2,1,2,1,7,34,8
381460,0,1289,0,40,3,1,2,1,7,21,8
366809,0,1289,0,40,2,2,2,1,16,52,8
369018,0,1289,0,40,3,2,2,1,18,35,8
327507,0,1289,0,40,2,9,2,1,60,64,8
373538,0,1289,0,40,3,2,2,1,11,50,8
356170,0,1289,0,40,2,4,2,1,31,44,8
335415,1,1289,1282,20.2459,3,11,2,1,49,65,8
355283,0,1289,0,40,3,7,2,1,26,42,8
320659,0,1289,0,40,2,11,2,1,71,83,8
348842,0,1289,0,40,2,5,2,1,42,28,8
370863,0,1289,0,40,2,3,2,1,14,16,8
341532,0,1289,0,40,3,8,2,1,49,29,8
371640,0,1289,0,40,2,3,2,1,12,32,8
337008,0,1289,0,40,2,6,2,1,61,48,8
360911,0,1289,0,40,2,3,2,1,36,43,8
364985,0,1289,0,40,3,3,2,1,23,44,8
362808,0,1289,0,40,2,3,2,1,32,39,8
363529,0,1289,0,40,3,4,2,1,25,31,8
374093,0,1289,0,40,2,2,2,1,15,25,8
360027,0,1289,0,40,3,6,2,1,23,43,8
354365,0,1289,0,40,3,5,2,1,28,67,8
368825,0,1289,0,40,3,4,2,1,13,50,8
354347,0,1289,0,40,2,6,2,1,30,39,8
360608,0,1289,0,40,2,5,2,1,30,44,8
372987,0,1289,0,40,2,3,2,1,15,40,8
335388,0,1289,0,40,2,12,2,1,59,25,8
344959,1,1289,1282,24.3367,3,7,2,1,49,36,8
374373,0,1289,0,40,2,3,2,1,11,85,8
364179,0,1289,0,40,2,4,2,1,22,65,8
377397,0,1289,0,40,2,2,2,1,8,68,8
353485,0,1289,0,40,3,5,2,1,46,45,8
341955,0,1289,0,40,2,7,2,1,61,41,8
363885,0,1289,0,40,3,4,2,1,25,32,8
370018,0,1289,0,40,2,4,2,1,17,86,8
326038,0,1289,0,40,2,7,2,1,79,37,8
369622,0,1289,0,40,2,3,2,1,14,80,8
363841,0,1289,0,40,3,5,2,1,24,67,8
372513,0,1289,0,40,3,4,2,1,13,41,8
361247,0,1289,0,40,3,6,2,1,27,60,8
379471,0,1289,0,40,2,1,2,1,6,12,8
380023,0,1289,0,40,3,1,2,1,6,21,8
380553,0,1289,0,40,3,1,2,1,6,48,8
380897,0,1289,0,40,3,1,2,1,6,18,8
381397,0,1289,0,40,3,1,2,1,6,51,8
381437,0,1289,0,40,3,1,2,1,6,20,8
381699,0,1289,0,40,2,1,2,1,6,47,8
381797,1,1289,1282,20.6426,3,1,2,1,6,61,8
381847,0,1289,0,40,2,1,2,1,6,24,8
382039,0,1289,0,40,2,1,2,1,6,29,8
350394,0,1289,0,40,3,6,2,1,29,97,8
374367,1,1289,1282,40,2,2,2,1,10,16,8
363565,0,1289,0,40,2,4,2,1,26,26,8
362297,0,1289,0,40,2,5,2,1,13,46,8
363342,0,1289,0,40,2,5,2,1,18,23,8
371510,0,1289,0,40,2,3,2,1,12,55,8
372935,0,1289,0,40,2,3,2,1,9,33,8
377614,0,1289,0,40,3,2,2,1,6,38,8
366702,0,1289,0,40,2,3,2,1,19,69,8
255300,0,1289,0,40,3,24,2,1,127,21,8
327527,0,1289,0,40,3,6,2,1,36,151,8
358615,0,1289,0,40,2,4,2,1,25,43,8
349071,0,1289,0,40,2,7,2,1,36,31,8
334909,0,1289,0,40,2,13,2,1,60,33,8
331860,0,1289,0,40,3,12,2,1,61,63,8
376750,0,1289,0,40,2,3,2,1,7,18,8
372593,0,1289,0,40,2,3,2,1,14,54,8
357427,0,1289,0,40,2,5,2,1,32,45,8
355089,1,1289,1282,36.4477,2,9,2,1,27,10,8
342082,0,1289,0,40,2,9,2,1,54,53,8
367230,0,1289,0,40,3,4,2,1,19,25,8
356651,0,1289,0,40,3,4,2,1,36,34,8
346599,0,1289,0,40,2,8,2,1,40,20,8
348728,0,1289,0,40,3,7,2,1,40,65,8
377226,0,1289,0,40,3,2,2,1,11,45,8
378355,0,1289,0,40,3,2,2,1,8,40,8
366270,0,1289,0,40,2,4,2,1,19,85,8
334279,0,1289,0,40,3,10,2,1,78,36,8
364064,0,1289,0,40,3,5,2,1,15,59,8
380042,0,1289,0,40,3,2,2,1,6,32,8
365329,0,1289,0,40,2,3,2,1,27,38,8
363228,0,1289,0,40,2,3,2,1,33,45,8
376620,0,1289,0,40,2,2,2,1,11,114,8
370797,0,1289,0,40,3,4,2,1,16,84,8
329121,0,1289,0,40,2,7,2,1,51,51,8
355370,0,1289,0,40,3,9,2,1,19,81,8
380281,0,1289,0,40,2,2,2,1,6,40,8
370116,0,1289,0,40,2,3,2,1,15,35,8
370792,0,1289,0,40,3,3,2,1,21,23,8
381087,0,1289,0,40,2,1,2,1,5,47,8
381415,0,1289,0,40,2,1,2,1,5,40,8
381826,0,1289,0,40,2,1,2,1,5,12,8
381966,0,1289,0,40,2,1,2,1,5,27,8
382177,0,1289,0,40,3,1,2,1,5,79,8
382219,0,1289,0,40,3,1,2,1,5,47,8
382443,0,1289,0,40,3,1,2,1,5,44,8
382599,0,1289,0,40,3,1,2,1,5,33,8
344771,0,1289,0,40,2,5,2,1,55,38,8
364154,0,1289,0,40,3,2,2,1,34,38,8
349502,0,1289,0,40,2,6,2,1,54,42,8
368601,0,1289,0,40,3,1,2,1,29,27,8
351644,0,1289,0,40,2,6,2,1,41,70,8
356389,0,1289,0,40,3,4,2,1,38,41,8
323989,0,1289,0,40,2,9,2,1,79,44,8
345760,0,1289,0,40,3,5,2,1,56,16,8
371639,0,1289,0,40,3,1,2,1,25,49,8
337972,0,1289,0,40,3,9,2,1,81,26,8
329398,0,1289,0,40,2,7,2,1,65,31,8
373007,0,1289,0,40,3,1,2,1,22,34,8
342209,1,1289,1216,40,2,9,2,1,55,132,8
353103,0,1289,0,40,3,2,2,1,59,56,8
349167,0,1289,0,40,3,6,2,1,45,52,8
344805,0,1289,0,40,3,8,2,1,35,24,8
372033,0,1289,0,40,2,2,2,1,19,33,8
370765,0,1289,0,40,2,2,2,1,23,60,8
374372,0,1289,0,40,2,1,2,1,18,31,8
375278,0,1289,0,40,3,1,2,1,18,37,8
375462,0,1289,0,40,2,1,2,1,18,83,8
375622,0,1289,0,40,3,1,2,1,18,16,8
354241,0,1289,0,40,3,5,2,1,42,41,8
367604,0,1289,0,40,2,2,2,1,27,22,8
361190,0,1289,0,40,3,3,2,1,28,23,8
357388,0,1289,0,40,2,3,2,1,41,40,8
334088,0,1289,0,40,2,11,2,1,71,43,8
375105,0,1289,0,40,3,1,2,1,17,33,8
376263,0,1289,0,40,3,1,2,1,17,88,8
369686,0,1289,0,40,3,2,2,1,20,71,8
373241,0,1289,0,40,2,2,2,1,20,55,8
376671,0,1289,0,40,3,1,2,1,16,33,8
329412,0,1289,0,40,3,7,2,1,61,56,8
364416,1,1289,1257,40,3,4,2,1,27,55,8
334014,0,1289,0,40,3,9,2,1,76,14,8
361529,0,1289,0,40,3,4,2,1,32,52,8
316707,0,1289,0,40,2,12,2,1,73,37,8
376988,0,1289,0,40,3,1,2,1,15,68,8
377144,0,1289,0,40,2,1,2,1,15,16,8
345196,0,1289,0,40,2,4,2,1,46,49,8
359747,0,1289,0,40,2,4,2,1,34,38,8
370161,0,1289,0,40,2,3,2,1,20,32,8
366780,0,1289,0,40,2,2,2,1,29,20,8
349383,0,1289,0,40,2,6,2,1,44,50,8
361906,0,1289,0,40,2,5,2,1,28,40,8
351961,0,1289,0,40,2,5,2,1,40,56,8
377728,0,1289,0,40,3,1,2,1,14,70,8
358306,0,1289,0,40,2,6,2,1,25,27,8
341083,0,1289,0,40,2,8,2,1,52,56,8
362887,0,1289,0,40,2,4,2,1,24,77,8
376164,0,1289,0,40,2,2,2,1,14,50,8
377721,0,1289,0,40,2,1,2,1,13,42,8
378622,0,1289,0,40,3,1,2,1,13,17,8
357760,0,1289,0,40,3,4,2,1,28,14,8
333604,0,1289,0,40,3,13,2,1,64,100,8
359888,0,1289,0,40,2,3,2,1,34,52,8
358971,1,1289,1283,13.94,3,5,2,1,30,57,8
350544,0,1289,0,40,3,6,2,1,37,22,8
342787,0,1289,0,40,3,7,2,1,50,34,8
374482,0,1289,0,40,3,2,2,1,16,38,8
365830,0,1289,0,40,3,4,2,1,28,32,8
356094,0,1289,0,40,2,6,2,1,31,57,8
378663,0,1289,0,40,3,1,2,1,12,98,8
354762,0,1289,0,40,2,6,2,1,18,38,8
340908,0,1289,0,40,2,9,2,1,52,33,8
339780,0,1289,0,40,2,8,2,1,59,46,8
368859,0,1289,0,40,2,3,2,1,20,46,8
335269,1,1289,1283,40,2,10,2,1,68,27,8
348619,0,1289,0,40,3,5,2,1,48,42,8
375835,0,1289,0,40,2,2,2,1,12,49,8
364658,1,1289,1267,34.1564,3,5,2,1,21,65,8
323781,0,1289,0,40,2,10,2,1,65,26,8
325236,0,1289,0,40,3,11,2,1,77,50,8
372338,0,1289,0,40,2,3,2,1,19,9,8
364478,1,1289,1274,40,2,4,2,1,23,38,8
347383,0,1289,0,40,2,6,2,1,51,61,8
376597,0,1289,0,40,2,2,2,1,15,60,8
322065,1,1289,1275,40,2,4,2,1,19,74,8
377707,0,1289,0,40,3,1,2,1,11,67,8
378489,0,1289,0,40,3,1,2,1,11,43,8
379456,0,1289,0,40,3,1,2,1,11,36,8
379640,0,1289,0,40,3,1,2,1,11,60,8
379764,0,1289,0,40,2,1,2,1,11,31,8
331355,0,1289,0,40,3,11,2,1,81,32,8
335722,0,1289,0,40,2,10,2,1,69,81,8
331324,0,1289,0,40,2,11,2,1,79,66,8
371531,0,1289,0,40,3,3,2,1,15,43,8
365288,1,1289,1283,36.0532,2,4,2,1,19,24,8
375670,0,1289,0,40,3,2,2,1,13,42,8
365593,0,1289,0,40,2,4,2,1,23,80,8
377268,0,1289,0,40,2,2,2,1,11,69,8
343382,0,1289,0,40,2,9,2,1,47,52,8
368517,0,1289,0,40,2,3,2,1,14,42,8
372595,1,1289,1275,22.1572,3,2,2,1,20,65,8
325217,0,1289,0,40,2,12,2,1,94,13,8
346463,0,1289,0,40,3,6,2,1,45,55,8
369094,0,1289,0,40,3,3,2,1,23,24,8
359971,0,1289,0,40,2,5,2,1,33,49,8
378832,0,1289,0,40,2,1,2,1,10,20,8
379453,0,1289,0,40,3,1,2,1,10,138,8
379757,0,1289,0,40,3,1,2,1,10,77,8
336313,1,1289,1259,40,3,8,2,1,68,60,8
333592,0,1289,0,40,2,8,2,1,79,42,8
352627,0,1289,0,40,3,7,2,1,29,70,8
367804,0,1289,0,40,2,3,2,1,18,32,8
334867,0,1289,0,40,3,9,2,1,74,29,8
350448,0,1289,0,40,3,6,2,1,35,50,8
330945,0,1289,0,40,2,16,2,1,69,107,8
359027,0,1289,0,40,3,5,2,1,26,15,8
349110,0,1289,0,40,3,7,2,1,37,89,8
332132,0,1289,0,40,2,10,2,1,91,22,8
375042,0,1289,0,40,3,2,2,1,16,26,8
365913,0,1289,0,40,2,3,2,1,28,43,8
368357,0,1289,0,40,2,3,2,1,24,46,8
332155,0,1289,0,40,3,9,2,1,77,60,8
371695,0,1289,0,40,2,3,2,1,13,19,8
373986,0,1289,0,40,2,3,2,1,12,40,8
358843,0,1289,0,40,2,5,2,1,36,41,8
379251,0,1289,0,40,2,1,2,1,9,28,8
380205,0,1289,0,40,3,1,2,1,9,30,8
380418,0,1289,0,40,3,1,2,1,9,28,8
380560,0,1289,0,40,3,1,2,1,9,56,8
380854,0,1289,0,40,2,1,2,1,9,18,8
328327,0,1289,0,40,3,13,2,1,86,69,8
351274,0,1289,0,40,2,6,2,1,40,30,8
371533,0,1289,0,40,2,2,2,1,17,9,8
334578,0,1289,0,40,2,13,2,1,51,59,8
371752,0,1289,0,40,2,2,2,1,17,48,8
373403,0,1289,0,40,3,2,2,1,15,20,8
336012,0,1289,0,40,3,10,2,1,59,24,8
373660,0,1289,0,40,3,3,2,1,10,53,8
362922,1,1289,1274,32.0641,3,5,2,1,21,69,8
346086,0,1289,0,40,2,8,2,1,41,57,8
368573,0,1289,0,40,3,4,2,1,14,42,8
366235,0,1289,0,40,3,5,2,1,18,27,8
372884,0,1289,0,40,2,2,2,1,17,35,8
364955,0,1289,0,40,3,4,2,1,21,14,8
352285,0,1289,0,40,3,6,2,1,38,71,8
371094,0,1289,0,40,3,3,2,1,16,60,8
360071,0,1289,0,40,3,5,2,1,30,48,8
376615,1,1289,1283,27.5721,3,2,2,1,13,18,8
329156,0,1289,0,40,2,14,2,1,88,27,8
345056,0,1289,0,40,3,8,2,1,49,16,8
355483,0,1289,0,40,3,5,2,1,38,10,8
356999,0,1289,0,40,3,4,2,1,41,67,8
364481,0,1289,0,40,3,5,2,1,22,49,8
374328,0,1289,0,40,3,3,2,1,10,36,8
336653,0,1289,0,40,3,11,2,1,53,23,8
379335,0,1289,0,40,3,1,2,1,8,31,8
380964,0,1289,0,40,2,1,2,1,8,93,8
381216,0,1289,0,40,3,1,2,1,8,28,8
373139,0,1289,0,40,2,3,2,1,11,65,8
329689,0,1289,0,40,3,8,2,1,46,45,8
344316,0,1289,0,40,3,8,2,1,42,31,8
313114,0,1289,0,40,3,15,2,1,66,59,8
346144,0,1289,0,40,3,6,2,1,51,60,8
373571,0,1289,0,40,3,2,2,1,15,27,8
373536,0,1289,0,40,2,2,2,1,11,40,8
377170,0,1289,0,40,2,2,2,1,9,69,8
331890,0,1289,0,40,3,10,2,1,84,41,8
370401,0,1289,0,40,3,3,2,1,19,31,8
364098,0,1289,0,40,2,6,2,1,16,25,8
349296,0,1289,0,40,2,5,2,1,40,57,8
371547,0,1289,0,40,3,3,2,1,18,32,8
358283,0,1289,0,40,3,7,2,1,24,39,8
342725,0,1289,0,40,3,9,2,1,50,42,8
369392,0,1289,0,40,2,2,2,1,24,58,8
349913,0,1289,0,40,2,5,2,1,38,37,8
371128,0,1289,0,40,3,3,2,1,17,79,8
370309,0,1289,0,40,3,4,2,1,14,25,8
355963,0,1289,0,40,2,8,2,1,30,68,8
339032,0,1289,0,40,3,10,2,1,54,47,8
361575,0,1289,0,40,3,3,2,1,34,104,8
372561,0,1289,0,40,2,3,2,1,14,53,8
351387,0,1289,0,40,3,8,2,1,37,25,8
354388,0,1289,0,40,2,9,2,1,30,49,8
380199,0,1289,0,40,2,1,2,1,7,35,8
381009,0,1289,0,40,3,1,2,1,7,40,8
381539,0,1289,0,40,3,1,2,1,7,50,8
381579,0,1289,0,40,2,1,2,1,7,69,8
381627,0,1289,0,40,2,1,2,1,7,23,8
381687,0,1289,0,40,3,1,2,1,7,37,8
381947,0,1289,0,40,3,1,2,1,7,48,8
382033,0,1289,0,40,3,1,2,1,7,28,8
370689,0,1289,0,40,2,2,2,1,17,36,8
360319,0,1289,0,40,2,5,2,1,20,16,8
374151,0,1289,0,40,3,2,2,1,12,30,8
336096,0,1289,0,40,3,10,2,1,61,57,8
363851,0,1289,0,40,3,5,2,1,20,27,8
376312,0,1289,0,40,2,2,2,1,7,27,8
355045,0,1289,0,40,3,6,2,1,31,55,8
376262,0,1289,0,40,3,2,2,1,10,68,8
347841,0,1289,0,40,3,9,2,1,39,27,8
354597,0,1289,0,40,2,4,2,1,36,58,8
343373,0,1289,0,40,2,10,2,1,52,58,8
328953,0,1289,0,40,3,14,2,1,88,34,8
323181,0,1289,0,40,2,11,2,1,58,42,8
376985,0,1289,0,40,2,2,2,1,9,25,8
363074,0,1289,0,40,3,3,2,1,22,78,8
357149,0,1289,0,40,2,7,2,1,18,40,8
370227,0,1289,0,40,2,3,2,1,20,39,8
352061,0,1289,0,40,3,8,2,1,29,36,8
327891,0,1289,0,40,2,8,2,1,67,42,8
338912,0,1289,0,40,2,10,2,1,60,34,8
378685,0,1289,0,40,3,2,2,1,8,8,8
335109,0,1289,0,40,3,10,2,1,72,50,8
369206,0,1289,0,40,3,4,2,1,21,26,8
364429,0,1289,0,40,3,6,2,1,19,36,8
378913,1,1289,1283,40,2,2,2,1,9,45,8
335518,0,1289,0,40,3,12,2,1,52,72,8
379700,0,1289,0,40,3,2,2,1,8,54,8
363237,0,1289,0,40,3,4,2,1,30,50,8
341411,0,1289,0,40,2,8,2,1,53,36,8
324844,0,1289,0,40,3,13,2,1,67,48,8
353570,0,1289,0,40,3,6,2,1,30,43,8
354973,0,1289,0,40,2,6,2,1,33,42,8
377249,0,1289,0,40,3,2,2,1,11,26,8
379358,0,1289,0,40,3,2,2,1,9,26,8
380050,0,1289,0,40,3,2,2,1,8,71,8
351306,0,1289,0,40,2,8,2,1,31,48,8
360478,0,1289,0,40,3,4,2,1,32,24,8
376663,0,1289,0,40,3,2,2,1,15,44,8
368987,0,1289,0,40,2,4,2,1,19,67,8
376670,0,1289,0,40,2,3,2,1,10,34,8
379763,0,1289,0,40,3,2,2,1,8,18,8
379551,0,1289,0,40,2,1,2,1,6,80,8
381247,0,1289,0,40,3,1,2,1,6,37,8
381730,0,1289,0,40,3,1,2,1,6,56,8
381998,0,1289,0,40,3,1,2,1,6,27,8
382415,0,1289,0,40,2,1,2,1,6,28,8
360430,0,1289,0,40,2,4,2,1,19,14,8
336829,0,1289,0,40,3,8,2,1,56,34,8
364944,0,1289,0,40,3,3,2,1,21,69,8
365859,0,1289,0,40,2,3,2,1,17,69,8
349357,0,1289,0,40,3,9,2,1,31,48,8
332978,0,1289,0,40,3,10,2,1,72,8,8
353606,0,1289,0,40,2,6,2,1,25,16,8
322770,0,1289,0,40,2,11,2,1,73,32,8
353957,0,1289,0,40,2,5,2,1,44,31,8
339721,0,1289,0,40,2,10,2,1,41,40,8
369972,0,1289,0,40,3,2,2,1,16,40,8
345586,0,1289,0,40,2,7,2,1,46,37,8
377662,0,1289,0,40,3,2,2,1,9,47,8
377997,0,1289,0,40,2,2,2,1,8,118,8
331560,0,1289,0,40,2,12,2,1,61,31,8
332543,0,1289,0,40,2,16,2,1,68,79,8
366400,0,1289,0,40,2,3,2,1,21,67,8
373768,0,1289,0,40,3,2,2,1,14,33,8
364189,0,1289,0,40,2,4,2,1,29,15,8
327281,0,1289,0,40,3,5,2,1,64,63,8
373563,0,1289,0,40,3,3,2,1,10,43,8
360589,0,1289,0,40,3,3,2,1,28,43,8
378163,0,1289,0,40,3,2,2,1,8,47,8
339206,0,1289,0,40,3,8,2,1,56,30,8
379365,0,1289,0,40,2,2,2,1,6,13,8
364140,1,1289,1283,37.3177,2,4,2,1,27,56,8
361379,0,1289,0,40,3,4,2,1,25,65,8
364798,0,1289,0,40,3,5,2,1,22,57,8
346693,0,1289,0,40,3,9,2,1,46,45,8
337968,0,1289,0,40,3,10,2,1,54,44,8
355717,0,1289,0,40,3,6,2,1,26,65,8
346793,0,1289,0,40,2,7,2,1,36,82,8
331504,0,1289,0,40,2,9,2,1,90,47,8
375241,0,1289,0,40,3,2,2,1,15,19,8
322744,0,1289,0,40,2,9,2,1,38,42,8
341044,0,1289,0,40,2,9,2,1,43,31,8
362192,0,1289,0,40,2,6,2,1,23,35,8
362146,0,1289,0,40,3,5,2,1,22,42,8
374378,0,1289,0,40,3,3,2,1,14,40,8
358699,0,1289,0,40,2,7,2,1,23,101,8
370435,0,1289,0,40,3,4,2,1,13,46,8
377290,0,1289,0,40,3,3,2,1,10,49,8
381251,0,1289,0,40,2,1,2,1,5,40,8
381475,0,1289,0,40,2,1,2,1,5,37,8
381544,0,1289,0,40,2,1,2,1,5,44,8
381876,0,1289,0,40,3,1,2,1,5,70,8
381948,0,1289,0,40,3,1,2,1,5,59,8
382364,0,1289,0,40,3,1,2,1,5,103,8
382584,0,1289,0,40,2,1,2,1,5,21,8
382807,0,1289,0,40,2,1,2,1,5,75,8
382859,0,1289,0,40,2,1,2,1,5,45,8
382903,0,1289,0,40,2,1,2,1,5,16,8
383017,0,1289,0,40,2,1,2,1,5,45,8
383053,0,1289,0,40,2,1,2,1,5,26,8
351111,0,1289,0,40,3,2,2,1,57,60,8
365590,0,1289,0,40,2,2,2,1,33,36,8
358434,0,1289,0,40,3,3,2,1,40,34,8
370985,0,1289,0,40,2,1,2,1,27,55,8
363268,0,1289,0,40,2,4,2,1,32,35,8
363289,0,1289,0,40,3,2,2,1,36,31,8
353040,0,1289,0,40,3,5,2,1,41,33,8
359641,0,1289,0,40,2,4,2,1,38,41,8
364026,0,1289,0,40,3,4,2,1,28,34,8
348447,0,1289,0,40,2,5,2,1,45,41,8
355160,0,1289,0,40,2,4,2,1,40,22,8
373880,0,1289,0,40,2,1,2,1,21,24,8
338319,0,1289,0,40,2,5,2,1,75,103,8
369451,0,1289,0,40,2,2,2,1,25,90,8
371966,0,1289,0,40,2,2,2,1,21,46,8
325199,0,1289,0,40,3,11,2,1,97,61,8
374286,0,1289,0,40,2,1,2,1,20,35,8
349783,0,1289,0,40,3,8,2,1,45,55,8
375115,0,1289,0,40,2,1,2,1,19,47,8
375742,0,1289,0,40,3,1,2,1,19,13,8
370394,0,1289,0,40,2,2,2,1,20,35,8
335371,0,1289,0,40,3,12,2,1,62,44,8
365980,0,1289,0,40,2,4,2,1,26,54,8
364791,0,1289,0,40,3,3,2,1,26,32,8
359856,0,1289,0,40,2,6,2,1,31,38,8
374088,0,1289,0,40,2,1,2,1,18,14,8
350675,0,1289,0,40,3,7,2,1,38,21,8
355161,0,1289,0,40,3,5,2,1,41,40,8
335922,0,1289,0,40,3,9,2,1,67,57,8
373881,0,1289,0,40,3,2,2,1,18,56,8
355725,0,1289,0,40,3,4,2,1,45,10,8
375902,0,1289,0,40,2,1,2,1,17,38,8
376098,0,1289,0,40,3,1,2,1,17,51,8
376713,0,1289,0,40,3,1,2,1,17,51,8
341708,0,1289,0,40,3,8,2,1,54,72,8
313988,0,1289,0,40,2,9,2,1,78,32,8
369899,0,1289,0,40,2,2,2,1,26,22,8
353561,0,1289,0,40,3,6,2,1,38,49,8
376882,0,1289,0,40,2,1,2,1,16,41,8
377376,0,1289,0,40,2,1,2,1,16,69,8
345530,0,1289,0,40,3,5,2,1,56,48,8
368854,0,1289,0,40,3,3,2,1,19,53,8
370141,0,1289,0,40,3,2,2,1,26,87,8
377057,0,1289,0,40,2,1,2,1,15,27,8
377207,0,1289,0,40,2,1,2,1,15,30,8
377435,0,1289,0,40,3,1,2,1,15,45,8
333465,0,1289,0,40,2,10,2,1,79,47,8
325352,0,1289,0,40,3,6,2,1,45,38,8
371087,0,1289,0,40,3,2,2,1,24,41,8
364618,0,1289,0,40,3,4,2,1,28,30,8
377537,0,1289,0,40,3,1,2,1,14,26,8
367847,0,1289,0,40,3,2,2,1,23,29,8
356575,0,1289,0,40,2,4,2,1,33,22,8
328384,0,1289,0,40,3,9,2,1,51,53,8
372483,0,1289,0,40,3,2,2,1,18,24,8
371412,0,1289,0,40,2,3,2,1,16,61,8
321673,0,1289,0,40,3,11,2,1,77,46,8
324556,0,1289,0,40,2,6,2,1,40,17,8
369346,0,1289,0,40,3,2,2,1,24,48,8
346744,0,1289,0,40,3,7,2,1,50,45,8
350454,1,1289,1284,39.755,2,4,2,1,56,33,8
379195,0,1289,0,40,2,1,2,1,13,73,8
340835,0,1289,0,40,3,8,2,1,60,29,8
374362,0,1289,0,40,3,2,2,1,15,108,8
336690,0,1289,0,40,2,7,2,1,74,50,8
360331,0,1289,0,40,3,5,2,1,29,68,8
371882,0,1289,0,40,3,3,2,1,22,48,8
378265,0,1289,0,40,2,1,2,1,12,61,8
379220,0,1289,0,40,2,1,2,1,12,52,8
379334,0,1289,0,40,3,1,2,1,12,31,8
379772,0,1289,0,40,3,1,2,1,12,55,8
372789,0,1289,0,40,2,2,2,1,14,83,8
361580,0,1289,0,40,2,4,2,1,26,44,8
374493,0,1289,0,40,3,2,2,1,14,33,8
364387,0,1289,0,40,3,3,2,1,29,55,8
371647,0,1289,0,40,3,2,2,1,21,27,8
328796,0,1289,0,40,2,6,2,1,39,31,8
369484,0,1289,0,40,3,4,2,1,17,39,8
372445,0,1289,0,40,2,3,2,1,13,46,8
336241,0,1289,0,40,2,10,2,1,59,44,8
359451,0,1289,0,40,2,5,2,1,34,89,8
375219,0,1289,0,40,3,2,2,1,13,43,8
325438,0,1289,0,40,2,12,2,1,67,66,8
375457,0,1289,0,40,2,2,2,1,15,39,8
377216,0,1289,0,40,3,2,2,1,13,96,8
365406,0,1289,0,40,2,3,2,1,30,29,8
364207,0,1289,0,40,2,4,2,1,25,43,8
378477,0,1289,0,40,2,1,2,1,11,18,8
379517,0,1289,0,40,2,1,2,1,11,53,8
379693,0,1289,0,40,3,1,2,1,11,68,8
360777,0,1289,0,40,2,4,2,1,31,52,8
372500,0,1289,0,40,2,2,2,1,14,28,8
323302,0,1289,0,40,2,6,2,1,39,43,8
353592,0,1289,0,40,3,5,2,1,38,23,8
363592,0,1289,0,40,2,4,2,1,23,51,8
375185,0,1289,0,40,2,2,2,1,12,50,8
355749,0,1289,0,40,3,7,2,1,27,53,8
362312,0,1289,0,40,3,4,2,1,26,21,8
363157,0,1289,0,40,2,4,2,1,27,35,8
325947,0,1289,0,40,2,9,2,1,42,27,8
333589,0,1289,0,40,2,9,2,1,87,35,8
342275,1,1289,1284,38.5511,2,7,2,1,59,30,8
366399,0,1289,0,40,2,3,2,1,27,34,8
362080,0,1289,0,40,2,5,2,1,28,22,8
320865,0,1289,0,40,2,12,2,1,79,32,8
373734,0,1289,0,40,2,2,2,1,19,31,8
350006,0,1289,0,40,2,6,2,1,48,91,8
370595,0,1289,0,40,3,3,2,1,18,47,8
377787,0,1289,0,40,2,2,2,1,11,35,8
378389,0,1289,0,40,3,1,2,1,10,21,8
379491,0,1289,0,40,3,1,2,1,10,41,8
380313,0,1289,0,40,3,1,2,1,10,95,8
380570,0,1289,0,40,3,1,2,1,10,31,8
380742,0,1289,0,40,2,1,2,1,10,22,8
349019,0,1289,0,40,2,7,2,1,40,38,8
369609,0,1289,0,40,3,3,2,1,15,37,8
363403,0,1289,0,40,3,5,2,1,24,63,8
360529,0,1289,0,40,2,4,2,1,28,66,8
357818,0,1289,0,40,2,4,2,1,31,49,8
366681,0,1289,0,40,3,3,2,1,17,62,8
345563,0,1289,0,40,3,7,2,1,49,60,8
373320,0,1289,0,40,2,2,2,1,18,49,8
372151,0,1289,0,40,2,2,2,1,16,35,8
368044,0,1289,0,40,2,3,2,1,24,42,8
355502,0,1289,0,40,3,5,2,1,35,39,8
357230,0,1289,0,40,2,6,2,1,25,75,8
349163,0,1289,0,40,3,7,2,1,47,11,8
348138,0,1289,0,40,3,6,2,1,49,57,8
378931,0,1289,0,40,3,2,2,1,10,64,8
339289,0,1289,0,40,3,13,2,1,53,63,8
365722,0,1289,0,40,3,5,2,1,18,58,8
369790,0,1289,0,40,3,4,2,1,15,77,8
358042,0,1289,0,40,2,4,2,1,22,11,8
379383,0,1289,0,40,2,1,2,1,9,42,8
380463,0,1289,0,40,2,1,2,1,9,15,8
380671,0,1289,0,40,3,1,2,1,9,30,8
380791,0,1289,0,40,3,1,2,1,9,26,8
381352,0,1289,0,40,2,1,2,1,9,23,8
370745,0,1289,0,40,3,3,2,1,10,56,8
370232,0,1289,0,40,2,3,2,1,15,20,8
353038,0,1289,0,40,3,7,2,1,28,19,8
361270,0,1289,0,40,3,4,2,1,21,38,8
374096,0,1289,0,40,2,2,2,1,9,91,8
372359,0,1289,0,40,3,2,2,1,16,43,8
338830,0,1289,0,40,2,6,2,1,59,44,8
361751,1,1289,1274,40,2,4,2,1,32,33,8
359352,0,1289,0,40,2,5,2,1,27,91,8
338349,0,1289,0,40,3,10,2,1,58,33,8
325837,0,1289,0,40,3,10,2,1,72,15,8
367713,0,1289,0,40,3,4,2,1,15,15,8
372570,0,1289,0,40,3,3,2,1,16,33,8
378514,0,1289,0,40,3,2,2,1,9,84,8
344376,0,1289,0,40,2,7,2,1,45,26,8
365093,0,1289,0,40,3,3,2,1,22,15,8
363463,1,1289,1249,40,3,4,2,1,28,80,8
369773,0,1289,0,40,2,3,2,1,24,42,8
363986,0,1289,0,40,2,6,2,1,25,55,8
369466,0,1289,0,40,2,3,2,1,18,59,8
330179,0,1289,0,40,2,9,2,1,87,39,8
352466,1,1289,1277,40,2,7,2,1,37,18,8
371923,0,1289,0,40,3,2,2,1,21,20,8
336409,0,1289,0,40,2,11,2,1,57,49,8
347849,0,1289,0,40,2,6,2,1,45,57,8
361200,0,1289,0,40,3,5,2,1,28,72,8
347245,0,1289,0,40,3,6,2,1,56,20,8
371809,0,1289,0,40,3,3,2,1,19,49,8
364596,0,1289,0,40,3,5,2,1,29,48,8
371944,0,1289,0,40,3,3,2,1,20,37,8
379879,0,1289,0,40,2,1,2,1,8,39,8
381065,0,1289,0,40,2,1,2,1,8,57,8
381677,0,1289,0,40,3,1,2,1,8,112,8
371020,0,1289,0,40,2,3,2,1,10,80,8
353717,0,1289,0,40,3,6,2,1,38,54,8
223719,1,1289,940,40,2,35,2,1,202,66,8
357161,0,1289,0,40,3,5,2,1,34,54,8
376056,0,1289,0,40,2,2,2,1,8,55,8
373511,0,1289,0,40,3,3,2,1,12,39,8
334143,0,1289,0,40,3,12,2,1,78,57,8
328435,0,1289,0,40,2,6,2,1,78,38,8
351808,0,1289,0,40,2,5,2,1,40,25,8
346867,0,1289,0,40,3,7,2,1,48,24,8
361521,0,1289,0,40,2,5,2,1,25,39,8
369176,0,1289,0,40,3,4,2,1,17,29,8
346679,0,1289,0,40,3,8,2,1,52,23,8
369998,0,1289,0,40,3,4,2,1,18,38,8
338635,0,1289,0,40,3,12,2,1,59,51,8
370951,0,1289,0,40,2,4,2,1,15,86,8
370640,0,1289,0,40,3,3,2,1,22,20,8
355102,0,1289,0,40,2,8,2,1,31,43,8
362913,0,1289,0,40,2,5,2,1,22,41,8
334705,0,1289,0,40,2,12,2,1,67,30,8
378007,0,1289,0,40,3,2,2,1,10,75,8
371854,0,1289,0,40,2,4,2,1,15,30,8
325275,0,1289,0,40,3,9,2,1,49,46,8
347135,1,1289,1284,24.0482,3,7,2,1,41,85,8
372796,0,1289,0,40,2,3,2,1,17,25,8
374516,0,1289,0,40,2,3,2,1,14,43,8
361752,0,1289,0,40,2,6,2,1,16,34,8
380374,0,1289,0,40,3,2,2,1,8,81,8
326300,0,1289,0,40,2,5,2,1,61,21,8
354495,0,1289,0,40,3,6,2,1,33,65,8
342236,0,1289,0,40,3,7,2,1,62,76,8
356817,0,1289,0,40,3,5,2,1,36,28,8
380127,0,1289,0,40,3,1,2,1,7,52,8
381710,0,1289,0,40,2,1,2,1,7,37,8
381914,0,1289,0,40,3,1,2,1,7,26,8
382305,0,1289,0,40,2,1,2,1,7,37,8
382453,0,1289,0,40,2,1,2,1,7,53,8
382517,0,1289,0,40,2,1,2,1,7,54,8
382587,0,1289,0,40,2,1,2,1,7,56,8
382615,0,1289,0,40,3,1,2,1,7,31,8
371922,0,1289,0,40,3,2,2,1,13,43,8
331134,0,1289,0,40,3,14,2,1,64,97,8
352229,0,1289,0,40,2,8,2,1,25,69,8
373488,0,1289,0,40,3,2,2,1,8,17,8
355014,0,1289,0,40,3,4,2,1,32,42,8
374442,0,1289,0,40,3,2,2,1,12,34,8
337235,0,1289,0,40,2,7,2,1,73,31,8
357694,0,1289,0,40,2,5,2,1,33,44,8
375559,0,1289,0,40,3,2,2,1,12,25,8
367079,0,1289,0,40,3,3,2,1,19,33,8
368615,0,1289,0,40,2,3,2,1,16,46,8
368383,0,1289,0,40,3,4,2,1,15,27,8
367348,0,1289,0,40,2,4,2,1,22,38,8
372906,0,1289,0,40,3,2,2,1,16,44,8
375639,0,1289,0,40,2,2,2,1,14,22,8
364968,0,1289,0,40,3,4,2,1,21,37,8
368537,0,1289,0,40,3,3,2,1,23,70,8
375733,0,1289,0,40,3,3,2,1,10,38,8
353308,0,1289,0,40,3,8,2,1,36,30,8
362450,0,1289,0,40,3,6,2,1,22,27,8
352814,0,1289,0,40,2,6,2,1,33,63,8
347316,1,1289,1284,40,2,7,2,1,53,55,8
361972,0,1289,0,40,3,5,2,1,24,26,8
345995,1,1289,1264,37.6583,3,9,2,1,42,88,8
330118,0,1289,0,40,2,16,2,1,70,38,8
372408,0,1289,0,40,2,3,2,1,17,45,8
374380,0,1289,0,40,3,2,2,1,17,20,8
375419,0,1289,0,40,2,2,2,1,15,16,8
360752,0,1289,0,40,2,4,2,1,30,71,8
356392,0,1289,0,40,3,5,2,1,40,27,8
381384,0,1289,0,40,3,2,2,1,7,43,8
360442,0,1289,0,40,2,5,2,1,29,34,8
372035,0,1289,0,40,2,4,2,1,16,34,8
381235,0,1289,0,40,3,1,2,1,6,46,8
381744,0,1289,0,40,2,1,2,1,6,49,8
382248,0,1289,0,40,3,1,2,1,6,23,8
382424,0,1289,0,40,3,1,2,1,6,35,8
382735,1,1289,1284,40,2,1,2,1,6,54,8
383109,0,1289,0,40,3,1,2,1,6,55,8
383221,0,1289,0,40,2,1,2,1,6,50,8
360937,0,1289,0,40,3,4,2,1,19,44,8
363912,0,1289,0,40,2,4,2,1,21,40,8
371802,0,1289,0,40,2,2,2,1,17,112,8
364327,0,1289,0,40,3,7,2,1,16,57,8
350279,0,1289,0,40,3,5,2,1,48,47,8
359042,0,1289,0,40,2,4,2,1,26,43,8
368259,0,1289,0,40,3,3,2,1,20,37,8
377940,0,1289,0,40,3,2,2,1,8,51,8
360748,0,1289,0,40,2,5,2,1,25,83,8
365449,0,1289,0,40,3,4,2,1,23,16,8
372562,0,1289,0,40,3,3,2,1,11,40,8
339258,0,1289,0,40,3,9,2,1,47,24,8
378762,0,1289,0,40,3,2,2,1,6,73,8
343323,0,1289,0,40,2,6,2,1,49,35,8
339065,0,1289,0,40,3,9,2,1,59,33,8
368455,0,1289,0,40,2,4,2,1,16,45,8
352535,0,1289,0,40,2,7,2,1,30,26,8
341143,0,1289,0,40,3,9,2,1,50,61,8
367293,0,1289,0,40,2,3,2,1,25,46,8
376401,0,1289,0,40,3,2,2,1,13,57,8
358575,0,1289,0,40,3,5,2,1,34,62,8
377743,0,1289,0,40,2,2,2,1,9,13,8
372301,0,1289,0,40,3,3,2,1,14,39,8
353743,0,1289,0,40,3,7,2,1,32,36,8
379733,0,1289,0,40,2,2,2,1,7,56,8
363663,0,1289,0,40,2,6,2,1,12,45,8
342110,0,1289,0,40,2,10,2,1,49,31,8
373578,0,1289,0,40,2,4,2,1,14,31,8
374363,0,1289,0,40,2,3,2,1,14,51,8
360763,0,1289,0,40,2,5,2,1,30,58,8
340917,0,1289,0,40,2,11,2,1,44,44,8
375268,0,1289,0,40,3,3,2,1,14,56,8
370360,0,1289,0,40,3,2,2,1,23,48,8
367986,0,1289,0,40,3,4,2,1,22,47,8
364546,0,1289,0,40,2,5,2,1,27,73,8
349140,0,1289,0,40,3,6,2,1,52,51,8
370684,0,1289,0,40,3,4,2,1,14,43,8
356398,0,1289,0,40,3,6,2,1,35,78,8
364137,0,1289,0,40,3,6,2,1,29,79,8
356488,0,1289,0,40,2,7,2,1,24,53,8
380816,0,1289,0,40,2,2,2,1,10,96,8
382154,0,1289,0,40,3,1,2,1,5,43,8
382346,0,1289,0,40,2,1,2,1,5,66,8
383026,0,1289,0,40,3,1,2,1,5,44,8
383194,0,1289,0,40,2,1,2,1,5,28,8
383288,0,1289,0,40,3,1,2,1,5,49,8
383346,0,1289,0,40,2,1,2,1,5,70,8
383450,0,1289,0,40,2,1,2,1,5,51,8
383488,0,1289,0,40,3,1,2,1,5,33,8
383542,0,1289,0,40,2,1,2,1,5,48,8
383644,0,1289,0,40,3,1,2,1,5,38,8
383738,0,1289,0,40,2,1,2,1,5,39,8
383818,0,1289,0,40,3,1,2,1,5,78,8
356077,0,1289,0,40,2,4,2,1,45,65,8
355863,0,1289,0,40,2,3,2,1,44,40,8
370276,0,1289,0,40,2,1,2,1,27,54,8
363227,0,1289,0,40,2,2,2,1,31,38,8
339934,0,1289,0,40,3,10,2,1,51,13,8
347962,1,1289,1252,40,2,6,2,1,45,50,8
354616,0,1289,0,40,3,4,2,1,47,65,8
341896,0,1289,0,40,2,5,2,1,65,33,8
338202,0,1289,0,40,2,9,2,1,61,57,8
365311,0,1289,0,40,3,3,2,1,28,14,8
343686,0,1289,0,40,3,7,2,1,53,13,8
359154,0,1289,0,40,3,4,2,1,38,25,8
342207,0,1289,0,40,3,7,2,1,52,55,8
374506,0,1289,0,40,3,1,2,1,21,70,8
349289,0,1289,0,40,3,6,2,1,51,37,8
349842,0,1289,0,40,2,4,2,1,49,63,8
375162,0,1289,0,40,3,1,2,1,20,25,8
359599,0,1289,0,40,2,4,2,1,26,36,8
365495,0,1289,0,40,3,2,2,1,30,47,8
350157,0,1289,0,40,2,6,2,1,41,74,8
364695,0,1289,0,40,2,3,2,1,29,48,8
365670,0,1289,0,40,2,3,2,1,30,61,8
333485,0,1289,0,40,2,12,2,1,68,46,8
374200,0,1289,0,40,3,1,2,1,19,51,8
334526,0,1289,0,40,3,9,2,1,63,34,8
363612,0,1289,0,40,2,2,2,1,36,72,8
373632,1,1289,1285,20.6251,3,1,2,1,18,29,8
376665,0,1289,0,40,2,1,2,1,18,79,8
363434,0,1289,0,40,2,3,2,1,26,24,8
319406,0,1289,0,40,3,8,2,1,53,22,8
376450,0,1289,0,40,2,1,2,1,17,15,8
366415,0,1289,0,40,3,4,2,1,25,63,8
363058,0,1289,0,40,2,3,2,1,32,30,8
374764,0,1289,0,40,2,2,2,1,17,69,8
363682,0,1289,0,40,2,3,2,1,30,60,8
344356,0,1289,0,40,3,10,2,1,50,42,8
343786,0,1289,0,40,2,6,2,1,60,43,8
338109,0,1289,0,40,2,9,2,1,57,76,8
367937,0,1289,0,40,2,2,2,1,24,53,8
352425,1,1289,1285,25.2607,3,6,2,1,43,13,8
351585,0,1289,0,40,2,7,2,1,44,22,8
354504,0,1289,0,40,3,5,2,1,42,85,8
363083,0,1289,0,40,3,5,2,1,21,42,8
377209,0,1289,0,40,3,1,2,1,15,41,8
360912,0,1289,0,40,3,4,2,1,31,16,8
344155,0,1289,0,40,2,8,2,1,50,44,8
336093,0,1289,0,40,3,8,2,1,82,69,8
378211,0,1289,0,40,2,1,2,1,14,78,8
327991,0,1289,0,40,2,6,2,1,53,62,8
370483,0,1289,0,40,2,3,2,1,22,20,8
358565,0,1289,0,40,3,5,2,1,31,29,8
374401,0,1289,0,40,2,2,2,1,20,45,8
343754,0,1289,0,40,2,8,2,1,50,36,8
342958,0,1289,0,40,3,8,2,1,59,79,8
346954,0,1289,0,40,3,8,2,1,41,48,8
378625,0,1289,0,40,3,1,2,1,13,69,8
378938,0,1289,0,40,3,1,2,1,13,45,8
379370,0,1289,0,40,3,1,2,1,13,34,8
364319,0,1289,0,40,2,3,2,1,27,20,8
321049,0,1289,0,40,2,9,2,1,50,40,8
338428,0,1289,0,40,2,8,2,1,68,28,8
350934,0,1289,0,40,3,9,2,1,33,25,8
365597,0,1289,0,40,2,4,2,1,30,43,8
374415,0,1289,0,40,3,2,2,1,18,44,8
374112,0,1289,0,40,2,2,2,1,13,39,8
332403,0,1289,0,40,2,11,2,1,81,40,8
377157,0,1289,0,40,2,2,2,1,14,34,8
353073,0,1289,0,40,2,5,2,1,53,21,8
379289,0,1289,0,40,3,1,2,1,12,60,8
349848,0,1289,0,40,2,6,2,1,47,28,8
329932,0,1289,0,40,3,12,2,1,88,26,8
332082,0,1289,0,40,2,10,2,1,77,39,8
343931,0,1289,0,40,3,8,2,1,49,71,8
323757,0,1289,0,40,3,11,2,1,46,39,8
350626,0,1289,0,40,2,6,2,1,50,33,8
366696,0,1289,0,40,2,3,2,1,24,26,8
376365,0,1289,0,40,2,2,2,1,13,53,8
347816,0,1289,0,40,3,6,2,1,44,38,8
375672,0,1289,0,40,3,2,2,1,17,22,8
372201,0,1289,0,40,3,4,2,1,14,43,8
339208,0,1289,0,40,3,11,2,1,44,50,8
340489,0,1289,0,40,3,11,2,1,44,57,8
336128,0,1289,0,40,2,12,2,1,59,60,8
352571,0,1289,0,40,3,6,2,1,39,58,8
353671,0,1289,0,40,2,6,2,1,49,90,8
358554,0,1289,0,40,2,4,2,1,35,16,8
362109,0,1289,0,40,3,5,2,1,24,24,8
355574,0,1289,0,40,2,4,2,1,41,38,8
335401,0,1289,0,40,2,9,2,1,53,51,8
373385,0,1289,0,40,3,3,2,1,14,27,8
366901,0,1289,0,40,3,4,2,1,23,77,8
376595,0,1289,0,40,2,2,2,1,12,38,8
370285,0,1289,0,40,3,3,2,1,17,29,8
374169,0,1289,0,40,3,2,2,1,17,35,8
372400,0,1289,0,40,3,3,2,1,13,16,8
366626,0,1289,0,40,3,4,2,1,26,33,8
324959,0,1289,0,40,3,12,2,1,49,31,8
354966,0,1289,0,40,2,3,2,1,42,32,8
378082,0,1289,0,40,3,2,2,1,13,61,8
366343,0,1289,0,40,2,5,2,1,24,34,8
363902,0,1289,0,40,2,5,2,1,25,51,8
351526,0,1289,0,40,2,6,2,1,50,42,8
379599,0,1289,0,40,3,1,2,1,10,44,8
380299,0,1289,0,40,2,1,2,1,10,11,8
380735,0,1289,0,40,2,1,2,1,10,35,8
381436,0,1289,0,40,3,1,2,1,10,24,8
334282,0,1289,0,40,2,10,2,1,73,36,8
373765,0,1289,0,40,2,2,2,1,18,41,8
363585,0,1289,0,40,2,5,2,1,24,54,8
364044,0,1289,0,40,3,5,2,1,25,41,8
375706,0,1289,0,40,3,2,2,1,16,18,8
376862,0,1289,0,40,2,2,2,1,13,16,8
368536,0,1289,0,40,2,3,2,1,25,49,8
370867,0,1289,0,40,3,3,2,1,17,51,8
343252,0,1289,0,40,2,7,2,1,57,32,8
374632,0,1289,0,40,3,3,2,1,15,39,8
343986,0,1289,0,40,2,10,2,1,47,51,8
367964,0,1289,0,40,2,3,2,1,29,21,8
371357,0,1289,0,40,2,4,2,1,20,27,8
379794,0,1289,0,40,2,2,2,1,11,38,8
357029,0,1289,0,40,3,6,2,1,31,30,8
358591,0,1289,0,40,2,5,2,1,33,32,8
375798,0,1289,0,40,3,2,2,1,18,21,8
380167,0,1289,0,40,2,1,2,1,9,49,8
380449,0,1289,0,40,3,1,2,1,9,82,8
381221,0,1289,0,40,2,1,2,1,9,47,8
382029,0,1289,0,40,2,1,2,1,9,60,8
347884,0,1289,0,40,3,7,2,1,37,73,8
370593,0,1289,0,40,2,2,2,1,21,29,8
359906,0,1289,0,40,3,5,2,1,25,35,8
348258,0,1289,0,40,2,7,2,1,45,65,8
366724,0,1289,0,40,3,4,2,1,18,37,8
363451,0,1289,0,40,2,4,2,1,22,16,8
378148,0,1289,0,40,2,2,2,1,10,64,8
374578,0,1289,0,40,3,3,2,1,11,43,8
349676,0,1289,0,40,3,6,2,1,47,58,8
373208,0,1289,0,40,3,3,2,1,15,66,8
377242,0,1289,0,40,2,2,2,1,13,46,8
349787,1,1289,1255,40,3,5,2,1,49,28,8
360566,0,1289,0,40,3,5,2,1,21,12,8
358172,0,1289,0,40,2,4,2,1,27,45,8
354518,0,1289,0,40,3,4,2,1,43,34,8
356035,0,1289,0,40,3,7,2,1,32,75,8
372671,0,1289,0,40,3,2,2,1,24,58,8
381814,0,1289,0,40,3,1,2,1,8,26,8
381846,0,1289,0,40,3,1,2,1,8,16,8
382123,1,1289,1285,18.2875,3,1,2,1,8,21,8
372805,0,1289,0,40,2,2,2,1,8,42,8
372505,0,1289,0,40,3,2,2,1,13,74,8
305469,0,1289,0,40,2,14,2,1,86,94,8
358802,1,1289,1285,40,2,6,2,1,27,68,8
334544,0,1289,0,40,2,12,2,1,45,32,8
351343,0,1289,0,40,3,5,2,1,38,18,8
363048,0,1289,0,40,3,4,2,1,28,27,8
374441,0,1289,0,40,2,2,2,1,16,115,8
364391,0,1289,0,40,3,5,2,1,21,87,8
368561,0,1289,0,40,2,3,2,1,18,40,8
308552,0,1289,0,40,2,14,2,1,92,54,8
373260,0,1289,0,40,3,3,2,1,13,19,8
344371,0,1289,0,40,3,8,2,1,37,46,8
376905,0,1289,0,40,3,2,2,1,13,66,8
378901,0,1289,0,40,3,2,2,1,9,41,8
353340,0,1289,0,40,2,7,2,1,33,32,8
335504,0,1289,0,40,2,9,2,1,65,21,8
349476,0,1289,0,40,2,8,2,1,43,39,8
355908,0,1289,0,40,3,6,2,1,32,68,8
369715,0,1289,0,40,3,4,2,1,19,23,8
369341,0,1289,0,40,3,3,2,1,22,108,8
329116,0,1289,0,40,3,8,2,1,53,67,8
362225,0,1289,0,40,2,4,2,1,30,38,8
379419,0,1289,0,40,3,2,2,1,8,47,8
351208,1,1289,1265,35.5235,3,7,2,1,42,19,8
361903,0,1289,0,40,3,4,2,1,33,86,8
368843,0,1289,0,40,3,5,2,1,21,58,8
329094,0,1289,0,40,3,15,2,1,85,31,8
373191,0,1289,0,40,2,4,2,1,18,69,8
243789,0,1289,0,40,2,23,2,1,153,43,8
326547,0,1289,0,40,2,7,2,1,32,34,8
353978,0,1289,0,40,3,7,2,1,37,48,8
380943,0,1289,0,40,2,1,2,1,7,70,8
382140,0,1289,0,40,2,1,2,1,7,46,8
382404,0,1289,0,40,3,1,2,1,7,58,8
382552,0,1289,0,40,3,1,2,1,7,64,8
383059,0,1289,0,40,3,1,2,1,7,95,8
383133,0,1289,0,40,3,1,2,1,7,37,8
335754,0,1289,0,40,3,10,2,1,65,63,8
377733,0,1289,0,40,2,2,2,1,7,47,8
342983,0,1289,0,40,2,10,2,1,35,29,8
361703,0,1289,0,40,3,4,2,1,21,53,8
377908,0,1289,0,40,3,2,2,1,10,29,8
360953,0,1289,0,40,3,5,2,1,24,50,8
345705,0,1289,0,40,3,8,2,1,38,26,8
333852,0,1289,0,40,2,9,2,1,71,48,8
373623,0,1289,0,40,2,3,2,1,15,54,8
345685,0,1289,0,40,3,7,2,1,47,12,8
341724,0,1289,0,40,3,9,2,1,61,52,8
379542,0,1289,0,40,2,2,2,1,9,66,8
358480,0,1289,0,40,2,5,2,1,32,19,8
353167,0,1289,0,40,3,4,2,1,50,35,8
353358,0,1289,0,40,2,5,2,1,38,71,8
371515,0,1289,0,40,2,3,2,1,20,30,8
359217,0,1289,0,40,3,5,2,1,30,36,8
359146,0,1289,0,40,2,3,2,1,44,86,8
365933,1,1289,1270,27.7125,3,7,2,1,16,87,8
372022,0,1289,0,40,3,3,2,1,18,56,8
371473,0,1289,0,40,2,5,2,1,17,85,8
349039,0,1289,0,40,3,8,2,1,48,34,8
380847,0,1289,0,40,2,2,2,1,10,28,8
381524,0,1289,0,40,3,1,2,1,6,33,8
382658,0,1289,0,40,3,1,2,1,6,26,8
382850,0,1289,0,40,3,1,2,1,6,75,8
383356,0,1289,0,40,2,1,2,1,6,49,8
372962,0,1289,0,40,2,3,2,1,8,39,8
378743,0,1289,0,40,2,2,2,1,6,37,8
368645,0,1289,0,40,2,2,2,1,24,16,8
360159,0,1289,0,40,3,4,2,1,30,47,8
365278,0,1289,0,40,2,4,2,1,23,45,8
373936,0,1289,0,40,2,2,2,1,15,46,8
324958,0,1289,0,40,2,8,2,1,30,37,8
375751,0,1289,0,40,2,2,2,1,13,59,8
377692,0,1289,0,40,3,2,2,1,10,36,8
365940,0,1289,0,40,2,4,2,1,22,32,8
367114,0,1289,0,40,2,3,2,1,22,48,8
376758,0,1289,0,40,3,2,2,1,12,17,8
377598,0,1289,0,40,2,2,2,1,11,29,8
329137,0,1289,0,40,2,9,2,1,62,31,8
360447,0,1289,0,40,3,6,2,1,31,48,8
352737,0,1289,0,40,2,7,2,1,29,32,8
378825,1,1289,1285,28.5463,3,2,2,1,10,51,8
372791,0,1289,0,40,2,3,2,1,12,125,8
355151,0,1289,0,40,2,7,2,1,28,73,8
368317,0,1289,0,40,3,4,2,1,21,41,8
375420,0,1289,0,40,3,2,2,1,17,103,8
376171,0,1289,0,40,2,2,2,1,16,25,8
368558,0,1289,0,40,3,4,2,1,23,37,8
378000,0,1289,0,40,3,2,2,1,13,74,8
365596,1,1289,1281,17.0928,3,4,2,1,25,27,8
327746,1,1289,1273,40,2,8,2,1,40,36,8
370624,0,1289,0,40,2,2,2,1,25,49,8
353888,0,1289,0,40,3,7,2,1,34,25,8
369529,0,1289,0,40,2,4,2,1,18,80,8
338359,0,1289,0,40,3,10,2,1,59,52,8
359216,0,1289,0,40,3,6,2,1,26,30,8
371580,0,1289,0,40,2,3,2,1,16,27,8
348607,0,1289,0,40,3,8,2,1,39,30,8
332556,0,1289,0,40,2,8,2,1,89,55,8
344066,0,1289,0,40,3,7,2,1,57,54,8
381548,0,1289,0,40,2,1,2,1,5,29,8
383539,0,1289,0,40,3,1,2,1,5,56,8
383679,0,1289,0,40,2,1,2,1,5,26,8
383890,0,1289,0,40,2,1,2,1,5,49,8
383938,0,1289,0,40,2,1,2,1,5,36,8
384264,0,1289,0,40,2,1,2,1,5,25,8
384362,0,1289,0,40,3,1,2,1,5,23,8
362718,0,1289,0,40,3,3,2,1,34,42,8
368611,0,1289,0,40,2,2,2,1,26,18,8
332642,0,1289,0,40,2,10,2,1,86,26,8
353500,0,1289,0,40,2,6,2,1,37,45,8
374210,0,1289,0,40,2,1,2,1,22,36,8
360155,0,1289,0,40,2,3,2,1,33,59,8
365237,0,1289,0,40,3,4,2,1,31,95,8
333350,1,1289,1286,34.1532,2,6,2,1,89,54,8
361739,0,1289,0,40,2,4,2,1,33,49,8
374458,0,1289,0,40,2,2,2,1,19,20,8
365742,0,1289,0,40,2,3,2,1,21,40,8
342728,0,1289,0,40,3,7,2,1,60,70,8
377527,0,1289,0,40,3,1,2,1,17,21,8
352052,0,1289,0,40,3,5,2,1,46,22,8
357898,0,1289,0,40,3,5,2,1,41,41,8
356517,0,1289,0,40,3,4,2,1,41,47,8
378636,0,1289,0,40,2,1,2,1,16,33,8
354145,0,1289,0,40,2,5,2,1,36,103,8
370318,0,1289,0,40,3,3,2,1,24,90,8
350512,0,1289,0,40,2,5,2,1,53,39,8
377535,0,1289,0,40,2,1,2,1,15,43,8
354665,0,1289,0,40,2,5,2,1,32,22,8
338449,1,1289,1286,32.4731,2,12,2,1,55,14,8
364322,0,1289,0,40,2,3,2,1,34,46,8
345895,0,1289,0,40,2,7,2,1,55,15,8
368454,0,1289,0,40,2,4,2,1,21,45,8
365400,0,1289,0,40,3,2,2,1,34,44,8
351917,0,1289,0,40,3,5,2,1,48,53,8
366797,0,1289,0,40,3,3,2,1,26,40,8
379968,0,1289,0,40,2,1,2,1,13,36,8
333354,0,1289,0,40,2,9,2,1,70,61,8
373417,0,1289,0,40,2,3,2,1,16,65,8
356087,0,1289,0,40,2,6,2,1,38,45,8
375485,0,1289,0,40,3,3,2,1,15,85,8
380085,0,1289,0,40,2,1,2,1,12,23,8
380237,0,1289,0,40,2,1,2,1,12,92,8
374804,0,1289,0,40,2,2,2,1,15,50,8
376637,1,1289,1286,24.1737,3,2,2,1,14,36,8
362910,0,1289,0,40,3,4,2,1,27,19,8
360783,0,1289,0,40,3,6,2,1,27,46,8
369594,0,1289,0,40,3,4,2,1,16,53,8
336546,0,1289,0,40,2,12,2,1,58,22,8
381030,0,1289,0,40,2,1,2,1,11,41,8
381456,0,1289,0,40,2,1,2,1,11,46,8
347972,0,1289,0,40,2,8,2,1,42,34,8
339964,0,1289,0,40,2,10,2,1,57,50,8
330738,0,1289,0,40,3,11,2,1,78,48,8
326995,0,1289,0,40,2,6,2,1,37,49,8
369530,0,1289,0,40,2,2,2,1,17,16,8
345907,0,1289,0,40,2,6,2,1,57,34,8
367686,0,1289,0,40,2,4,2,1,20,40,8
378934,0,1289,0,40,2,2,2,1,10,19,8
349268,0,1289,0,40,3,8,2,1,43,54,8
348501,0,1289,0,40,2,10,2,1,38,52,8
380766,0,1289,0,40,3,2,2,1,10,30,8
381271,0,1289,0,40,2,1,2,1,9,55,8
381502,0,1289,0,40,3,1,2,1,9,54,8
335529,0,1289,0,40,3,10,2,1,59,35,8
321224,0,1289,0,40,2,13,2,1,78,62,8
350212,0,1289,0,40,3,5,2,1,52,41,8
375917,0,1289,0,40,3,3,2,1,13,45,8
375405,0,1289,0,40,3,2,2,1,17,64,8
363694,1,1289,1277,22.2047,3,4,2,1,34,18,8
381478,0,1289,0,40,2,2,2,1,9,64,8
348927,0,1289,0,40,2,6,2,1,46,60,8
382420,0,1289,0,40,2,1,2,1,8,31,8
382532,1,1289,1286,20.3848,3,1,2,1,8,35,8
382779,0,1289,0,40,3,1,2,1,8,40,8
366457,0,1289,0,40,3,4,2,1,23,62,8
293020,0,1289,0,40,3,16,2,1,91,58,8
342055,0,1289,0,40,3,8,2,1,54,44,8
327336,0,1289,0,40,2,8,2,1,38,50,8
374972,0,1289,0,40,3,3,2,1,15,32,8
344566,0,1289,0,40,2,8,2,1,53,63,8
378347,0,1289,0,40,3,3,2,1,11,34,8
382117,0,1289,0,40,2,2,2,1,8,43,8
383150,0,1289,0,40,3,1,2,1,7,73,8
383578,0,1289,0,40,3,1,2,1,7,38,8
383628,0,1289,0,40,2,1,2,1,7,68,8
383728,0,1289,0,40,2,1,2,1,7,40,8
383820,0,1289,0,40,2,1,2,1,7,42,8
349641,0,1289,0,40,2,5,2,1,49,50,8
361980,0,1289,0,40,3,4,2,1,30,45,8
327857,0,1289,0,40,2,6,2,1,34,47,8
377534,0,1289,0,40,2,3,2,1,10,55,8
368211,0,1289,0,40,3,4,2,1,26,13,8
379204,0,1289,0,40,3,2,2,1,9,13,8
379683,0,1289,0,40,3,2,2,1,10,61,8
364520,0,1289,0,40,3,5,2,1,32,25,8
382048,0,1289,0,40,2,1,2,1,6,60,8
382700,0,1289,0,40,3,1,2,1,6,63,8
334486,0,1289,0,40,2,10,2,1,63,73,8
335814,1,1289,1253,40,3,8,2,1,70,76,8
375581,0,1289,0,40,3,2,2,1,13,37,8
331311,0,1289,0,40,3,13,2,1,74,43,8
328847,0,1289,0,40,3,11,2,1,49,30,8
371541,0,1289,0,40,3,3,2,1,21,23,8
358307,1,1289,1255,40,3,5,2,1,27,60,8
372104,0,1289,0,40,2,3,2,1,16,24,8
349857,0,1289,0,40,2,8,2,1,34,49,8
378461,0,1289,0,40,3,2,2,1,9,80,8
381228,0,1289,0,40,2,2,2,1,7,59,8
350297,1,1289,1235,40,2,6,2,1,41,38,8
381573,0,1289,0,40,3,2,2,1,6,58,8
367104,0,1289,0,40,2,5,2,1,22,20,8
371530,0,1289,0,40,2,3,2,1,17,33,8
382307,0,1289,0,40,2,2,2,1,6,74,8
355815,0,1289,0,40,3,7,2,1,37,60,8
362402,0,1289,0,40,3,3,2,1,40,63,8
365201,0,1289,0,40,2,4,2,1,23,40,8
376040,0,1289,0,40,2,2,2,1,16,34,8
379442,1,1289,1286,27.2079,3,2,2,1,13,54,8
384727,0,1289,0,40,2,1,2,1,5,55,8
384873,0,1289,0,40,2,1,2,1,5,24,8
354151,0,1289,0,40,3,6,2,1,41,41,8
327396,0,1289,0,40,2,8,2,1,63,86,8
377620,0,1289,0,40,3,1,2,1,18,30,8
361843,0,1289,0,40,2,4,2,1,28,46,8
359453,0,1289,0,40,2,4,2,1,35,40,8
347878,0,1289,0,40,3,6,2,1,46,52,8
357897,0,1289,0,40,2,6,2,1,26,26,8
344898,0,1289,0,40,3,6,2,1,62,53,8
368969,0,1289,0,40,2,4,2,1,22,35,8
381614,0,1289,0,40,3,1,2,1,10,80,8
376410,0,1289,0,40,3,2,2,1,16,23,8
361450,0,1289,0,40,3,5,2,1,33,53,8
368115,0,1289,0,40,2,3,2,1,25,126,8
365922,0,1289,0,40,3,5,2,1,24,22,8
383238,0,1289,0,40,3,1,2,1,8,33,8
328570,0,1289,0,40,2,9,2,1,49,12,8
356538,0,1289,0,40,2,6,2,1,21,36,8
358244,0,1289,0,40,3,4,2,1,37,56,8
371490,0,1289,0,40,3,3,2,1,19,38,8
378296,0,1289,0,40,2,2,2,1,15,56,8
360383,1,1289,1250,40,3,4,2,1,29,48,8
384773,0,1289,0,40,2,1,2,1,6,59,8
384937,0,1289,0,40,2,1,2,1,6,17,8
341090,1,1289,1282,40,2,10,2,1,59,58,8
373743,0,1289,0,40,3,3,2,1,9,37,8
345528,0,1289,0,40,3,10,2,1,47,50,8
383969,0,1289,0,40,3,1,2,1,5,68,8
384393,0,1289,0,40,2,1,2,1,5,63,8
384548,0,1289,0,40,2,1,2,1,5,27,8
384912,0,1289,0,40,3,1,2,1,5,46,8
381564,0,1289,0,40,3,0,2,1,4,42,8
382238,0,1289,0,40,2,0,2,1,4,29,8
382366,0,1289,0,40,3,0,2,1,4,60,8
382622,0,1289,0,40,2,0,2,1,4,51,8
382728,0,1289,0,40,2,0,2,1,4,48,8
382792,0,1289,0,40,3,0,2,1,4,65,8
382856,0,1289,0,40,3,0,2,1,4,71,8
382920,0,1289,0,40,2,0,2,1,4,18,8
383216,0,1289,0,40,3,0,2,1,4,45,8
383285,0,1289,0,40,2,0,2,1,4,30,8
383317,0,1289,0,40,2,0,2,1,4,72,8
383349,0,1289,0,40,3,0,2,1,4,34,8
383381,0,1289,0,40,2,0,2,1,4,47,8
383417,0,1289,0,40,2,0,2,1,4,48,8
383449,0,1289,0,40,2,0,2,1,4,54,8
383481,0,1289,0,40,2,0,2,1,4,48,8
383545,0,1289,0,40,3,0,2,1,4,45,8
383577,0,1289,0,40,2,0,2,1,4,19,8
383649,0,1289,0,40,2,0,2,1,4,27,8
383681,0,1289,0,40,2,0,2,1,4,65,8
383745,0,1289,0,40,3,0,2,1,4,33,8
383809,0,1289,0,40,3,0,2,1,4,23,8
383853,0,1289,0,40,2,0,2,1,4,34,8
383885,0,1289,0,40,3,0,2,1,4,48,8
383901,0,1289,0,40,3,0,2,1,4,19,8
383917,0,1289,0,40,3,0,2,1,4,67,8
383933,0,1289,0,40,2,0,2,1,4,56,8
383949,0,1289,0,40,2,0,2,1,4,43,8
383965,0,1289,0,40,3,0,2,1,4,53,8
383981,0,1289,0,40,3,0,2,1,4,16,8
383997,0,1289,0,40,2,0,2,1,4,31,8
384029,0,1289,0,40,3,0,2,1,4,43,8
384045,0,1289,0,40,2,0,2,1,4,30,8
384061,0,1289,0,40,3,0,2,1,4,21,8
384077,0,1289,0,40,2,0,2,1,4,78,8
384093,0,1289,0,40,3,0,2,1,4,54,8
384109,0,1289,0,40,2,0,2,1,4,32,8
384125,0,1289,0,40,2,0,2,1,4,18,8
384141,0,1289,0,40,3,0,2,1,4,13,8
384157,0,1289,0,40,3,0,2,1,4,32,8
384173,0,1289,0,40,2,0,2,1,4,44,8
384205,0,1289,0,40,2,0,2,1,4,38,8
384237,0,1289,0,40,3,0,2,1,4,32,8
384253,0,1289,0,40,2,0,2,1,4,22,8
384269,0,1289,0,40,3,0,2,1,4,57,8
384285,0,1289,0,40,3,0,2,1,4,24,8
384301,0,1289,0,40,2,0,2,1,4,27,8
384333,0,1289,0,40,2,0,2,1,4,52,8
384349,0,1289,0,40,2,0,2,1,4,36,8
384365,0,1289,0,40,2,0,2,1,4,51,8
384381,0,1289,0,40,3,0,2,1,4,18,8
384413,0,1289,0,40,3,0,2,1,4,23,8
384429,0,1289,0,40,3,0,2,1,4,18,8
384442,0,1289,0,40,3,0,2,1,4,88,8
384450,0,1289,0,40,2,0,2,1,4,50,8
384458,0,1289,0,40,2,0,2,1,4,32,8
384474,0,1289,0,40,3,0,2,1,4,29,8
384482,0,1289,0,40,3,0,2,1,4,33,8
384490,0,1289,0,40,2,0,2,1,4,30,8
384506,0,1289,0,40,2,0,2,1,4,41,8
384522,0,1289,0,40,2,0,2,1,4,33,8
384538,0,1289,0,40,2,0,2,1,4,100,8
384554,0,1289,0,40,3,0,2,1,4,44,8
384570,0,1289,0,40,3,0,2,1,4,52,8
384594,0,1289,0,40,3,0,2,1,4,87,8
384602,0,1289,0,40,3,0,2,1,4,57,8
384626,0,1289,0,40,2,0,2,1,4,55,8
384634,0,1289,0,40,2,0,2,1,4,33,8
384642,0,1289,0,40,2,0,2,1,4,46,8
384650,0,1289,0,40,2,0,2,1,4,50,8
384658,0,1289,0,40,2,0,2,1,4,56,8
384666,0,1289,0,40,3,0,2,1,4,25,8
384690,0,1289,0,40,2,0,2,1,4,32,8
384698,0,1289,0,40,3,0,2,1,4,50,8
384706,0,1289,0,40,3,0,2,1,4,32,8
384714,0,1289,0,40,2,0,2,1,4,43,8
384730,0,1289,0,40,3,0,2,1,4,29,8
384738,0,1289,0,40,2,0,2,1,4,57,8
384754,0,1289,0,40,2,0,2,1,4,75,8
384762,0,1289,0,40,3,0,2,1,4,83,8
384778,0,1289,0,40,2,0,2,1,4,39,8
384786,0,1289,0,40,2,0,2,1,4,20,8
384794,0,1289,0,40,3,0,2,1,4,58,8
384810,0,1289,0,40,3,0,2,1,4,57,8
384818,0,1289,0,40,3,0,2,1,4,56,8
384826,0,1289,0,40,3,0,2,1,4,47,8
384842,0,1289,0,40,2,0,2,1,4,55,8
384850,0,1289,0,40,3,0,2,1,4,48,8
384866,0,1289,0,40,2,0,2,1,4,56,8
384874,0,1289,0,40,3,0,2,1,4,31,8
384882,0,1289,0,40,3,0,2,1,4,44,8
384890,0,1289,0,40,2,0,2,1,4,19,8
384906,0,1289,0,40,2,0,2,1,4,53,8
384914,0,1289,0,40,2,0,2,1,4,13,8
384946,0,1289,0,40,2,0,2,1,4,18,8
384954,0,1289,0,40,2,0,2,1,4,31,8
384962,0,1289,0,40,3,0,2,1,4,46,8
384978,0,1289,0,40,3,0,2,1,4,47,8
384994,0,1289,0,40,3,0,2,1,4,38,8
385009,0,1289,0,40,2,0,2,1,4,109,8
385021,0,1289,0,40,2,0,2,1,4,50,8
385029,0,1289,0,40,2,0,2,1,4,39,8
385037,0,1289,0,40,2,0,2,1,4,29,8
385041,0,1289,0,40,2,0,2,1,4,21,8
385045,0,1289,0,40,2,0,2,1,4,42,8
385053,0,1289,0,40,3,0,2,1,4,58,8
385061,0,1289,0,40,2,0,2,1,4,30,8
385065,0,1289,0,40,2,0,2,1,4,39,8
385069,0,1289,0,40,2,0,2,1,4,43,8
385077,0,1289,0,40,2,0,2,1,4,67,8
385085,0,1289,0,40,3,0,2,1,4,30,8
385089,0,1289,0,40,3,0,2,1,4,31,8
385097,0,1289,0,40,3,0,2,1,4,42,8
385101,0,1289,0,40,3,0,2,1,4,61,8
385109,0,1289,0,40,3,0,2,1,4,77,8
385113,0,1289,0,40,3,0,2,1,4,76,8
385121,0,1289,0,40,3,0,2,1,4,48,8
385125,0,1289,0,40,2,0,2,1,4,38,8
385133,0,1289,0,40,2,0,2,1,4,36,8
385137,0,1289,0,40,2,0,2,1,4,57,8
385141,0,1289,0,40,2,0,2,1,4,43,8
385145,0,1289,0,40,3,0,2,1,4,20,8
385157,0,1289,0,40,2,0,2,1,4,29,8
385161,0,1289,0,40,2,0,2,1,4,13,8
385165,0,1289,0,40,3,0,2,1,4,40,8
385169,0,1289,0,40,3,0,2,1,4,53,8
385181,0,1289,0,40,3,0,2,1,4,32,8
385189,0,1289,0,40,2,0,2,1,4,19,8
385193,0,1289,0,40,3,0,2,1,4,46,8
385197,0,1289,0,40,2,0,2,1,4,52,8
385201,0,1289,0,40,3,0,2,1,4,23,8
385209,0,1289,0,40,2,0,2,1,4,33,8
385217,0,1289,0,40,2,0,2,1,4,67,8
385221,0,1289,0,40,2,0,2,1,4,55,8
385241,0,1289,0,40,2,0,2,1,4,23,8
385245,0,1289,0,40,3,0,2,1,4,53,8
385249,0,1289,0,40,2,0,2,1,4,37,8
385253,0,1289,0,40,3,0,2,1,4,51,8
385257,0,1289,0,40,2,0,2,1,4,27,8
385265,0,1289,0,40,2,0,2,1,4,43,8
385269,0,1289,0,40,3,0,2,1,4,44,8
385273,0,1289,0,40,2,0,2,1,4,60,8
385281,0,1289,0,40,3,0,2,1,4,49,8
385285,0,1289,0,40,2,0,2,1,4,23,8
385289,0,1289,0,40,3,0,2,1,4,18,8
385297,0,1289,0,40,3,0,2,1,4,53,8
385301,0,1289,0,40,3,0,2,1,4,48,8
385305,0,1289,0,40,2,0,2,1,4,37,8
385309,0,1289,0,40,3,0,2,1,4,40,8
385317,0,1289,0,40,2,0,2,1,4,37,8
385321,0,1289,0,40,2,0,2,1,4,43,8
385325,0,1289,0,40,2,0,2,1,4,32,8
385329,0,1289,0,40,2,0,2,1,4,27,8
385333,0,1289,0,40,3,0,2,1,4,24,8
385337,0,1289,0,40,2,0,2,1,4,33,8
385341,0,1289,0,40,3,0,2,1,4,52,8
385349,0,1289,0,40,3,0,2,1,4,52,8
385357,0,1289,0,40,2,0,2,1,4,34,8
385361,0,1289,0,40,3,0,2,1,4,23,8
385365,0,1289,0,40,3,0,2,1,4,25,8
385369,0,1289,0,40,2,0,2,1,4,51,8
385373,0,1289,0,40,2,0,2,1,4,64,8
385377,0,1289,0,40,3,0,2,1,4,41,8
385385,0,1289,0,40,2,0,2,1,4,56,8
385389,0,1289,0,40,2,0,2,1,4,53,8
385397,0,1289,0,40,3,0,2,1,4,60,8
385401,0,1289,0,40,3,0,2,1,4,21,8
385405,0,1289,0,40,2,0,2,1,4,52,8
385409,0,1289,0,40,3,0,2,1,4,67,8
385413,0,1289,0,40,3,0,2,1,4,41,8
385421,0,1289,0,40,3,0,2,1,4,14,8
385425,0,1289,0,40,2,0,2,1,4,45,8
385429,0,1289,0,40,2,0,2,1,4,51,8
385433,0,1289,0,40,2,0,2,1,4,62,8
385437,0,1289,0,40,2,0,2,1,4,17,8
385441,0,1289,0,40,3,0,2,1,4,66,8
385445,0,1289,0,40,3,0,2,1,4,40,8
385449,0,1289,0,40,2,0,2,1,4,23,8
385453,0,1289,0,40,2,0,2,1,4,67,8
385457,0,1289,0,40,3,0,2,1,4,24,8
385465,0,1289,0,40,3,0,2,1,4,30,8
385469,0,1289,0,40,3,0,2,1,4,51,8
385473,0,1289,0,40,3,0,2,1,4,81,8
385485,0,1289,0,40,3,0,2,1,4,47,8
385489,0,1289,0,40,2,0,2,1,4,33,8
385493,0,1289,0,40,2,0,2,1,4,73,8
385501,0,1289,0,40,3,0,2,1,4,52,8
385505,0,1289,0,40,3,0,2,1,4,66,8
385509,0,1289,0,40,2,0,2,1,4,18,8
385513,0,1289,0,40,3,0,2,1,4,64,8
385521,0,1289,0,40,3,0,2,1,4,17,8
385525,0,1289,0,40,3,0,2,1,4,46,8
385537,0,1289,0,40,3,0,2,1,4,19,8
385545,0,1289,0,40,2,0,2,1,4,43,8
385553,0,1289,0,40,3,0,2,1,4,20,8
385557,0,1289,0,40,3,0,2,1,4,37,8
385565,0,1289,0,40,3,0,2,1,4,67,8
385569,0,1289,0,40,3,0,2,1,4,39,8
385573,0,1289,0,40,3,0,2,1,4,56,8
385580,0,1289,0,40,2,0,2,1,4,15,8
385582,0,1289,0,40,3,0,2,1,4,47,8
385584,0,1289,0,40,2,0,2,1,4,86,8
385590,0,1289,0,40,2,0,2,1,4,86,8
385598,0,1289,0,40,2,0,2,1,4,11,8
385602,0,1289,0,40,3,0,2,1,4,51,8
385604,0,1289,0,40,2,0,2,1,4,40,8
385606,0,1289,0,40,2,0,2,1,4,70,8
385608,0,1289,0,40,3,0,2,1,4,25,8
385612,0,1289,0,40,3,0,2,1,4,50,8
385614,0,1289,0,40,3,0,2,1,4,40,8
385616,0,1289,0,40,2,0,2,1,4,52,8
385622,0,1289,0,40,2,0,2,1,4,64,8
385624,0,1289,0,40,3,0,2,1,4,49,8
385628,0,1289,0,40,2,0,2,1,4,33,8
385632,0,1289,0,40,3,0,2,1,4,25,8
385636,0,1289,0,40,3,0,2,1,4,19,8
385644,0,1289,0,40,2,0,2,1,4,56,8
385646,0,1289,0,40,2,0,2,1,4,39,8
385652,0,1289,0,40,3,0,2,1,4,48,8
385654,0,1289,0,40,3,0,2,1,4,60,8
385656,0,1289,0,40,2,0,2,1,4,42,8
385658,0,1289,0,40,3,0,2,1,4,52,8
385660,0,1289,0,40,3,0,2,1,4,43,8
385664,0,1289,0,40,2,0,2,1,4,21,8
385666,0,1289,0,40,3,0,2,1,4,34,8
385668,0,1289,0,40,2,0,2,1,4,57,8
385670,0,1289,0,40,3,0,2,1,4,96,8
385676,0,1289,0,40,2,0,2,1,4,37,8
385678,0,1289,0,40,3,0,2,1,4,41,8
385680,0,1289,0,40,3,0,2,1,4,33,8
385682,0,1289,0,40,2,0,2,1,4,24,8
385686,0,1289,0,40,3,0,2,1,4,33,8
385692,0,1289,0,40,2,0,2,1,4,63,8
385698,0,1289,0,40,3,0,2,1,4,35,8
385700,0,1289,0,40,3,0,2,1,4,45,8
385702,0,1289,0,40,3,0,2,1,4,28,8
385706,0,1289,0,40,2,0,2,1,4,32,8
385708,0,1289,0,40,3,0,2,1,4,33,8
385710,0,1289,0,40,2,0,2,1,4,31,8
385714,0,1289,0,40,2,0,2,1,4,46,8
385716,0,1289,0,40,3,0,2,1,4,33,8
385718,0,1289,0,40,3,0,2,1,4,23,8
385720,0,1289,0,40,2,0,2,1,4,61,8
385722,0,1289,0,40,3,0,2,1,4,36,8
385724,0,1289,0,40,3,0,2,1,4,62,8
385726,0,1289,0,40,2,0,2,1,4,48,8
385730,0,1289,0,40,2,0,2,1,4,31,8
385732,0,1289,0,40,2,0,2,1,4,82,8
385736,0,1289,0,40,3,0,2,1,4,46,8
385742,0,1289,0,40,2,0,2,1,4,26,8
385748,0,1289,0,40,2,0,2,1,4,31,8
385752,0,1289,0,40,3,0,2,1,4,55,8
385754,0,1289,0,40,2,0,2,1,4,70,8
385756,0,1289,0,40,3,0,2,1,4,87,8
385758,0,1289,0,40,3,0,2,1,4,41,8
385762,0,1289,0,40,3,0,2,1,4,91,8
385764,0,1289,0,40,3,0,2,1,4,36,8
385768,0,1289,0,40,2,0,2,1,4,22,8
385770,0,1289,0,40,2,0,2,1,4,15,8
385774,0,1289,0,40,3,0,2,1,4,47,8
385778,0,1289,0,40,3,0,2,1,4,22,8
385780,0,1289,0,40,3,0,2,1,4,38,8
385786,0,1289,0,40,3,0,2,1,4,64,8
385788,0,1289,0,40,3,0,2,1,4,16,8
385792,0,1289,0,40,3,0,2,1,4,46,8
385796,0,1289,0,40,3,0,2,1,4,46,8
385798,0,1289,0,40,2,0,2,1,4,80,8
385800,0,1289,0,40,2,0,2,1,4,63,8
385802,0,1289,0,40,3,0,2,1,4,70,8
385808,0,1289,0,40,2,0,2,1,4,17,8
385810,0,1289,0,40,3,0,2,1,4,25,8
385812,0,1289,0,40,3,0,2,1,4,47,8
385814,0,1289,0,40,2,0,2,1,4,34,8
385816,0,1289,0,40,2,0,2,1,4,26,8
385820,0,1289,0,40,3,0,2,1,4,34,8
385822,0,1289,0,40,2,0,2,1,4,57,8
385824,0,1289,0,40,2,0,2,1,4,58,8
385826,0,1289,0,40,3,0,2,1,4,88,8
385830,0,1289,0,40,2,0,2,1,4,24,8
385834,0,1289,0,40,3,0,2,1,4,122,8
385838,0,1289,0,40,3,0,2,1,4,29,8
385840,0,1289,0,40,2,0,2,1,4,56,8
385842,0,1289,0,40,3,0,2,1,4,73,8
385844,0,1289,0,40,2,0,2,1,4,93,8
385846,0,1289,0,40,3,0,2,1,4,48,8
385848,0,1289,0,40,2,0,2,1,4,22,8
385852,0,1289,0,40,2,0,2,1,4,32,8
385856,0,1289,0,40,2,0,2,1,4,68,8
385864,0,1289,0,40,3,0,2,1,4,46,8
385868,0,1289,0,40,2,0,2,1,4,32,8
385870,0,1289,0,40,2,0,2,1,4,58,8
385872,0,1289,0,40,3,0,2,1,4,45,8
385874,0,1289,0,40,2,0,2,1,4,39,8
385876,0,1289,0,40,3,0,2,1,4,59,8
385878,0,1289,0,40,3,0,2,1,4,33,8
385880,0,1289,0,40,3,0,2,1,4,46,8
385882,0,1289,0,40,3,0,2,1,4,49,8
385884,0,1289,0,40,3,0,2,1,4,45,8
385886,0,1289,0,40,2,0,2,1,4,84,8
385888,0,1289,0,40,3,0,2,1,4,20,8
385892,0,1289,0,40,3,0,2,1,4,53,8
385894,0,1289,0,40,3,0,2,1,4,23,8
385898,0,1289,0,40,3,0,2,1,4,89,8
385900,0,1289,0,40,2,0,2,1,4,33,8
385902,0,1289,0,40,3,0,2,1,4,47,8
385910,0,1289,0,40,3,0,2,1,4,67,8
385914,0,1289,0,40,2,0,2,1,4,65,8
385916,0,1289,0,40,3,0,2,1,4,39,8
385918,0,1289,0,40,2,0,2,1,4,38,8
385920,0,1289,0,40,2,0,2,1,4,63,8
385922,0,1289,0,40,2,0,2,1,4,37,8
385926,0,1289,0,40,2,0,2,1,4,46,8
385928,0,1289,0,40,2,0,2,1,4,37,8
385932,0,1289,0,40,2,0,2,1,4,45,8
385934,0,1289,0,40,2,0,2,1,4,77,8
385936,0,1289,0,40,2,0,2,1,4,77,8
385938,0,1289,0,40,3,0,2,1,4,43,8
385940,0,1289,0,40,2,0,2,1,4,58,8
385942,0,1289,0,40,3,0,2,1,4,30,8
385944,0,1289,0,40,2,0,2,1,4,34,8
385948,0,1289,0,40,3,0,2,1,4,41,8
385952,0,1289,0,40,3,0,2,1,4,37,8
385956,0,1289,0,40,3,0,2,1,4,28,8
385958,0,1289,0,40,2,0,2,1,4,53,8
385962,0,1289,0,40,2,0,2,1,4,56,8
385966,0,1289,0,40,2,0,2,1,4,45,8
385968,0,1289,0,40,3,0,2,1,4,10,8
385970,0,1289,0,40,2,0,2,1,4,56,8
385978,0,1289,0,40,3,0,2,1,4,49,8
385982,0,1289,0,40,3,0,2,1,4,46,8
385984,0,1289,0,40,2,0,2,1,4,52,8
385986,0,1289,0,40,3,0,2,1,4,34,8
385988,0,1289,0,40,3,0,2,1,4,36,8
385994,0,1289,0,40,2,0,2,1,4,27,8
385996,0,1289,0,40,3,0,2,1,4,47,8
386002,0,1289,0,40,2,0,2,1,4,31,8
386004,0,1289,0,40,3,0,2,1,4,73,8
386010,0,1289,0,40,2,0,2,1,4,91,8
386014,0,1289,0,40,3,0,2,1,4,56,8
386020,0,1289,0,40,2,0,2,1,4,60,8
386022,0,1289,0,40,3,0,2,1,4,77,8
386024,0,1289,0,40,2,0,2,1,4,56,8
386028,0,1289,0,40,2,0,2,1,4,17,8
386030,0,1289,0,40,3,0,2,1,4,42,8
386032,0,1289,0,40,3,0,2,1,4,26,8
386036,0,1289,0,40,2,0,2,1,4,46,8
386040,0,1289,0,40,3,0,2,1,4,69,8
386042,0,1289,0,40,2,0,2,1,4,61,8
386044,0,1289,0,40,2,0,2,1,4,26,8
386048,0,1289,0,40,3,0,2,1,4,14,8
386052,0,1289,0,40,2,0,2,1,4,22,8
386056,0,1289,0,40,3,0,2,1,4,57,8
386058,0,1289,0,40,3,0,2,1,4,21,8
386060,0,1289,0,40,2,0,2,1,4,41,8
386062,0,1289,0,40,2,0,2,1,4,31,8
386066,0,1289,0,40,3,0,2,1,4,20,8
386070,0,1289,0,40,3,0,2,1,4,70,8
386074,0,1289,0,40,2,0,2,1,4,53,8
386078,0,1289,0,40,2,0,2,1,4,31,8
386080,0,1289,0,40,2,0,2,1,4,48,8
386082,0,1289,0,40,2,0,2,1,4,31,8
386086,0,1289,0,40,2,0,2,1,4,12,8
386088,0,1289,0,40,3,0,2,1,4,56,8
386090,0,1289,0,40,3,0,2,1,4,34,8
386092,0,1289,0,40,2,0,2,1,4,30,8
386094,0,1289,0,40,3,0,2,1,4,52,8
386096,0,1289,0,40,2,0,2,1,4,79,8
386098,0,1289,0,40,2,0,2,1,4,22,8
386100,0,1289,0,40,3,0,2,1,4,53,8
386102,0,1289,0,40,2,0,2,1,4,26,8
386106,0,1289,0,40,3,0,2,1,4,20,8
386108,0,1289,0,40,2,0,2,1,4,48,8
386110,0,1289,0,40,3,0,2,1,4,49,8
386114,0,1289,0,40,2,0,2,1,4,51,8
386118,0,1289,0,40,2,0,2,1,4,86,8
386120,0,1289,0,40,3,0,2,1,4,45,8
386122,0,1289,0,40,2,0,2,1,4,56,8
386126,0,1289,0,40,3,0,2,1,4,22,8
386132,0,1289,0,40,2,0,2,1,4,16,8
386134,0,1289,0,40,2,0,2,1,4,29,8
386138,0,1289,0,40,2,0,2,1,4,39,8
386144,0,1289,0,40,2,0,2,1,4,33,8
386146,0,1289,0,40,3,0,2,1,4,55,8
386148,0,1289,0,40,2,0,2,1,4,49,8
386150,0,1289,0,40,2,0,2,1,4,27,8
386156,0,1289,0,40,3,0,2,1,4,81,8
386160,0,1289,0,40,3,0,2,1,4,20,8
386162,0,1289,0,40,2,0,2,1,4,66,8
386164,0,1289,0,40,2,0,2,1,4,38,8
386166,0,1289,0,40,3,0,2,1,4,68,8
386168,0,1289,0,40,3,0,2,1,4,35,8
386170,0,1289,0,40,2,0,2,1,4,42,8
386172,0,1289,0,40,3,0,2,1,4,25,8
386174,0,1289,0,40,3,0,2,1,4,29,8
386176,0,1289,0,40,2,0,2,1,4,69,8
386178,0,1289,0,40,2,0,2,1,4,80,8
370439,0,1289,0,40,2,2,2,1,14,29,8
351268,0,1289,0,40,2,5,2,1,37,85,8
375080,0,1289,0,40,2,1,2,1,9,75,8
342286,0,1289,0,40,3,7,2,1,48,30,8
340834,0,1289,0,40,2,7,2,1,52,46,8
344689,0,1289,0,40,2,5,2,1,51,23,8
377310,0,1289,0,40,3,1,2,1,6,22,8
357344,0,1289,0,40,2,3,2,1,33,22,8
369223,0,1289,0,40,2,1,2,1,20,46,8
369343,1,1289,1260,40,2,2,2,1,14,55,8
375104,0,1289,0,40,3,1,2,1,11,19,8
344195,0,1289,0,40,2,8,2,1,39,48,8
377219,0,1289,0,40,3,1,2,1,6,33,8
363979,0,1289,0,40,2,3,2,1,15,56,8
363761,0,1289,0,40,2,3,2,1,18,55,8
357107,0,1289,0,40,3,6,2,1,18,64,8
371072,0,1289,0,40,2,1,2,1,17,42,8
332254,0,1289,0,40,2,10,2,1,68,44,8
374864,0,1289,0,40,3,1,2,1,12,41,8
336121,0,1289,0,40,3,10,2,1,56,91,8
363944,0,1289,0,40,3,4,2,1,23,10,8
341737,0,1289,0,40,2,6,2,1,55,30,8
351506,0,1289,0,40,3,5,2,1,35,31,8
377874,0,1289,0,40,2,1,2,1,7,84,8
358189,0,1289,0,40,3,5,2,1,28,23,8
359793,0,1289,0,40,2,4,2,1,30,34,8
378364,0,1289,0,40,3,1,2,1,6,42,8
363096,0,1289,0,40,3,3,2,1,21,20,8
373636,0,1289,0,40,2,2,2,1,8,34,8
375920,0,1289,0,40,3,1,2,1,5,49,8
364563,0,1289,0,40,3,4,2,1,20,32,8
365410,0,1289,0,40,3,1,2,1,30,24,8
340027,0,1289,0,40,2,7,2,1,60,26,8
359207,0,1289,0,40,3,4,2,1,29,50,8
328274,0,1289,0,40,2,8,2,1,48,18,8
375370,0,1289,0,40,3,1,2,1,12,54,8
367074,0,1289,0,40,2,3,2,1,20,52,8
356977,0,1289,0,40,2,4,2,1,21,36,8
327361,0,1289,0,40,3,11,2,1,47,38,8
370473,0,1289,0,40,3,2,2,1,15,72,8
365161,1,1289,1278,28.0081,3,5,2,1,18,22,8
377464,0,1289,0,40,2,1,2,1,9,70,8
375398,0,1289,0,40,3,2,2,1,11,45,8
377976,0,1289,0,40,3,1,2,1,8,84,8
374087,0,1289,0,40,2,2,2,1,8,30,8
368375,0,1289,0,40,2,3,2,1,15,23,8
362666,0,1289,0,40,2,4,2,1,20,20,8
369147,0,1289,0,40,2,2,2,1,19,8,8
377477,0,1289,0,40,2,1,2,1,6,43,8
354158,0,1289,0,40,3,7,2,1,27,49,8
349965,0,1289,0,40,2,4,2,1,44,44,8
359359,0,1289,0,40,2,5,2,1,24,58,8
352474,0,1289,0,40,2,6,2,1,29,49,8
379130,0,1289,0,40,3,1,2,1,5,25,8
338630,0,1289,0,40,3,7,2,1,63,38,8
366178,0,1289,0,40,3,3,2,1,15,50,8
319830,0,1289,0,40,2,11,2,1,56,29,8
375652,0,1289,0,40,3,3,2,1,7,16,8
379960,0,1289,0,40,2,1,2,1,4,51,8
324149,0,1289,0,40,3,7,2,1,77,24,8
361981,0,1289,0,40,2,3,2,1,30,42,8
372006,0,1289,0,40,2,1,2,1,19,40,8
333197,0,1289,0,40,2,11,2,1,63,46,8
366605,1,1289,1263,23.9001,3,3,2,1,22,48,8
326089,0,1289,0,40,2,8,2,1,58,37,8
372810,0,1289,0,40,3,2,2,1,17,67,8
341106,0,1289,0,40,3,7,2,1,46,57,8
356769,0,1289,0,40,3,5,2,1,26,40,8
365024,0,1289,0,40,2,3,2,1,20,43,8
360008,0,1289,0,40,3,5,2,1,21,40,8
362531,0,1289,0,40,3,4,2,1,20,30,8
358774,0,1289,0,40,2,4,2,1,28,52,8
347952,0,1289,0,40,3,8,2,1,41,24,8
335013,0,1289,0,40,3,8,2,1,72,22,8
372450,0,1289,0,40,2,3,2,1,12,26,8
357937,0,1289,0,40,2,5,2,1,31,44,8
377324,0,1289,0,40,3,1,2,1,10,40,8
367002,0,1289,0,40,3,3,2,1,20,49,8
348125,0,1289,0,40,3,4,2,1,56,42,8
369898,0,1289,0,40,3,3,2,1,12,34,8
377608,0,1289,0,40,3,1,2,1,9,43,8
329172,0,1289,0,40,3,12,2,1,83,28,8
372330,0,1289,0,40,2,2,2,1,13,50,8
347749,0,1289,0,40,2,7,2,1,46,44,8
377801,0,1289,0,40,2,1,2,1,8,18,8
369547,0,1289,0,40,2,2,2,1,15,37,8
364552,0,1289,0,40,2,4,2,1,19,40,8
339499,0,1289,0,40,2,9,2,1,58,22,8
361309,0,1289,0,40,2,5,2,1,27,49,8
379147,0,1289,0,40,2,1,2,1,7,44,8
365532,0,1289,0,40,2,3,2,1,16,61,8
368818,0,1289,0,40,2,2,2,1,21,42,8
351345,0,1289,0,40,3,6,2,1,37,29,8
378473,0,1289,0,40,3,1,2,1,6,35,8
376185,0,1289,0,40,2,2,2,1,6,7,8
375221,0,1289,0,40,3,2,2,1,7,51,8
367459,0,1289,0,40,3,3,2,1,20,38,8
296856,1,1289,1275,40,2,23,2,1,103,49,8
296556,0,1289,0,40,3,19,2,1,99,25,8
379569,0,1289,0,40,2,1,2,1,5,45,8
379924,0,1289,0,40,3,1,2,1,5,76,8
323902,0,1289,0,40,2,7,2,1,49,61,8
346925,0,1289,0,40,3,5,2,1,51,35,8
354779,0,1289,0,40,2,7,2,1,23,54,8
377714,1,1289,1275,40,2,2,2,1,6,23,8
379156,0,1289,0,40,3,1,2,1,4,24,8
344179,0,1289,0,40,3,6,2,1,53,28,8
362113,0,1289,0,40,3,2,2,1,34,21,8
369799,0,1289,0,40,3,1,2,1,24,26,8
365316,1,1289,1280,20.6309,3,3,2,1,27,71,8
371555,0,1289,0,40,3,1,2,1,21,55,8
333563,1,1289,1252,40,3,9,2,1,64,47,8
366983,0,1289,0,40,3,2,2,1,24,85,8
362631,0,1289,0,40,2,5,2,1,24,33,8
363380,0,1289,0,40,2,3,2,1,24,36,8
325994,0,1289,0,40,2,8,2,1,57,52,8
368334,0,1289,0,40,2,3,2,1,20,67,8
355017,0,1289,0,40,2,6,2,1,35,44,8
323124,0,1289,0,40,2,16,2,1,98,32,8
375296,0,1289,0,40,3,1,2,1,14,25,8
369425,0,1289,0,40,3,2,2,1,16,26,8
362234,0,1289,0,40,3,3,2,1,30,79,8
364516,0,1289,0,40,2,3,2,1,24,66,8
375871,0,1289,0,40,3,1,2,1,13,37,8
358689,0,1289,0,40,2,4,2,1,30,44,8
360296,0,1289,0,40,3,4,2,1,26,37,8
375874,0,1289,0,40,2,1,2,1,12,47,8
371692,0,1289,0,40,2,2,2,1,14,42,8
351264,0,1289,0,40,3,6,2,1,38,83,8
336320,0,1289,0,40,3,9,2,1,56,50,8
359720,0,1289,0,40,2,5,2,1,29,55,8
339875,0,1289,0,40,2,6,2,1,65,54,8
353842,0,1289,0,40,2,4,2,1,31,44,8
312248,0,1289,0,40,3,16,2,1,122,12,8
377556,0,1289,0,40,2,1,2,1,10,61,8
355430,0,1289,0,40,2,5,2,1,33,56,8
372702,0,1289,0,40,3,2,2,1,13,26,8
368598,0,1289,0,40,3,3,2,1,19,88,8
373093,0,1289,0,40,2,3,2,1,12,37,8
370789,0,1289,0,40,2,3,2,1,15,27,8
368544,0,1289,0,40,2,3,2,1,21,7,8
377573,0,1289,0,40,3,1,2,1,9,50,8
378037,0,1289,0,40,2,1,2,1,9,30,8
378580,0,1289,0,40,2,1,2,1,9,51,8
347809,0,1289,0,40,2,6,2,1,41,69,8
374318,0,1289,0,40,3,2,2,1,9,41,8
368173,0,1289,0,40,2,4,2,1,17,21,8
373042,0,1289,0,40,3,2,2,1,10,45,8
355254,0,1289,0,40,2,6,2,1,35,44,8
378761,0,1289,0,40,3,1,2,1,8,40,8
363333,0,1289,0,40,2,3,2,1,23,51,8
311200,0,1289,0,40,2,12,2,1,83,32,8
347093,0,1289,0,40,3,7,2,1,36,41,8
353134,1,1289,1261,40,3,6,2,1,34,33,8
291453,0,1289,0,40,2,19,2,1,128,56,8
372934,0,1289,0,40,3,2,2,1,13,47,8
362573,1,1289,1280,13.7852,3,5,2,1,24,33,8
376176,0,1289,0,40,2,1,2,1,7,17,8
379608,0,1289,0,40,2,1,2,1,7,22,8
379790,0,1289,0,40,2,1,2,1,7,21,8
328346,0,1289,0,40,2,10,2,1,51,41,8
365550,0,1289,0,40,3,3,2,1,21,76,8
373971,0,1289,0,40,3,2,2,1,12,36,8
364946,0,1289,0,40,3,4,2,1,19,57,8
339761,0,1289,0,40,3,9,2,1,56,104,8
372092,0,1289,0,40,3,3,2,1,13,33,8
375017,0,1289,0,40,3,2,2,1,11,32,8
378704,0,1289,0,40,2,1,2,1,6,23,8
379836,0,1289,0,40,2,1,2,1,6,36,8
359149,0,1289,0,40,2,4,2,1,22,53,8
373830,0,1289,0,40,2,2,2,1,10,30,8
368543,0,1289,0,40,2,2,2,1,18,37,8
371784,0,1289,0,40,2,3,2,1,12,59,8
347629,0,1289,0,40,3,10,2,1,29,45,8
369336,0,1289,0,40,3,3,2,1,18,37,8
364483,0,1289,0,40,3,4,2,1,18,17,8
346905,1,1289,1258,40,2,8,2,1,38,31,8
356603,0,1289,0,40,3,5,2,1,25,63,8
379435,0,1289,0,40,3,1,2,1,5,44,8
380061,0,1289,0,40,2,1,2,1,5,74,8
380662,0,1289,0,40,2,1,2,1,5,34,8
315775,0,1289,0,40,2,11,2,1,72,52,8
373017,0,1289,0,40,3,2,2,1,10,59,8
345240,0,1289,0,40,2,7,2,1,45,21,8
373087,0,1289,0,40,3,3,2,1,11,55,8
341692,0,1289,0,40,2,11,2,1,49,22,8
326141,0,1289,0,40,2,10,2,1,49,45,8
363431,0,1289,0,40,3,4,2,1,22,15,8
375868,0,1289,0,40,2,2,2,1,7,51,8
363051,0,1289,0,40,3,5,2,1,23,25,8
329404,0,1289,0,40,2,10,2,1,54,19,8
345052,0,1289,0,40,2,9,2,1,45,75,8
350154,0,1289,0,40,2,6,2,1,37,41,8
379047,0,1289,0,40,3,2,2,1,6,45,8
379947,0,1289,0,40,3,1,2,1,4,38,8
381132,0,1289,0,40,2,1,2,1,4,64,8
381388,0,1289,0,40,3,1,2,1,4,15,8
342192,0,1289,0,40,3,6,2,1,57,29,8
370773,0,1289,0,40,3,1,2,1,23,53,8
338855,0,1289,0,40,2,9,2,1,54,96,8
372494,0,1289,0,40,2,1,2,1,20,41,8
364796,0,1289,0,40,3,3,2,1,27,17,8
354115,0,1289,0,40,2,3,2,1,45,49,8
360822,0,1289,0,40,2,3,2,1,36,19,8
360182,0,1289,0,40,3,2,2,1,32,19,8
335044,0,1289,0,40,3,10,2,1,61,51,8
368923,0,1289,0,40,2,3,2,1,20,38,8
359864,0,1289,0,40,3,4,2,1,27,70,8
373724,0,1289,0,40,2,1,2,1,16,27,8
369555,0,1289,0,40,3,2,2,1,18,74,8
365127,0,1289,0,40,2,4,2,1,22,46,8
338911,1,1289,1257,40,3,11,2,1,46,43,8
339945,0,1289,0,40,2,10,2,1,51,26,8
375539,0,1289,0,40,3,1,2,1,14,57,8
351565,0,1289,0,40,3,4,2,1,42,30,8
348640,0,1289,0,40,3,7,2,1,42,11,8
357518,0,1289,0,40,2,4,2,1,29,45,8
373710,0,1289,0,40,2,2,2,1,14,44,8
367319,0,1289,0,40,2,3,2,1,20,40,8
375709,0,1289,0,40,3,1,2,1,13,56,8
376855,0,1289,0,40,2,1,2,1,13,71,8
371050,0,1289,0,40,2,2,2,1,14,74,8
329226,0,1289,0,40,2,10,2,1,57,71,8
376534,0,1289,0,40,3,1,2,1,12,4,8
365516,0,1289,0,40,2,4,2,1,21,24,8
336458,0,1289,0,40,2,11,2,1,64,47,8
374303,0,1289,0,40,2,2,2,1,12,79,8
364529,0,1289,0,40,2,3,2,1,22,41,8
355748,0,1289,0,40,2,6,2,1,33,19,8
366679,0,1289,0,40,2,3,2,1,23,54,8
342914,0,1289,0,40,2,7,2,1,51,50,8
326100,0,1289,0,40,3,6,2,1,40,27,8
352788,0,1289,0,40,3,6,2,1,29,28,8
350524,0,1289,0,40,2,6,2,1,38,27,8
359198,0,1289,0,40,2,5,2,1,28,22,8
377725,0,1289,0,40,2,1,2,1,10,41,8
378001,0,1289,0,40,2,1,2,1,10,40,8
378484,0,1289,0,40,2,1,2,1,10,42,8
353138,0,1289,0,40,2,5,2,1,29,35,8
330069,0,1289,0,40,3,11,2,1,101,51,8
362000,1,1289,1269,40,2,5,2,1,23,46,8
343998,1,1289,1281,20.8682,3,6,2,1,51,51,8
373467,0,1289,0,40,3,2,2,1,13,42,8
351461,1,1289,1272,40,2,5,2,1,38,34,8
363057,0,1289,0,40,3,4,2,1,26,22,8
376396,0,1289,0,40,2,1,2,1,9,55,8
378691,0,1289,0,40,2,1,2,1,9,32,8
378755,0,1289,0,40,2,1,2,1,9,25,8
342771,0,1289,0,40,3,6,2,1,51,28,8
338409,0,1289,0,40,2,8,2,1,68,33,8
328820,0,1289,0,40,2,13,2,1,54,95,8
364605,0,1289,0,40,2,3,2,1,21,56,8
362563,0,1289,0,40,2,4,2,1,20,36,8
342096,0,1289,0,40,2,9,2,1,48,44,8
367972,0,1289,0,40,3,3,2,1,24,40,8
368982,0,1289,0,40,3,4,2,1,16,54,8
376936,0,1289,0,40,3,1,2,1,8,100,8
378870,0,1289,0,40,2,1,2,1,8,48,8
379298,0,1289,0,40,2,1,2,1,8,44,8
323466,0,1289,0,40,2,10,2,1,66,44,8
363580,0,1289,0,40,2,4,2,1,20,36,8
332028,0,1289,0,40,2,13,2,1,69,31,8
366628,0,1289,0,40,2,4,2,1,18,29,8
373459,0,1289,0,40,3,3,2,1,11,32,8
360493,0,1289,0,40,3,4,2,1,27,37,8
370310,0,1289,0,40,2,3,2,1,14,67,8
348871,0,1289,0,40,2,8,2,1,28,23,8
342435,0,1289,0,40,3,7,2,1,52,46,8
345186,0,1289,0,40,2,8,2,1,34,50,8
369167,0,1289,0,40,2,3,2,1,15,50,8
377779,0,1289,0,40,2,1,2,1,7,48,8
378984,0,1289,0,40,3,1,2,1,7,24,8
380024,0,1289,0,40,2,1,2,1,7,42,8
365432,0,1289,0,40,3,3,2,1,19,27,8
353501,0,1289,0,40,2,4,2,1,37,13,8
376049,0,1289,0,40,3,2,2,1,7,28,8
371254,0,1289,0,40,3,3,2,1,8,39,8
363358,0,1289,0,40,2,3,2,1,20,68,8
368682,0,1289,0,40,2,3,2,1,17,71,8
375213,0,1289,0,40,3,2,2,1,9,42,8
330944,1,1289,1281,38.0423,2,11,2,1,68,75,8
365468,0,1289,0,40,3,3,2,1,24,33,8
319832,0,1289,0,40,3,13,2,1,58,27,8
372854,0,1289,0,40,2,4,2,1,11,24,8
372432,0,1289,0,40,3,3,2,1,14,42,8
345404,0,1289,0,40,2,6,2,1,44,122,8
372270,0,1289,0,40,3,2,2,1,18,19,8
373990,0,1289,0,40,2,3,2,1,10,74,8
379483,0,1289,0,40,3,1,2,1,6,30,8
379857,0,1289,0,40,3,1,2,1,6,44,8
380370,0,1289,0,40,3,1,2,1,6,30,8
380478,0,1289,0,40,3,1,2,1,6,53,8
380576,0,1289,0,40,3,1,2,1,6,94,8
380844,0,1289,0,40,3,1,2,1,6,22,8
335215,0,1289,0,40,3,11,2,1,51,49,8
353549,0,1289,0,40,3,5,2,1,33,92,8
363025,0,1289,0,40,2,4,2,1,17,37,8
344136,0,1289,0,40,2,11,2,1,47,51,8
326266,0,1289,0,40,3,10,2,1,33,73,8
344313,0,1289,0,40,3,8,2,1,43,50,8
353989,0,1289,0,40,3,5,2,1,31,33,8
376333,0,1289,0,40,3,2,2,1,7,42,8
361599,0,1289,0,40,2,4,2,1,19,55,8
374949,0,1289,0,40,2,2,2,1,9,25,8
377387,0,1289,0,40,3,2,2,1,6,90,8
367813,0,1289,0,40,3,3,2,1,17,74,8
376005,0,1289,0,40,2,2,2,1,10,25,8
371613,0,1289,0,40,3,2,2,1,19,43,8
368167,0,1289,0,40,3,4,2,1,16,71,8
333433,0,1289,0,40,3,12,2,1,69,42,8
363029,0,1289,0,40,3,4,2,1,21,58,8
370119,0,1289,0,40,2,3,2,1,16,30,8
339158,0,1289,0,40,2,9,2,1,47,21,8
344757,0,1289,0,40,2,7,2,1,44,30,8
336969,0,1289,0,40,3,9,2,1,70,89,8
377463,0,1289,0,40,3,2,2,1,10,44,8
379239,0,1289,0,40,2,1,2,1,5,32,8
380483,0,1289,0,40,3,1,2,1,5,16,8
381116,0,1289,0,40,2,1,2,1,5,23,8
347898,0,1289,0,40,3,9,2,1,21,79,8
349138,0,1289,0,40,3,6,2,1,37,61,8
366752,0,1289,0,40,3,3,2,1,18,51,8
370623,0,1289,0,40,2,3,2,1,13,48,8
331614,0,1289,0,40,3,10,2,1,62,27,8
348047,0,1289,0,40,2,8,2,1,36,30,8
327625,0,1289,0,40,3,16,2,1,91,50,8
352020,0,1289,0,40,2,5,2,1,34,53,8
376035,0,1289,0,40,2,3,2,1,8,50,8
324437,0,1289,0,40,2,5,2,1,31,62,8
344579,0,1289,0,40,3,7,2,1,51,58,8
371396,0,1289,0,40,2,3,2,1,12,71,8
332434,0,1289,0,40,3,14,2,1,57,89,8
348232,0,1289,0,40,2,8,2,1,36,65,8
343727,0,1289,0,40,2,9,2,1,41,39,8
374209,0,1289,0,40,3,3,2,1,11,44,8
348286,0,1289,0,40,2,5,2,1,56,46,8
346720,1,1289,1281,37.6083,2,8,2,1,36,70,8
371063,0,1289,0,40,3,4,2,1,13,30,8
381233,0,1289,0,40,2,1,2,1,4,40,8
381507,0,1289,0,40,2,1,2,1,4,28,8
381619,0,1289,0,40,3,1,2,1,4,27,8
381845,0,1289,0,40,3,1,2,1,4,66,8
382073,0,1289,0,40,2,1,2,1,4,22,8
345058,0,1289,0,40,2,4,2,1,56,36,8
350189,0,1289,0,40,3,3,2,1,55,29,8
364456,0,1289,0,40,2,2,2,1,30,37,8
368532,0,1289,0,40,3,1,2,1,28,35,8
369246,0,1289,0,40,3,1,2,1,27,61,8
364803,2,1289,0,40,3,2,2,1,32,58,8
361822,0,1289,0,40,3,4,2,1,30,35,8
361175,1,1289,1282,40,2,3,2,1,28,37,8
362115,0,1289,0,40,2,4,2,1,31,42,8
362960,0,1289,0,40,2,3,2,1,28,29,8
322320,0,1289,0,40,2,11,2,1,70,75,8
327648,0,1289,0,40,2,11,2,1,74,40,8
373357,0,1289,0,40,2,1,2,1,20,39,8
352138,0,1289,0,40,2,6,2,1,36,40,8
353232,0,1289,0,40,3,5,2,1,35,49,8
331492,0,1289,0,40,2,11,2,1,80,30,8
374061,0,1289,0,40,3,1,2,1,18,55,8
357114,0,1289,0,40,2,5,2,1,31,57,8
361708,0,1289,0,40,2,4,2,1,25,55,8
371500,0,1289,0,40,2,2,2,1,18,31,8
344659,0,1289,0,40,3,7,2,1,54,36,8
341036,0,1289,0,40,3,8,2,1,45,10,8
362650,0,1289,0,40,3,3,2,1,25,69,8
365985,0,1289,0,40,2,4,2,1,22,54,8
353433,0,1289,0,40,2,5,2,1,39,51,8
342953,0,1289,0,40,2,7,2,1,55,16,8
352062,0,1289,0,40,3,5,2,1,40,31,8
348000,0,1289,0,40,3,6,2,1,50,39,8
328191,0,1289,0,40,2,8,2,1,62,41,8
376231,0,1289,0,40,2,1,2,1,15,56,8
365031,0,1289,0,40,2,3,2,1,25,30,8
355661,0,1289,0,40,2,6,2,1,29,24,8
366526,0,1289,0,40,2,3,2,1,25,50,8
374983,0,1289,0,40,3,2,2,1,16,57,8
376857,0,1289,0,40,2,1,2,1,14,83,8
334467,0,1289,0,40,3,8,2,1,76,41,8
354782,0,1289,0,40,2,4,2,1,41,62,8
361386,0,1289,0,40,2,4,2,1,25,28,8
359930,0,1289,0,40,3,4,2,1,31,35,8
359420,0,1289,0,40,2,4,2,1,33,16,8
374505,0,1289,0,40,2,2,2,1,16,28,8
358288,0,1289,0,40,2,5,2,1,34,73,8
375804,0,1289,0,40,2,1,2,1,13,52,8
334512,0,1289,0,40,3,11,2,1,58,27,8
369053,0,1289,0,40,2,2,2,1,16,47,8
347938,0,1289,0,40,2,9,2,1,41,38,8
340728,0,1289,0,40,3,8,2,1,55,24,8
371950,0,1289,0,40,3,2,2,1,18,61,8
374155,0,1289,0,40,2,2,2,1,15,28,8
338910,0,1289,0,40,2,12,2,1,53,92,8
377558,0,1289,0,40,2,1,2,1,12,55,8
377802,0,1289,0,40,3,1,2,1,12,32,8
359989,0,1289,0,40,3,4,2,1,27,51,8
358841,0,1289,0,40,3,4,2,1,29,38,8
370135,0,1289,0,40,2,2,2,1,18,37,8
333291,0,1289,0,40,3,10,2,1,70,71,8
328599,0,1289,0,40,3,11,2,1,62,90,8
342276,0,1289,0,40,2,5,2,1,62,18,8
332313,0,1289,0,40,3,11,2,1,75,45,8
333530,0,1289,0,40,3,11,2,1,61,57,8
370812,0,1289,0,40,3,3,2,1,16,50,8
376656,0,1289,0,40,2,1,2,1,11,44,8
378190,0,1289,0,40,2,1,2,1,11,31,8
378588,0,1289,0,40,2,1,2,1,11,49,8
351796,0,1289,0,40,2,5,2,1,30,74,8
352318,0,1289,0,40,2,5,2,1,39,29,8
363086,0,1289,0,40,3,3,2,1,29,33,8
371071,0,1289,0,40,3,3,2,1,14,44,8
356694,0,1289,0,40,3,4,2,1,35,42,8
326465,0,1289,0,40,2,8,2,1,43,53,8
364366,0,1289,0,40,2,4,2,1,27,52,8
375491,0,1289,0,40,3,2,2,1,12,75,8
376619,0,1289,0,40,3,2,2,1,11,46,8
364594,0,1289,0,40,2,4,2,1,18,86,8
327378,0,1289,0,40,3,6,2,1,62,43,8
377015,0,1289,0,40,3,1,2,1,10,69,8
378623,0,1289,0,40,2,1,2,1,10,67,8
350584,0,1289,0,40,3,6,2,1,41,46,8
360051,0,1289,0,40,3,5,2,1,22,45,8
344338,0,1289,0,40,2,7,2,1,42,59,8
371524,0,1289,0,40,3,2,2,1,16,71,8
366663,0,1289,0,40,3,4,2,1,21,82,8
344307,0,1289,0,40,2,6,2,1,50,31,8
326179,0,1289,0,40,2,7,2,1,69,46,8
356620,0,1289,0,40,3,6,2,1,35,49,8
329583,0,1289,0,40,3,5,2,1,25,21,8
354545,1,1289,1265,40,2,6,2,1,31,45,8
328884,0,1289,0,40,2,11,2,1,42,25,8
345709,0,1289,0,40,2,5,2,1,67,49,8
344232,0,1289,0,40,3,8,2,1,49,28,8
368286,1,1289,1282,40,2,3,2,1,19,39,8
359664,0,1289,0,40,2,4,2,1,30,48,8
329212,0,1289,0,40,2,5,2,1,41,48,8
378193,0,1289,0,40,3,1,2,1,9,69,8
379030,0,1289,0,40,2,1,2,1,9,17,8
351169,0,1289,0,40,3,6,2,1,31,18,8
364651,0,1289,0,40,2,3,2,1,21,44,8
329051,0,1289,0,40,3,3,2,1,18,30,8
329661,0,1289,0,40,3,7,2,1,39,28,8
308638,0,1289,0,40,2,12,2,1,100,30,8
345740,0,1289,0,40,3,7,2,1,54,59,8
343358,1,1289,1282,23.1909,3,7,2,1,51,42,8
361100,0,1289,0,40,2,4,2,1,22,55,8
370979,1,1289,1282,27.0304,3,2,2,1,20,57,8
361563,0,1289,0,40,2,4,2,1,30,58,8
366032,1,1289,1273,32.894,3,5,2,1,15,38,8
353401,0,1289,0,40,3,6,2,1,41,32,8
367497,0,1289,0,40,3,4,2,1,20,20,8
347631,0,1289,0,40,3,7,2,1,34,48,8
377117,0,1289,0,40,3,2,2,1,10,42,8
369292,0,1289,0,40,3,4,2,1,17,67,8
330620,0,1289,0,40,3,14,2,1,76,81,8
378688,0,1289,0,40,3,1,2,1,8,53,8
379160,0,1289,0,40,2,1,2,1,8,24,8
379617,0,1289,0,40,3,1,2,1,8,59,8
379697,0,1289,0,40,2,1,2,1,8,92,8
379964,0,1289,0,40,3,1,2,1,8,57,8
380010,0,1289,0,40,3,1,2,1,8,67,8
363964,0,1289,0,40,3,2,2,1,26,25,8
339212,0,1289,0,40,3,7,2,1,64,24,8
331967,0,1289,0,40,2,10,2,1,72,31,8
363425,0,1289,0,40,3,5,2,1,18,38,8
340884,0,1289,0,40,2,7,2,1,50,52,8
360086,0,1289,0,40,3,5,2,1,18,47,8
350300,0,1289,0,40,2,5,2,1,45,43,8
358059,0,1289,0,40,2,5,2,1,30,28,8
367171,0,1289,0,40,2,3,2,1,19,61,8
366416,0,1289,0,40,2,4,2,1,19,23,8
372178,0,1289,0,40,2,2,2,1,18,19,8
326452,0,1289,0,40,2,6,2,1,51,27,8
377106,0,1289,0,40,2,2,2,1,9,65,8
340924,0,1289,0,40,2,9,2,1,50,41,8
360080,0,1289,0,40,3,6,2,1,20,57,8
343454,1,1289,1282,27.9587,3,8,2,1,44,55,8
368716,0,1289,0,40,3,3,2,1,23,45,8
360078,0,1289,0,40,2,5,2,1,31,45,8
350703,0,1289,0,40,2,7,2,1,33,18,8
379555,0,1289,0,40,3,1,2,1,7,55,8
379849,0,1289,0,40,2,1,2,1,7,23,8
380077,0,1289,0,40,2,1,2,1,7,22,8
380646,0,1289,0,40,3,1,2,1,7,29,8
380828,0,1289,0,40,2,1,2,1,7,18,8
353230,0,1289,0,40,2,5,2,1,30,18,8
331654,0,1289,0,40,2,9,2,1,73,54,8
364147,0,1289,0,40,2,4,2,1,16,25,8
369724,0,1289,0,40,3,3,2,1,15,46,8
355629,0,1289,0,40,2,5,2,1,29,77,8
358106,0,1289,0,40,2,5,2,1,25,44,8
369313,0,1289,0,40,3,3,2,1,14,31,8
376711,0,1289,0,40,3,2,2,1,9,55,8
358729,0,1289,0,40,3,4,2,1,36,41,8
360649,0,1289,0,40,2,4,2,1,28,59,8
330407,0,1289,0,40,2,14,2,1,79,33,8
331479,0,1289,0,40,2,11,2,1,75,33,8
360453,0,1289,0,40,2,5,2,1,30,70,8
336305,0,1289,0,40,3,12,2,1,61,67,8
361879,0,1289,0,40,2,5,2,1,27,62,8
365034,0,1289,0,40,2,6,2,1,24,47,8
377474,0,1289,0,40,3,3,2,1,8,74,8
378112,0,1289,0,40,3,2,2,1,10,53,8
352693,1,1289,1282,36.9092,2,11,2,1,37,81,8
380543,0,1289,0,40,3,1,2,1,6,66,8
381072,0,1289,0,40,2,1,2,1,6,104,8
381262,0,1289,0,40,2,1,2,1,6,32,8
381394,0,1289,0,40,3,1,2,1,6,41,8
341643,0,1289,0,40,3,7,2,1,49,43,8
348420,0,1289,0,40,3,6,2,1,35,24,8
343113,0,1289,0,40,2,9,2,1,38,41,8
369866,0,1289,0,40,2,2,2,1,14,26,8
348148,0,1289,0,40,3,6,2,1,42,24,8
364434,0,1289,0,40,3,3,2,1,29,22,8
365750,0,1289,0,40,2,3,2,1,23,44,8
345499,0,1289,0,40,3,8,2,1,52,44,8
353161,0,1289,0,40,2,7,2,1,31,89,8
374002,1,1289,1274,31.0098,3,2,2,1,11,61,8
337844,0,1289,0,40,3,13,2,1,43,23,8
372692,0,1289,0,40,3,3,2,1,7,39,8
351254,0,1289,0,40,2,9,2,1,32,55,8
373501,0,1289,0,40,3,2,2,1,14,20,8
365408,0,1289,0,40,3,5,2,1,17,44,8
356983,0,1289,0,40,3,6,2,1,28,59,8
370053,0,1289,0,40,2,3,2,1,18,30,8
345493,1,1289,1276,40,2,9,2,1,40,17,8
342596,0,1289,0,40,3,8,2,1,56,50,8
368298,1,1289,1265,40,2,4,2,1,15,15,8
364463,0,1289,0,40,3,4,2,1,20,51,8
342505,0,1289,0,40,2,7,2,1,57,70,8
360692,0,1289,0,40,3,4,2,1,21,57,8
377740,0,1289,0,40,2,2,2,1,9,23,8
328386,0,1289,0,40,3,7,2,1,23,39,8
365839,1,1289,1267,40,2,5,2,1,20,35,8
350998,0,1289,0,40,2,5,2,1,51,40,8
307790,0,1289,0,40,3,21,2,1,108,73,8
356179,0,1289,0,40,2,6,2,1,28,43,8
381029,0,1289,0,40,2,1,2,1,5,47,8
381421,0,1289,0,40,3,1,2,1,5,54,8
381779,0,1289,0,40,2,1,2,1,5,15,8
381855,0,1289,0,40,2,1,2,1,5,15,8
382061,0,1289,0,40,2,1,2,1,5,37,8
372457,0,1289,0,40,3,2,2,1,9,38,8
348979,0,1289,0,40,3,8,2,1,37,88,8
361008,0,1289,0,40,2,6,2,1,22,16,8
326511,0,1289,0,40,2,5,2,1,31,39,8
324331,0,1289,0,40,2,10,2,1,71,23,8
376542,0,1289,0,40,2,2,2,1,6,43,8
341031,0,1289,0,40,3,10,2,1,50,32,8
374665,0,1289,0,40,3,2,2,1,8,67,8
356681,0,1289,0,40,2,6,2,1,27,25,8
357816,0,1289,0,40,2,7,2,1,25,40,8
353132,0,1289,0,40,3,6,2,1,33,63,8
342669,0,1289,0,40,3,8,2,1,41,20,8
361898,0,1289,0,40,3,3,2,1,29,66,8
370089,0,1289,0,40,2,3,2,1,14,21,8
333609,0,1289,0,40,2,10,2,1,63,51,8
376797,0,1289,0,40,3,2,2,1,10,43,8
372268,0,1289,0,40,2,3,2,1,16,82,8
325696,1,1289,1277,21.2854,3,7,2,1,34,60,8
353937,0,1289,0,40,2,7,2,1,36,52,8
355305,0,1289,0,40,2,6,2,1,33,24,8
315954,0,1289,0,40,3,10,2,1,79,64,8
322314,0,1289,0,40,2,12,2,1,62,38,8
360769,0,1289,0,40,2,4,2,1,23,52,8
376184,0,1289,0,40,2,2,2,1,9,50,8
375572,0,1289,0,40,3,3,2,1,8,42,8
364637,0,1289,0,40,3,4,2,1,21,34,8
366255,0,1289,0,40,3,4,2,1,12,42,8
361817,0,1289,0,40,3,8,2,1,17,37,8
374350,0,1289,0,40,2,2,2,1,15,68,8
361397,0,1289,0,40,2,4,2,1,30,23,8
340404,0,1289,0,40,3,11,2,1,45,38,8
332160,0,1289,0,40,3,12,2,1,64,40,8
379342,0,1289,0,40,2,2,2,1,9,19,8
380557,0,1289,0,40,2,1,2,1,4,45,8
381958,0,1289,0,40,3,1,2,1,4,85,8
382371,0,1289,0,40,3,1,2,1,4,34,8
382413,0,1289,0,40,3,1,2,1,4,77,8
382545,0,1289,0,40,2,1,2,1,4,10,8
382655,0,1289,0,40,2,1,2,1,4,13,8
335694,0,1289,0,40,3,7,2,1,74,30,8
326245,0,1289,0,40,3,4,2,1,33,31,8
343871,0,1289,0,40,2,6,2,1,52,47,8
362050,0,1289,0,40,2,2,2,1,34,52,8
363775,0,1289,0,40,3,3,2,1,29,35,8
367915,0,1289,0,40,3,2,2,1,27,36,8
325195,0,1289,0,40,3,12,2,1,69,96,8
329454,0,1289,0,40,2,4,2,1,63,49,8
372594,0,1289,0,40,3,2,2,1,22,27,8
336040,0,1289,0,40,3,5,2,1,74,36,8
373382,0,1289,0,40,3,1,2,1,19,59,8
362390,0,1289,0,40,3,4,2,1,32,63,8
353881,0,1289,0,40,2,4,2,1,45,60,8
372137,0,1289,0,40,3,2,2,1,19,27,8
348291,0,1289,0,40,2,6,2,1,31,30,8
354456,0,1289,0,40,2,4,2,1,43,27,8
306247,0,1289,0,40,3,11,2,1,80,65,8
372530,0,1289,0,40,2,2,2,1,18,14,8
372635,0,1289,0,40,2,2,2,1,18,59,8
327381,0,1289,0,40,2,6,2,1,32,38,8
375342,0,1289,0,40,2,1,2,1,17,52,8
359464,0,1289,0,40,2,5,2,1,25,29,8
356899,0,1289,0,40,3,6,2,1,31,19,8
345350,0,1289,0,40,3,7,2,1,55,44,8
375495,1,1289,1283,20.0366,3,1,2,1,16,37,8
364006,0,1289,0,40,3,3,2,1,24,17,8
364101,0,1289,0,40,3,4,2,1,19,45,8
349631,0,1289,0,40,2,6,2,1,40,51,8
329272,0,1289,0,40,3,12,2,1,94,65,8
347598,0,1289,0,40,2,4,2,1,48,52,8
372403,0,1289,0,40,2,2,2,1,18,19,8
373900,0,1289,0,40,2,2,2,1,16,26,8
375886,0,1289,0,40,2,1,2,1,15,25,8
376387,0,1289,0,40,2,1,2,1,15,39,8
352108,0,1289,0,40,2,4,2,1,36,31,8
345411,0,1289,0,40,2,8,2,1,51,63,8
371843,0,1289,0,40,2,2,2,1,18,17,8
364193,0,1289,0,40,2,4,2,1,28,57,8
347008,0,1289,0,40,2,9,2,1,43,66,8
376926,0,1289,0,40,2,1,2,1,14,57,8
365467,0,1289,0,40,3,3,2,1,20,76,8
318418,0,1289,0,40,3,11,2,1,71,27,8
284061,0,1289,0,40,3,17,2,1,109,57,8
344828,1,1289,1283,40,2,7,2,1,45,71,8
371280,0,1289,0,40,2,2,2,1,19,17,8
349716,0,1289,0,40,2,5,2,1,35,38,8
345386,0,1289,0,40,3,8,2,1,45,55,8
355068,0,1289,0,40,3,6,2,1,35,56,8
369988,0,1289,0,40,2,2,2,1,20,48,8
374977,0,1289,0,40,3,1,2,1,13,54,8
377964,0,1289,0,40,3,1,2,1,13,48,8
342043,0,1289,0,40,3,8,2,1,44,32,8
360172,0,1289,0,40,2,5,2,1,25,61,8
334641,0,1289,0,40,2,11,2,1,58,46,8
349231,0,1289,0,40,3,7,2,1,41,26,8
336078,0,1289,0,40,2,8,2,1,66,41,8
339210,0,1289,0,40,2,7,2,1,61,27,8
365649,0,1289,0,40,3,3,2,1,23,75,8
355903,0,1289,0,40,3,6,2,1,42,38,8
374407,0,1289,0,40,2,2,2,1,17,58,8
374922,0,1289,0,40,2,2,2,1,17,41,8
377593,0,1289,0,40,3,1,2,1,12,21,8
378356,0,1289,0,40,2,1,2,1,12,66,8
345527,0,1289,0,40,2,6,2,1,43,20,8
331411,0,1289,0,40,3,10,2,1,72,96,8
363835,0,1289,0,40,2,2,2,1,31,33,8
350254,0,1289,0,40,2,6,2,1,32,36,8
261935,0,1289,0,40,2,24,2,1,136,80,8
358625,0,1289,0,40,3,5,2,1,25,17,8
368346,0,1289,0,40,3,3,2,1,20,39,8
347618,0,1289,0,40,3,6,2,1,50,64,8
359515,0,1289,0,40,3,5,2,1,24,56,8
332963,0,1289,0,40,2,7,2,1,85,35,8
357640,0,1289,0,40,3,3,2,1,44,80,8
348522,0,1289,0,40,2,6,2,1,49,109,8
361409,1,1289,1253,40,3,5,2,1,23,42,8
374796,0,1289,0,40,3,3,2,1,13,34,8
362743,0,1289,0,40,2,5,2,1,25,36,8
356415,0,1289,0,40,2,5,2,1,36,37,8
378191,0,1289,0,40,2,1,2,1,11,55,8
378327,0,1289,0,40,3,1,2,1,11,59,8
378839,0,1289,0,40,3,1,2,1,11,39,8
378955,0,1289,0,40,3,1,2,1,11,45,8
361982,0,1289,0,40,3,3,2,1,21,47,8
366323,0,1289,0,40,3,3,2,1,21,47,8
371938,0,1289,0,40,3,2,2,1,16,7,8
340896,0,1289,0,40,2,8,2,1,56,60,8
345871,0,1289,0,40,3,7,2,1,52,37,8
365200,0,1289,0,40,2,4,2,1,20,71,8
371340,0,1289,0,40,3,2,2,1,19,68,8
373547,0,1289,0,40,3,2,2,1,16,39,8
374626,0,1289,0,40,3,2,2,1,14,18,8
375715,0,1289,0,40,2,2,2,1,12,24,8
367732,0,1289,0,40,2,3,2,1,26,18,8
369424,0,1289,0,40,3,3,2,1,15,46,8
375226,0,1289,0,40,3,2,2,1,15,43,8
349860,0,1289,0,40,2,6,2,1,47,32,8
339825,1,1289,1283,26.314,3,10,2,1,50,47,8
361039,0,1289,0,40,2,5,2,1,33,29,8
377915,0,1289,0,40,3,1,2,1,10,31,8
378654,0,1289,0,40,2,1,2,1,10,25,8
379504,0,1289,0,40,2,1,2,1,10,28,8
339575,0,1289,0,40,2,9,2,1,50,64,8
349707,0,1289,0,40,2,4,2,1,44,38,8
330082,0,1289,0,40,3,9,2,1,61,58,8
343127,0,1289,0,40,2,8,2,1,46,11,8
321265,0,1289,0,40,2,14,2,1,86,42,8
328248,0,1289,0,40,2,4,2,1,29,32,8
362915,0,1289,0,40,2,4,2,1,25,43,8
330874,0,1289,0,40,2,13,2,1,59,54,8
344736,0,1289,0,40,3,6,2,1,49,49,8
331109,0,1289,0,40,2,11,2,1,72,31,8
367447,0,1289,0,40,2,3,2,1,19,69,8
371478,0,1289,0,40,2,3,2,1,16,26,8
346286,0,1289,0,40,2,8,2,1,44,59,8
352709,0,1289,0,40,2,5,2,1,39,26,8
368315,0,1289,0,40,2,5,2,1,17,68,8
375439,0,1289,0,40,2,2,2,1,11,35,8
367674,0,1289,0,40,2,3,2,1,22,20,8
375588,0,1289,0,40,2,2,2,1,15,52,8
349489,0,1289,0,40,2,6,2,1,38,99,8
350104,0,1289,0,40,3,8,2,1,34,93,8
340015,1,1289,1283,40,2,9,2,1,51,28,8
372652,0,1289,0,40,2,3,2,1,17,24,8
378939,0,1289,0,40,3,2,2,1,10,26,8
376540,0,1289,0,40,3,1,2,1,9,130,8
379609,0,1289,0,40,2,1,2,1,9,57,8
379820,0,1289,0,40,2,1,2,1,9,36,8
380240,0,1289,0,40,3,1,2,1,9,21,8
373746,0,1289,0,40,2,2,2,1,11,27,8
347058,0,1289,0,40,2,4,2,1,56,31,8
329575,0,1289,0,40,2,14,2,1,72,50,8
354459,0,1289,0,40,2,5,2,1,29,43,8
366734,0,1289,0,40,2,3,2,1,20,39,8
327328,0,1289,0,40,3,5,2,1,44,71,8
337252,0,1289,0,40,2,10,2,1,57,61,8
347177,0,1289,0,40,3,7,2,1,52,41,8
346994,0,1289,0,40,2,8,2,1,45,54,8
376302,0,1289,0,40,3,2,2,1,10,31,8
327073,0,1289,0,40,2,6,2,1,31,57,8
374560,0,1289,0,40,2,3,2,1,10,44,8
356856,0,1289,0,40,2,5,2,1,36,61,8
325574,0,1289,0,40,3,13,2,1,59,56,8
335672,0,1289,0,40,2,9,2,1,61,58,8
377295,1,1289,1275,40,2,2,2,1,10,22,8
349873,0,1289,0,40,2,7,2,1,38,99,8
331804,1,1289,1283,24.5198,3,10,2,1,92,132,8
333943,0,1289,0,40,2,12,2,1,81,60,8
363142,0,1289,0,40,2,5,2,1,26,55,8
365758,0,1289,0,40,2,4,2,1,20,26,8
380233,0,1289,0,40,2,1,2,1,8,20,8
380614,0,1289,0,40,2,1,2,1,8,20,8
380734,0,1289,0,40,3,1,2,1,8,47,8
341551,0,1289,0,40,2,7,2,1,58,23,8
346078,0,1289,0,40,3,7,2,1,48,10,8
373393,0,1289,0,40,2,2,2,1,13,44,8
339271,0,1289,0,40,2,9,2,1,57,19,8
342704,0,1289,0,40,2,10,2,1,50,17,8
363684,0,1289,0,40,2,4,2,1,24,5,8
343677,0,1289,0,40,2,8,2,1,42,56,8
369758,0,1289,0,40,2,3,2,1,16,33,8
358934,0,1289,0,40,3,4,2,1,39,24,8
376197,0,1289,0,40,3,2,2,1,12,38,8
378478,0,1289,0,40,3,2,2,1,8,36,8
332173,0,1289,0,40,2,10,2,1,77,26,8
372875,0,1289,0,40,3,3,2,1,14,39,8
364499,0,1289,0,40,2,5,2,1,19,72,8
371951,0,1289,0,40,2,2,2,1,18,45,8
325252,0,1289,0,40,2,9,2,1,34,37,8
333482,0,1289,0,40,2,13,2,1,71,52,8
360023,0,1289,0,40,2,5,2,1,31,9,8
380075,0,1289,0,40,3,1,2,1,7,21,8
380547,0,1289,0,40,2,1,2,1,7,33,8
380827,0,1289,0,40,3,1,2,1,7,47,8
381258,0,1289,0,40,3,1,2,1,7,40,8
334072,0,1289,0,40,3,8,2,1,77,53,8
374277,0,1289,0,40,2,2,2,1,11,108,8
360235,1,1289,1246,40,2,5,2,1,20,51,8
335600,0,1289,0,40,3,13,2,1,55,53,8
359785,0,1289,0,40,2,4,2,1,24,102,8
341929,0,1289,0,40,2,10,2,1,56,88,8
375087,0,1289,0,40,2,2,2,1,11,68,8
361507,0,1289,0,40,3,5,2,1,23,32,8
359961,0,1289,0,40,3,5,2,1,29,45,8
366970,0,1289,0,40,3,3,2,1,13,39,8
346968,0,1289,0,40,2,7,2,1,42,41,8
344483,0,1289,0,40,2,8,2,1,41,45,8
374384,0,1289,0,40,2,2,2,1,9,49,8
343392,0,1289,0,40,3,7,2,1,46,29,8
366587,0,1289,0,40,3,4,2,1,19,59,8
340786,0,1289,0,40,2,11,2,1,51,28,8
367251,0,1289,0,40,2,3,2,1,20,39,8
366113,0,1289,0,40,2,4,2,1,16,57,8
353603,0,1289,0,40,3,8,2,1,32,24,8
372027,0,1289,0,40,2,4,2,1,14,41,8
357387,0,1289,0,40,2,7,2,1,32,38,8
343237,0,1289,0,40,2,8,2,1,42,16,8
333845,0,1289,0,40,2,13,2,1,59,35,8
369387,0,1289,0,40,3,4,2,1,15,44,8
377089,0,1289,0,40,3,2,2,1,10,42,8
341913,1,1289,1277,35.1668,3,11,2,1,40,17,8
328701,0,1289,0,40,3,13,2,1,48,12,8
363217,0,1289,0,40,3,4,2,1,29,30,8
349368,0,1289,0,40,3,5,2,1,35,43,8
333269,0,1289,0,40,3,13,2,1,64,58,8
363111,1,1289,1253,40,2,5,2,1,24,36,8
374522,0,1289,0,40,3,3,2,1,13,24,8
379503,0,1289,0,40,3,1,2,1,6,11,8
379991,0,1289,0,40,3,1,2,1,6,28,8
381081,0,1289,0,40,3,1,2,1,6,28,8
381213,0,1289,0,40,2,1,2,1,6,67,8
381545,0,1289,0,40,2,1,2,1,6,42,8
381883,0,1289,0,40,2,1,2,1,6,35,8
382023,0,1289,0,40,3,1,2,1,6,41,8
365482,0,1289,0,40,3,4,2,1,19,35,8
356614,0,1289,0,40,3,6,2,1,25,43,8
371403,0,1289,0,40,2,3,2,1,9,52,8
335491,0,1289,0,40,2,12,2,1,54,45,8
373748,0,1289,0,40,3,2,2,1,11,27,8
329341,0,1289,0,40,2,8,2,1,28,37,8
364686,0,1289,0,40,2,4,2,1,20,79,8
373338,0,1289,0,40,3,3,2,1,8,44,8
337595,0,1289,0,40,2,10,2,1,62,38,8
367511,0,1289,0,40,2,3,2,1,21,32,8
344026,0,1289,0,40,3,7,2,1,50,34,8
327081,0,1289,0,40,3,7,2,1,55,73,8
344702,0,1289,0,40,3,9,2,1,47,35,8
332341,0,1289,0,40,3,10,2,1,77,60,8
327636,0,1289,0,40,3,7,2,1,62,54,8
376089,0,1289,0,40,3,2,2,1,11,43,8
352787,0,1289,0,40,3,7,2,1,30,62,8
353209,0,1289,0,40,3,6,2,1,28,43,8
362060,0,1289,0,40,2,7,2,1,18,55,8
346149,0,1289,0,40,3,6,2,1,47,20,8
338237,0,1289,0,40,3,9,2,1,56,35,8
331635,0,1289,0,40,3,12,2,1,74,72,8
376612,0,1289,0,40,2,2,2,1,8,36,8
370453,1,1289,1283,13.6483,3,4,2,1,14,65,8
360184,0,1289,0,40,2,6,2,1,26,45,8
369671,0,1289,0,40,3,3,2,1,19,30,8
369119,0,1289,0,40,2,3,2,1,19,61,8
318270,0,1289,0,40,2,13,2,1,51,25,8
358801,0,1289,0,40,2,7,2,1,28,27,8
362283,0,1289,0,40,2,3,2,1,28,32,8
376235,0,1289,0,40,2,3,2,1,11,48,8
371827,0,1289,0,40,3,3,2,1,15,43,8
374158,0,1289,0,40,3,3,2,1,10,27,8
379946,0,1289,0,40,2,2,2,1,6,103,8
341912,0,1289,0,40,2,10,2,1,38,39,8
363505,0,1289,0,40,2,4,2,1,27,20,8
371800,0,1289,0,40,2,3,2,1,12,101,8
364880,0,1289,0,40,2,6,2,1,24,16,8
359763,0,1289,0,40,3,5,2,1,35,27,8
377945,0,1289,0,40,2,2,2,1,11,56,8
325626,0,1289,0,40,3,16,2,1,66,49,8
334429,0,1289,0,40,2,10,2,1,75,58,8
380995,0,1289,0,40,3,1,2,1,5,35,8
381223,0,1289,0,40,2,1,2,1,5,31,8
381642,0,1289,0,40,3,1,2,1,5,34,8
381722,0,1289,0,40,3,1,2,1,5,29,8
381806,0,1289,0,40,2,1,2,1,5,31,8
381974,0,1289,0,40,3,1,2,1,5,54,8
382185,0,1289,0,40,3,1,2,1,5,50,8
382287,0,1289,0,40,3,1,2,1,5,23,8
382365,0,1289,0,40,3,1,2,1,5,22,8
382505,0,1289,0,40,3,1,2,1,5,41,8
326742,0,1289,0,40,2,6,2,1,25,18,8
371512,1,1289,1283,25.4843,3,2,2,1,15,47,8
356255,0,1289,0,40,2,5,2,1,31,31,8
375673,0,1289,0,40,3,2,2,1,6,24,8
341065,0,1289,0,40,3,11,2,1,43,33,8
342861,0,1289,0,40,2,9,2,1,41,28,8
369608,0,1289,0,40,3,3,2,1,14,23,8
375375,0,1289,0,40,2,2,2,1,7,30,8
350573,0,1289,0,40,2,7,2,1,29,27,8
365341,0,1289,0,40,2,4,2,1,19,75,8
353622,0,1289,0,40,3,6,2,1,30,61,8
364114,0,1289,0,40,2,4,2,1,23,24,8
349912,0,1289,0,40,3,7,2,1,33,22,8
345867,0,1289,0,40,2,10,2,1,34,32,8
367682,0,1289,0,40,3,2,2,1,26,58,8
370124,0,1289,0,40,3,2,2,1,18,79,8
371002,1,1289,1277,40,2,3,2,1,14,45,8
376060,0,1289,0,40,3,2,2,1,9,80,8
373897,0,1289,0,40,2,3,2,1,9,71,8
371433,0,1289,0,40,3,5,2,1,11,24,8
351066,0,1289,0,40,3,10,2,1,27,25,8
378769,0,1289,0,40,2,2,2,1,6,39,8
325091,0,1289,0,40,3,6,2,1,26,41,8
364092,0,1289,0,40,3,4,2,1,24,42,8
358507,0,1289,0,40,3,5,2,1,17,11,8
366150,0,1289,0,40,3,4,2,1,19,28,8
376356,0,1289,0,40,2,2,2,1,8,76,8
346268,0,1289,0,40,2,7,2,1,45,24,8
348173,0,1289,0,40,3,8,2,1,35,38,8
352500,0,1289,0,40,3,9,2,1,33,32,8
371562,0,1289,0,40,2,3,2,1,16,50,8
279840,0,1289,0,40,3,18,2,1,114,55,8
377944,0,1289,0,40,2,2,2,1,10,52,8
357267,0,1289,0,40,2,5,2,1,28,32,8
378263,0,1289,0,40,2,2,2,1,8,45,8
358410,0,1289,0,40,3,5,2,1,22,26,8
353629,0,1289,0,40,2,7,2,1,34,36,8
365269,0,1289,0,40,2,5,2,1,22,30,8
368301,0,1289,0,40,3,5,2,1,18,43,8
298259,0,1289,0,40,2,18,2,1,115,52,8
368767,0,1289,0,40,2,4,2,1,19,29,8
371504,0,1289,0,40,3,3,2,1,17,35,8
370500,0,1289,0,40,2,4,2,1,16,25,8
346694,0,1289,0,40,3,6,2,1,43,47,8
374813,0,1289,0,40,2,4,2,1,9,35,8
361245,0,1289,0,40,2,6,2,1,21,13,8
369420,0,1289,0,40,2,4,2,1,21,90,8
366274,0,1289,0,40,3,4,2,1,20,18,8
348419,0,1289,0,40,3,6,2,1,44,46,8
380757,0,1289,0,40,3,1,2,1,4,30,8
381504,0,1289,0,40,2,1,2,1,4,38,8
381892,0,1289,0,40,3,1,2,1,4,19,8
382108,0,1289,0,40,3,1,2,1,4,56,8
382284,0,1289,0,40,2,1,2,1,4,57,8
382312,0,1289,0,40,3,1,2,1,4,26,8
382400,0,1289,0,40,2,1,2,1,4,26,8
382957,0,1289,0,40,3,1,2,1,4,19,8
383179,0,1289,0,40,3,1,2,1,4,64,8
353590,0,1289,0,40,3,4,2,1,44,60,8
324310,1,1289,1254,40,3,3,2,1,63,34,8
350565,0,1289,0,40,3,5,2,1,45,65,8
333666,0,1289,0,40,3,8,2,1,85,17,8
347423,0,1289,0,40,3,4,2,1,61,44,8
335503,0,1289,0,40,3,8,2,1,72,32,8
357105,0,1289,0,40,3,4,2,1,35,83,8
343841,0,1289,0,40,3,5,2,1,61,48,8
347385,0,1289,0,40,3,5,2,1,47,66,8
349055,0,1289,0,40,3,4,2,1,50,27,8
337485,0,1289,0,40,2,9,2,1,67,31,8
373839,0,1289,0,40,3,1,2,1,21,51,8
327577,0,1289,0,40,3,7,2,1,42,23,8
330652,0,1289,0,40,3,11,2,1,83,44,8
365734,0,1289,0,40,3,2,2,1,29,41,8
355707,0,1289,0,40,2,4,2,1,37,27,8
316128,0,1289,0,40,3,16,2,1,63,30,8
338394,0,1289,0,40,3,11,2,1,61,28,8
366833,0,1289,0,40,3,2,2,1,23,33,8
329192,0,1289,0,40,3,15,2,1,74,16,8
361848,0,1289,0,40,2,3,2,1,37,67,8
341639,0,1289,0,40,2,7,2,1,63,56,8
348892,0,1289,0,40,2,6,2,1,35,37,8
361812,0,1289,0,40,3,2,2,1,34,23,8
327124,0,1289,0,40,3,7,2,1,67,61,8
367284,0,1289,0,40,3,4,2,1,23,34,8
373432,0,1289,0,40,3,1,2,1,18,47,8
375442,0,1289,0,40,2,1,2,1,18,99,8
367264,0,1289,0,40,2,2,2,1,26,55,8
348433,0,1289,0,40,2,8,2,1,40,45,8
363617,0,1289,0,40,2,4,2,1,27,15,8
333761,0,1289,0,40,3,9,2,1,73,80,8
374981,0,1289,0,40,2,1,2,1,17,37,8
375927,0,1289,0,40,2,1,2,1,17,72,8
336547,0,1289,0,40,3,6,2,1,65,64,8
372480,0,1289,0,40,3,2,2,1,18,21,8
326044,0,1289,0,40,3,8,2,1,61,32,8
375966,0,1289,0,40,3,1,2,1,16,42,8
362265,0,1289,0,40,3,3,2,1,25,38,8
341512,0,1289,0,40,3,8,2,1,64,28,8
372518,0,1289,0,40,2,2,2,1,17,58,8
353918,0,1289,0,40,2,6,2,1,31,45,8
368276,0,1289,0,40,2,2,2,1,26,23,8
334137,0,1289,0,40,2,9,2,1,76,42,8
327447,0,1289,0,40,2,5,2,1,33,65,8
368651,0,1289,0,40,3,3,2,1,22,40,8
324326,1,1289,1284,36.2023,2,6,2,1,54,80,8
374830,0,1289,0,40,3,2,2,1,18,20,8
377402,0,1289,0,40,3,1,2,1,15,30,8
363807,0,1289,0,40,3,4,2,1,20,45,8
367255,0,1289,0,40,2,3,2,1,19,24,8
351310,0,1289,0,40,3,4,2,1,51,57,8
363216,0,1289,0,40,3,3,2,1,27,61,8
371560,0,1289,0,40,3,2,2,1,21,49,8
355392,0,1289,0,40,2,5,2,1,40,39,8
373248,0,1289,0,40,2,3,2,1,17,29,8
377359,0,1289,0,40,3,1,2,1,14,39,8
368184,0,1289,0,40,3,3,2,1,17,15,8
354046,0,1289,0,40,3,6,2,1,31,30,8
347520,0,1289,0,40,2,8,2,1,37,29,8
372703,0,1289,0,40,3,2,2,1,17,15,8
342808,0,1289,0,40,2,11,2,1,56,23,8
345641,0,1289,0,40,2,8,2,1,48,64,8
371876,0,1289,0,40,3,3,2,1,17,70,8
349833,0,1289,0,40,3,8,2,1,51,17,8
371832,0,1289,0,40,3,3,2,1,17,36,8
378045,0,1289,0,40,3,1,2,1,13,48,8
378138,0,1289,0,40,3,1,2,1,13,27,8
378214,0,1289,0,40,3,1,2,1,13,40,8
378476,0,1289,0,40,2,1,2,1,13,32,8
362022,0,1289,0,40,3,2,2,1,30,24,8
349398,0,1289,0,40,3,5,2,1,37,31,8
373173,0,1289,0,40,3,2,2,1,13,40,8
370826,0,1289,0,40,2,2,2,1,17,25,8
349117,0,1289,0,40,3,4,2,1,55,26,8
326422,0,1289,0,40,2,5,2,1,48,32,8
372804,0,1289,0,40,3,2,2,1,19,78,8
362954,0,1289,0,40,2,5,2,1,32,48,8
358508,0,1289,0,40,3,5,2,1,34,32,8
341468,0,1289,0,40,2,8,2,1,64,28,8
366575,0,1289,0,40,2,3,2,1,29,43,8
372116,0,1289,0,40,3,3,2,1,16,41,8
376795,0,1289,0,40,2,2,2,1,13,109,8
368804,0,1289,0,40,2,3,2,1,23,57,8
348183,0,1289,0,40,2,7,2,1,46,21,8
377759,0,1289,0,40,2,1,2,1,12,54,8
378813,0,1289,0,40,2,1,2,1,12,73,8
369106,0,1289,0,40,3,2,2,1,20,47,8
368917,0,1289,0,40,2,2,2,1,20,47,8
352503,0,1289,0,40,2,7,2,1,34,53,8
362892,0,1289,0,40,2,5,2,1,25,30,8
337212,0,1289,0,40,3,13,2,1,57,27,8
359330,0,1289,0,40,3,5,2,1,35,57,8
371162,0,1289,0,40,2,3,2,1,14,40,8
324249,0,1289,0,40,3,9,2,1,57,34,8
367126,0,1289,0,40,2,3,2,1,24,37,8
378449,0,1289,0,40,2,1,2,1,11,18,8
379306,0,1289,0,40,3,1,2,1,11,22,8
379498,0,1289,0,40,2,1,2,1,11,15,8
346754,0,1289,0,40,2,6,2,1,51,95,8
354261,0,1289,0,40,3,5,2,1,38,35,8
343698,1,1289,1261,40,2,8,2,1,54,63,8
366621,0,1289,0,40,3,3,2,1,17,78,8
366463,0,1289,0,40,3,3,2,1,24,48,8
340975,0,1289,0,40,2,7,2,1,51,37,8
348491,0,1289,0,40,3,5,2,1,46,49,8
372032,0,1289,0,40,3,3,2,1,16,50,8
359325,0,1289,0,40,2,4,2,1,28,66,8
349041,0,1289,0,40,3,9,2,1,45,35,8
365490,0,1289,0,40,3,5,2,1,27,61,8
344014,0,1289,0,40,3,9,2,1,45,32,8
376362,0,1289,0,40,2,2,2,1,12,35,8
323722,0,1289,0,40,3,10,2,1,94,44,8
375200,0,1289,0,40,3,2,2,1,16,49,8
368413,0,1289,0,40,3,3,2,1,24,61,8
379176,0,1289,0,40,2,1,2,1,10,15,8
379633,0,1289,0,40,2,1,2,1,10,64,8
379974,0,1289,0,40,3,1,2,1,10,34,8
346952,0,1289,0,40,2,8,2,1,45,46,8
346846,0,1289,0,40,3,7,2,1,53,47,8
374984,0,1289,0,40,3,2,2,1,13,36,8
349012,0,1289,0,40,3,7,2,1,41,46,8
359367,0,1289,0,40,2,4,2,1,30,42,8
374615,0,1289,0,40,3,2,2,1,13,32,8
347255,0,1289,0,40,2,5,2,1,47,44,8
330161,0,1289,0,40,2,10,2,1,80,101,8
367305,0,1289,0,40,3,3,2,1,18,19,8
351772,0,1289,0,40,2,6,2,1,29,32,8
350447,0,1289,0,40,3,6,2,1,38,78,8
377625,0,1289,0,40,3,2,2,1,10,58,8
373286,0,1289,0,40,2,3,2,1,15,42,8
340410,0,1289,0,40,3,7,2,1,66,33,8
369915,0,1289,0,40,3,4,2,1,21,17,8
378716,0,1289,0,40,3,1,2,1,9,62,8
379579,1,1289,1284,19.9818,3,1,2,1,9,47,8
379841,0,1289,0,40,3,1,2,1,9,20,8
380454,0,1289,0,40,3,1,2,1,9,83,8
341385,0,1289,0,40,2,7,2,1,49,66,8
366953,0,1289,0,40,3,2,2,1,21,31,8
373369,2,1289,0,40,2,3,2,1,12,14,8
328056,0,1289,0,40,3,10,2,1,61,104,8
345625,0,1289,0,40,2,8,2,1,46,39,8
374959,0,1289,0,40,3,2,2,1,11,31,8
375878,0,1289,0,40,3,2,2,1,9,58,8
358832,0,1289,0,40,2,4,2,1,32,48,8
330239,0,1289,0,40,3,13,2,1,69,40,8
331728,1,1289,1207,40,3,12,2,1,82,37,8
357348,0,1289,0,40,3,3,2,1,37,32,8
367931,0,1289,0,40,3,3,2,1,22,42,8
359600,0,1289,0,40,3,5,2,1,29,44,8
349334,0,1289,0,40,3,6,2,1,44,29,8
333899,0,1289,0,40,3,9,2,1,75,61,8
366649,0,1289,0,40,2,3,2,1,17,33,8
342023,0,1289,0,40,2,9,2,1,51,28,8
328882,0,1289,0,40,3,7,2,1,61,28,8
357298,0,1289,0,40,2,5,2,1,37,51,8
356083,0,1289,0,40,3,6,2,1,36,9,8
320463,0,1289,0,40,3,10,2,1,79,42,8
369010,0,1289,0,40,2,3,2,1,22,49,8
377448,0,1289,0,40,2,2,2,1,14,119,8
379463,0,1289,0,40,2,1,2,1,8,39,8
380067,0,1289,0,40,3,1,2,1,8,88,8
380323,0,1289,0,40,2,1,2,1,8,23,8
380926,0,1289,0,40,2,1,2,1,8,54,8
380960,0,1289,0,40,2,1,2,1,8,29,8
381178,0,1289,0,40,2,1,2,1,8,50,8
381378,0,1289,0,40,3,1,2,1,8,34,8
341288,0,1289,0,40,2,10,2,1,41,32,8
368658,1,1289,1284,35.5035,2,2,2,1,21,71,8
343246,0,1289,0,40,3,9,2,1,35,25,8
372274,0,1289,0,40,2,2,2,1,16,43,8
336169,0,1289,0,40,3,7,2,1,75,74,8
329133,0,1289,0,40,2,12,2,1,77,32,8
352112,1,1289,1241,40,3,5,2,1,43,35,8
375407,0,1289,0,40,3,2,2,1,9,24,8
264658,0,1289,0,40,3,29,2,1,185,23,8
325029,0,1289,0,40,2,9,2,1,56,41,8
371337,0,1289,0,40,2,3,2,1,18,26,8
366362,0,1289,0,40,3,5,2,1,25,43,8
345201,0,1289,0,40,3,6,2,1,52,46,8
365273,0,1289,0,40,3,2,2,1,32,75,8
370396,0,1289,0,40,2,2,2,1,22,34,8
320929,0,1289,0,40,2,9,2,1,83,60,8
363238,0,1289,0,40,2,5,2,1,27,14,8
359555,1,1289,1269,40,2,5,2,1,23,54,8
361605,0,1289,0,40,3,6,2,1,27,29,8
377856,0,1289,0,40,2,3,2,1,10,24,8
363942,0,1289,0,40,2,6,2,1,16,43,8
356804,0,1289,0,40,2,7,2,1,23,20,8
342364,0,1289,0,40,3,12,2,1,46,54,8
325700,0,1289,0,40,2,9,2,1,51,41,8
379648,0,1289,0,40,2,2,2,1,9,94,8
378300,0,1289,0,40,2,3,2,1,9,82,8
377847,0,1289,0,40,3,2,2,1,11,69,8
365069,0,1289,0,40,3,4,2,1,29,37,8
380545,0,1289,0,40,3,1,2,1,7,42,8
380641,0,1289,0,40,3,1,2,1,7,22,8
380833,0,1289,0,40,3,1,2,1,7,44,8
381493,0,1289,0,40,3,1,2,1,7,9,8
381865,0,1289,0,40,2,1,2,1,7,44,8
381941,0,1289,0,40,2,1,2,1,7,34,8
382021,0,1289,0,40,3,1,2,1,7,26,8
349588,0,1289,0,40,3,4,2,1,49,40,8
372706,0,1289,0,40,3,2,2,1,14,40,8
367697,0,1289,0,40,3,3,2,1,17,34,8
351039,0,1289,0,40,2,8,2,1,32,14,8
374582,1,1289,1273,30.3268,3,2,2,1,11,23,8
354737,0,1289,0,40,3,4,2,1,34,27,8
336028,0,1289,0,40,3,9,2,1,64,49,8
324684,0,1289,0,40,2,6,2,1,51,39,8
357748,0,1289,0,40,3,5,2,1,32,31,8
364164,0,1289,0,40,2,2,2,1,32,52,8
311771,1,1289,1275,25.5756,3,8,2,1,42,57,8
356181,0,1289,0,40,3,5,2,1,30,37,8
342319,0,1289,0,40,2,7,2,1,57,44,8
341730,0,1289,0,40,2,10,2,1,39,11,8
368362,0,1289,0,40,2,3,2,1,20,73,8
343181,0,1289,0,40,3,9,2,1,41,56,8
335275,0,1289,0,40,2,11,2,1,61,101,8
366482,0,1289,0,40,2,5,2,1,13,49,8
337666,0,1289,0,40,3,8,2,1,60,27,8
378777,0,1289,0,40,3,2,2,1,7,45,8
373135,0,1289,0,40,2,2,2,1,18,30,8
366108,0,1289,0,40,3,4,2,1,18,78,8
377265,0,1289,0,40,3,2,2,1,9,25,8
359277,0,1289,0,40,2,6,2,1,19,50,8
326309,0,1289,0,40,3,7,2,1,50,59,8
379246,0,1289,0,40,3,2,2,1,7,53,8
306869,0,1289,0,40,2,19,2,1,93,91,8
352444,0,1289,0,40,3,6,2,1,43,22,8
346848,0,1289,0,40,2,11,2,1,34,24,8
378016,0,1289,0,40,3,2,2,1,11,27,8
348293,0,1289,0,40,3,6,2,1,37,27,8
341695,0,1289,0,40,3,11,2,1,45,36,8
350148,0,1289,0,40,3,8,2,1,40,40,8
362639,0,1289,0,40,3,6,2,1,21,69,8
354659,0,1289,0,40,2,5,2,1,42,67,8
377367,0,1289,0,40,2,2,2,1,13,70,8
361883,0,1289,0,40,3,5,2,1,28,56,8
379951,0,1289,0,40,3,1,2,1,6,53,8
381003,0,1289,0,40,3,1,2,1,6,67,8
381151,0,1289,0,40,3,1,2,1,6,79,8
381486,0,1289,0,40,2,1,2,1,6,45,8
381630,0,1289,0,40,2,1,2,1,6,27,8
381786,0,1289,0,40,3,1,2,1,6,84,8
381926,0,1289,0,40,3,1,2,1,6,78,8
382002,0,1289,0,40,2,1,2,1,6,66,8
382231,0,1289,0,40,3,1,2,1,6,36,8
382355,0,1289,0,40,3,1,2,1,6,44,8
382417,0,1289,0,40,2,1,2,1,6,44,8
382501,0,1289,0,40,2,1,2,1,6,82,8
382607,0,1289,0,40,3,1,2,1,6,51,8
341679,0,1289,0,40,2,9,2,1,48,19,8
368567,0,1289,0,40,3,3,2,1,8,74,8
363856,0,1289,0,40,2,3,2,1,23,95,8
369483,0,1289,0,40,2,3,2,1,15,80,8
367444,0,1289,0,40,2,2,2,1,25,61,8
327545,0,1289,0,40,2,7,2,1,87,58,8
376131,0,1289,0,40,3,2,2,1,10,32,8
370351,0,1289,0,40,2,4,2,1,15,88,8
354326,0,1289,0,40,2,6,2,1,29,77,8
374549,0,1289,0,40,3,3,2,1,12,61,8
370432,0,1289,0,40,2,3,2,1,11,77,8
368219,0,1289,0,40,3,3,2,1,18,45,8
373182,0,1289,0,40,3,3,2,1,12,22,8
325138,0,1289,0,40,3,10,2,1,44,55,8
339280,0,1289,0,40,2,7,2,1,68,33,8
368610,0,1289,0,40,2,4,2,1,17,73,8
344844,0,1289,0,40,2,10,2,1,52,32,8
369925,0,1289,0,40,3,3,2,1,18,88,8
374886,0,1289,0,40,2,2,2,1,15,99,8
368559,0,1289,0,40,3,3,2,1,19,60,8
376223,0,1289,0,40,3,2,2,1,13,27,8
346333,0,1289,0,40,2,6,2,1,44,120,8
366405,0,1289,0,40,2,4,2,1,22,86,8
368985,0,1289,0,40,2,4,2,1,16,17,8
370193,0,1289,0,40,2,4,2,1,12,18,8
362919,0,1289,0,40,3,4,2,1,23,37,8
350386,0,1289,0,40,3,8,2,1,28,56,8
351911,0,1289,0,40,2,6,2,1,34,42,8
330215,0,1289,0,40,2,16,2,1,60,46,8
349417,0,1289,0,40,3,7,2,1,46,34,8
334273,0,1289,0,40,3,9,2,1,74,91,8
306114,0,1289,0,40,2,13,2,1,93,17,8
376772,0,1289,0,40,2,2,2,1,12,51,8
328416,0,1289,0,40,3,7,2,1,56,45,8
345991,0,1289,0,40,2,7,2,1,48,51,8
380506,0,1289,0,40,3,2,2,1,7,47,8
353351,0,1289,0,40,2,10,2,1,34,60,8
357131,0,1289,0,40,3,6,2,1,33,21,8
368761,0,1289,0,40,3,5,2,1,17,58,8
354873,0,1289,0,40,3,8,2,1,26,57,8
380405,0,1289,0,40,3,1,2,1,5,12,8
380661,0,1289,0,40,2,1,2,1,5,28,8
381560,0,1289,0,40,2,1,2,1,5,53,8
381964,0,1289,0,40,2,1,2,1,5,16,8
382444,0,1289,0,40,2,1,2,1,5,75,8
382677,0,1289,0,40,3,1,2,1,5,52,8
382783,0,1289,0,40,3,1,2,1,5,11,8
382907,0,1289,0,40,3,1,2,1,5,63,8
382919,0,1289,0,40,2,1,2,1,5,20,8
383071,0,1289,0,40,2,1,2,1,5,42,8
383193,0,1289,0,40,2,1,2,1,5,39,8
369491,1,1289,1284,20.3363,3,3,2,1,11,82,8
375107,0,1289,0,40,3,2,2,1,8,41,8
374483,0,1289,0,40,2,2,2,1,11,22,8
339824,0,1289,0,40,2,11,2,1,40,17,8
365970,0,1289,0,40,2,3,2,1,21,37,8
351137,0,1289,0,40,3,6,2,1,28,18,8
371575,0,1289,0,40,3,2,2,1,18,83,8
326806,0,1289,0,40,3,5,2,1,63,31,8
358728,0,1289,0,40,3,6,2,1,29,53,8
377605,0,1289,0,40,3,2,2,1,6,25,8
338292,0,1289,0,40,2,9,2,1,57,15,8
343411,0,1289,0,40,3,7,2,1,56,25,8
377592,0,1289,0,40,3,2,2,1,8,43,8
369948,0,1289,0,40,3,4,2,1,13,44,8
373254,0,1289,0,40,3,3,2,1,11,19,8
371908,0,1289,0,40,3,4,2,1,10,47,8
361297,0,1289,0,40,2,4,2,1,31,43,8
351390,0,1289,0,40,3,7,2,1,37,21,8
340863,0,1289,0,40,3,7,2,1,52,26,8
351768,0,1289,0,40,2,7,2,1,38,39,8
371644,0,1289,0,40,3,3,2,1,12,60,8
360549,0,1289,0,40,2,4,2,1,31,29,8
354423,0,1289,0,40,3,8,2,1,31,66,8
329105,0,1289,0,40,3,12,2,1,54,48,8
356627,0,1289,0,40,3,5,2,1,30,33,8
379153,0,1289,0,40,3,3,2,1,7,14,8
342131,0,1289,0,40,2,9,2,1,45,31,8
335223,0,1289,0,40,3,13,2,1,60,49,8
373154,0,1289,0,40,2,2,2,1,14,25,8
364629,0,1289,0,40,2,4,2,1,17,39,8
371028,0,1289,0,40,3,3,2,1,12,47,8
376642,1,1289,1284,17.2192,3,2,2,1,11,61,8
373060,0,1289,0,40,3,3,2,1,15,22,8
359602,0,1289,0,40,2,5,2,1,21,52,8
358559,0,1289,0,40,2,6,2,1,26,41,8
337469,0,1289,0,40,2,10,2,1,62,50,8
357324,0,1289,0,40,3,4,2,1,31,72,8
363771,0,1289,0,40,3,5,2,1,22,28,8
365307,0,1289,0,40,2,4,2,1,19,27,8
369798,0,1289,0,40,3,3,2,1,14,45,8
341784,1,1289,1284,23.8535,3,8,2,1,39,45,8
380796,0,1289,0,40,3,2,2,1,5,32,8
341094,0,1289,0,40,3,12,2,1,48,26,8
376564,0,1289,0,40,3,2,2,1,10,36,8
377563,0,1289,0,40,3,2,2,1,8,52,8
334162,0,1289,0,40,3,11,2,1,60,15,8
356861,0,1289,0,40,2,5,2,1,31,68,8
361231,0,1289,0,40,2,5,2,1,28,29,8
347365,0,1289,0,40,2,8,2,1,46,43,8
360266,0,1289,0,40,3,4,2,1,27,41,8
360261,0,1289,0,40,3,6,2,1,26,46,8
351450,0,1289,0,40,2,6,2,1,38,36,8
364401,0,1289,0,40,3,4,2,1,22,37,8
324525,0,1289,0,40,3,4,2,1,31,34,8
380548,0,1289,0,40,3,2,2,1,7,66,8
356264,0,1289,0,40,3,5,2,1,33,53,8
354751,0,1289,0,40,2,5,2,1,39,55,8
381005,0,1289,0,40,3,2,2,1,5,41,8
380585,0,1289,0,40,3,2,2,1,6,40,8
376487,0,1289,0,40,2,3,2,1,11,73,8
380389,0,1289,0,40,3,1,2,1,4,76,8
382766,0,1289,0,40,2,1,2,1,4,40,8
383050,0,1289,0,40,3,1,2,1,4,64,8
383174,0,1289,0,40,2,1,2,1,4,35,8
383278,0,1289,0,40,3,1,2,1,4,29,8
383322,0,1289,0,40,3,1,2,1,4,48,8
383378,0,1289,0,40,3,1,2,1,4,75,8
383476,0,1289,0,40,2,1,2,1,4,13,8
383600,0,1289,0,40,2,1,2,1,4,29,8
383784,0,1289,0,40,3,1,2,1,4,12,8
345104,0,1289,0,40,3,4,2,1,62,19,8
330569,0,1289,0,40,3,4,2,1,66,24,8
324586,0,1289,0,40,3,5,2,1,93,23,8
365890,0,1289,0,40,3,1,2,1,33,32,8
366773,0,1289,0,40,3,1,2,1,32,50,8
360290,0,1289,0,40,2,2,2,1,35,36,8
327828,0,1289,0,40,2,8,2,1,75,52,8
326011,0,1289,0,40,3,6,2,1,49,37,8
370922,0,1289,0,40,3,1,2,1,25,68,8
367427,0,1289,0,40,2,2,2,1,25,41,8
311782,0,1289,0,40,3,17,2,1,115,46,8
333562,0,1289,0,40,2,10,2,1,84,75,8
372615,0,1289,0,40,3,1,2,1,23,13,8
352476,0,1289,0,40,3,6,2,1,43,15,8
359353,0,1289,0,40,3,4,2,1,39,41,8
348761,0,1289,0,40,2,7,2,1,41,70,8
337502,0,1289,0,40,2,9,2,1,75,62,8
365577,0,1289,0,40,3,2,2,1,29,54,8
349779,0,1289,0,40,2,5,2,1,54,22,8
347527,0,1289,0,40,3,4,2,1,50,21,8
326388,0,1289,0,40,2,7,2,1,59,47,8
351903,0,1289,0,40,3,6,2,1,40,62,8
362374,0,1289,0,40,3,3,2,1,36,25,8
375210,0,1289,0,40,3,1,2,1,19,35,8
375574,0,1289,0,40,2,1,2,1,19,63,8
340358,0,1289,0,40,2,9,2,1,50,54,8
366904,0,1289,0,40,3,3,2,1,26,72,8
371272,0,1289,0,40,3,2,2,1,23,42,8
320993,0,1289,0,40,2,5,2,1,58,38,8
350511,0,1289,0,40,3,4,2,1,44,71,8
268373,1,1289,910,40,3,18,2,1,136,56,8
360635,0,1289,0,40,2,5,2,1,27,31,8
370376,0,1289,0,40,2,3,2,1,21,51,8
324938,1,1289,1269,40,2,11,2,1,60,60,8
344519,0,1289,0,40,2,9,2,1,50,53,8
376874,0,1289,0,40,2,1,2,1,16,38,8
352359,0,1289,0,40,2,4,2,1,38,47,8
363773,0,1289,0,40,3,3,2,1,27,55,8
352666,0,1289,0,40,2,5,2,1,40,49,8
318354,0,1289,0,40,2,15,2,1,96,47,8
350340,0,1289,0,40,2,6,2,1,37,28,8
376724,0,1289,0,40,3,1,2,1,15,74,8
377770,0,1289,0,40,2,1,2,1,15,40,8
362997,0,1289,0,40,3,3,2,1,23,57,8
372756,0,1289,0,40,3,2,2,1,16,85,8
326468,0,1289,0,40,2,9,2,1,46,19,8
345518,0,1289,0,40,3,5,2,1,59,43,8
353467,0,1289,0,40,2,8,2,1,30,45,8
364556,0,1289,0,40,3,4,2,1,22,51,8
370780,0,1289,0,40,3,3,2,1,22,34,8
377233,0,1289,0,40,3,1,2,1,14,42,8
378220,0,1289,0,40,3,1,2,1,14,35,8
378354,0,1289,0,40,2,1,2,1,14,51,8
348734,0,1289,0,40,2,7,2,1,44,36,8
360962,0,1289,0,40,3,3,2,1,37,45,8
340432,0,1289,0,40,3,9,2,1,56,35,8
344071,0,1289,0,40,2,7,2,1,56,61,8
333823,0,1289,0,40,3,12,2,1,69,47,8
339683,0,1289,0,40,2,9,2,1,60,35,8
372040,0,1289,0,40,3,3,2,1,18,32,8
348349,0,1289,0,40,2,7,2,1,49,49,8
377815,0,1289,0,40,3,1,2,1,13,41,8
378311,0,1289,0,40,3,1,2,1,13,22,8
378785,0,1289,0,40,3,1,2,1,13,26,8
343270,0,1289,0,40,3,10,2,1,51,38,8
372031,0,1289,0,40,3,2,2,1,17,69,8
331332,0,1289,0,40,3,11,2,1,66,25,8
368836,0,1289,0,40,3,4,2,1,19,70,8
376373,0,1289,0,40,2,2,2,1,13,62,8
352096,0,1289,0,40,2,5,2,1,48,78,8
361553,0,1289,0,40,3,4,2,1,33,49,8
372012,0,1289,0,40,2,3,2,1,19,37,8
372015,0,1289,0,40,3,2,2,1,20,28,8
375020,0,1289,0,40,3,2,2,1,18,60,8
367618,0,1289,0,40,2,4,2,1,25,56,8
379162,0,1289,0,40,3,1,2,1,12,46,8
379508,0,1289,0,40,3,1,2,1,12,31,8
365135,0,1289,0,40,3,3,2,1,25,43,8
333857,0,1289,0,40,2,12,2,1,52,26,8
353129,0,1289,0,40,3,6,2,1,33,28,8
333340,0,1289,0,40,3,9,2,1,70,76,8
359386,0,1289,0,40,3,4,2,1,31,35,8
334997,0,1289,0,40,3,9,2,1,61,47,8
340328,1,1289,1219,40,2,9,2,1,55,62,8
371867,0,1289,0,40,3,4,2,1,14,59,8
325070,0,1289,0,40,3,8,2,1,56,39,8
329951,0,1289,0,40,3,9,2,1,49,34,8
364205,0,1289,0,40,2,4,2,1,20,46,8
340946,0,1289,0,40,2,11,2,1,40,23,8
377708,0,1289,0,40,3,2,2,1,13,33,8
376963,0,1289,0,40,2,2,2,1,12,29,8
379245,0,1289,0,40,3,1,2,1,11,66,8
373732,0,1289,0,40,3,2,2,1,11,85,8
375686,0,1289,0,40,3,2,2,1,11,47,8
332154,0,1289,0,40,3,12,2,1,73,31,8
349051,0,1289,0,40,3,7,2,1,34,44,8
369350,0,1289,0,40,3,3,2,1,15,30,8
365021,0,1289,0,40,2,5,2,1,20,45,8
365358,0,1289,0,40,2,3,2,1,28,53,8
359486,0,1289,0,40,2,5,2,1,29,68,8
335699,0,1289,0,40,3,10,2,1,70,39,8
346105,0,1289,0,40,2,4,2,1,61,26,8
346835,0,1289,0,40,2,7,2,1,49,22,8
368150,0,1289,0,40,3,4,2,1,19,11,8
315944,0,1289,0,40,3,16,2,1,103,53,8
327326,0,1289,0,40,2,10,2,1,53,33,8
337607,0,1289,0,40,3,11,2,1,61,61,8
377152,0,1289,0,40,3,2,2,1,13,48,8
360779,0,1289,0,40,3,4,2,1,31,59,8
364511,0,1289,0,40,2,4,2,1,22,62,8
354447,0,1289,0,40,2,6,2,1,40,48,8
362441,0,1289,0,40,3,5,2,1,29,70,8
358444,0,1289,0,40,2,6,2,1,29,39,8
379188,0,1289,0,40,3,1,2,1,10,38,8
380105,0,1289,0,40,3,1,2,1,10,40,8
380297,0,1289,0,40,3,1,2,1,10,91,8
380612,0,1289,0,40,3,1,2,1,10,14,8
380744,0,1289,0,40,2,1,2,1,10,30,8
380852,0,1289,0,40,2,1,2,1,10,37,8
367899,0,1289,0,40,3,3,2,1,22,90,8
332713,0,1289,0,40,2,9,2,1,71,27,8
370882,0,1289,0,40,3,2,2,1,20,44,8
370819,0,1289,0,40,3,3,2,1,17,35,8
365664,0,1289,0,40,2,3,2,1,24,48,8
334055,0,1289,0,40,3,12,2,1,58,22,8
377297,0,1289,0,40,2,2,2,1,10,57,8
328855,0,1289,0,40,3,15,2,1,83,50,8
368000,0,1289,0,40,3,4,2,1,21,34,8
377631,0,1289,0,40,2,2,2,1,10,14,8
374655,0,1289,0,40,3,2,2,1,17,35,8
327179,0,1289,0,40,3,10,2,1,72,58,8
359902,0,1289,0,40,2,4,2,1,35,20,8
337859,0,1289,0,40,3,9,2,1,59,37,8
338494,0,1289,0,40,2,5,2,1,71,45,8
351740,0,1289,0,40,3,6,2,1,42,57,8
359266,0,1289,0,40,3,5,2,1,35,44,8
377571,0,1289,0,40,2,1,2,1,9,33,8
380655,0,1289,0,40,3,1,2,1,9,53,8
380980,0,1289,0,40,3,1,2,1,9,51,8
381160,0,1289,0,40,2,1,2,1,9,61,8
381314,0,1289,0,40,3,1,2,1,9,73,8
381354,0,1289,0,40,3,1,2,1,9,52,8
351051,0,1289,0,40,3,6,2,1,40,21,8
363608,0,1289,0,40,3,3,2,1,30,50,8
360068,0,1289,0,40,2,7,2,1,30,56,8
363908,0,1289,0,40,3,4,2,1,21,41,8
376649,0,1289,0,40,3,2,2,1,10,33,8
361300,0,1289,0,40,2,4,2,1,22,44,8
359224,0,1289,0,40,2,4,2,1,35,41,8
350514,0,1289,0,40,3,8,2,1,42,86,8
358605,0,1289,0,40,3,5,2,1,34,43,8
341122,0,1289,0,40,3,10,2,1,54,40,8
377349,0,1289,0,40,2,2,2,1,9,53,8
339493,0,1289,0,40,3,8,2,1,69,23,8
374340,0,1289,0,40,3,2,2,1,16,62,8
377724,0,1289,0,40,3,2,2,1,12,27,8
350727,0,1289,0,40,2,8,2,1,36,33,8
377858,0,1289,0,40,2,2,2,1,13,55,8
362319,0,1289,0,40,3,5,2,1,27,59,8
353041,0,1289,0,40,3,7,2,1,35,32,8
353544,0,1289,0,40,3,5,2,1,38,64,8
329877,0,1289,0,40,2,9,2,1,58,60,8
370610,0,1289,0,40,3,2,2,1,24,54,8
375204,0,1289,0,40,3,3,2,1,14,41,8
370474,1,1289,1270,40,2,3,2,1,21,38,8
380377,0,1289,0,40,2,1,2,1,8,19,8
380973,0,1289,0,40,2,1,2,1,8,54,8
381229,0,1289,0,40,2,1,2,1,8,24,8
381603,0,1289,0,40,3,1,2,1,8,28,8
382007,0,1289,0,40,2,1,2,1,8,58,8
382067,0,1289,0,40,3,1,2,1,8,65,8
348805,0,1289,0,40,2,6,2,1,40,37,8
343226,0,1289,0,40,2,8,2,1,40,14,8
370890,0,1289,0,40,3,3,2,1,13,29,8
361394,0,1289,0,40,3,5,2,1,27,28,8
363906,0,1289,0,40,3,5,2,1,25,24,8
329074,0,1289,0,40,2,6,2,1,32,91,8
353835,0,1289,0,40,3,5,2,1,39,53,8
333165,0,1289,0,40,3,12,2,1,62,47,8
363281,0,1289,0,40,3,5,2,1,23,72,8
361457,0,1289,0,40,3,4,2,1,31,18,8
372431,0,1289,0,40,3,2,2,1,18,54,8
363363,0,1289,0,40,2,4,2,1,18,67,8
370014,0,1289,0,40,2,3,2,1,17,28,8
355546,0,1289,0,40,2,6,2,1,30,50,8
376582,0,1289,0,40,3,2,2,1,11,45,8
365843,0,1289,0,40,3,4,2,1,21,73,8
377383,0,1289,0,40,3,2,2,1,10,27,8
328622,0,1289,0,40,3,7,2,1,60,38,8
373424,0,1289,0,40,3,2,2,1,13,87,8
367317,0,1289,0,40,3,4,2,1,15,28,8
356095,0,1289,0,40,2,6,2,1,28,34,8
364311,1,1289,1277,40,2,5,2,1,25,32,8
335080,0,1289,0,40,3,9,2,1,70,25,8
329880,0,1289,0,40,3,10,2,1,60,31,8
359213,0,1289,0,40,3,5,2,1,31,10,8
344280,0,1289,0,40,2,7,2,1,52,24,8
367874,0,1289,0,40,3,4,2,1,18,27,8
342977,0,1289,0,40,3,6,2,1,61,69,8
364349,0,1289,0,40,2,5,2,1,21,57,8
374973,0,1289,0,40,3,3,2,1,12,30,8
367797,0,1289,0,40,2,4,2,1,17,62,8
371048,0,1289,0,40,3,4,2,1,19,30,8
353063,0,1289,0,40,3,5,2,1,42,25,8
380525,0,1289,0,40,2,1,2,1,7,62,8
381295,0,1289,0,40,2,1,2,1,7,27,8
381479,0,1289,0,40,2,1,2,1,7,43,8
382026,0,1289,0,40,2,1,2,1,7,71,8
382153,1,1289,1285,35.5324,2,1,2,1,7,44,8
382391,0,1289,0,40,3,1,2,1,7,81,8
382639,0,1289,0,40,3,1,2,1,7,88,8
366861,0,1289,0,40,3,3,2,1,17,63,8
353804,0,1289,0,40,2,5,2,1,42,67,8
363459,0,1289,0,40,3,3,2,1,26,62,8
371571,0,1289,0,40,2,2,2,1,18,30,8
329269,0,1289,0,40,3,10,2,1,60,59,8
377391,0,1289,0,40,2,2,2,1,8,28,8
329301,0,1289,0,40,3,11,2,1,65,24,8
328957,0,1289,0,40,3,12,2,1,91,17,8
355715,0,1289,0,40,2,5,2,1,32,55,8
365348,0,1289,0,40,3,3,2,1,25,35,8
350280,0,1289,0,40,2,7,2,1,35,42,8
373016,0,1289,0,40,2,3,2,1,14,24,8
365507,0,1289,0,40,2,4,2,1,22,25,8
377986,0,1289,0,40,2,2,2,1,10,62,8
372213,0,1289,0,40,3,3,2,1,14,37,8
367825,0,1289,0,40,2,3,2,1,24,50,8
349590,0,1289,0,40,2,6,2,1,40,83,8
374416,0,1289,0,40,2,2,2,1,11,16,8
348549,0,1289,0,40,2,8,2,1,35,32,8
376999,0,1289,0,40,2,2,2,1,9,43,8
375414,0,1289,0,40,3,4,2,1,10,39,8
378093,0,1289,0,40,2,2,2,1,7,18,8
344140,0,1289,0,40,2,7,2,1,56,57,8
370566,0,1289,0,40,2,2,2,1,19,27,8
348596,0,1289,0,40,3,5,2,1,61,19,8
339266,0,1289,0,40,2,10,2,1,50,42,8
373179,0,1289,0,40,2,3,2,1,20,26,8
379390,0,1289,0,40,3,2,2,1,9,61,8
365193,0,1289,0,40,2,4,2,1,25,29,8
372837,0,1289,0,40,2,3,2,1,13,26,8
376036,0,1289,0,40,2,3,2,1,10,19,8
334910,1,1289,1285,35.5324,2,9,2,1,72,77,8
325477,0,1289,0,40,3,7,2,1,54,22,8
382020,0,1289,0,40,3,1,2,1,6,50,8
382228,0,1289,0,40,3,1,2,1,6,34,8
382380,0,1289,0,40,2,1,2,1,6,52,8
382600,0,1289,0,40,3,1,2,1,6,12,8
383029,0,1289,0,40,3,1,2,1,6,41,8
383155,0,1289,0,40,2,1,2,1,6,62,8
383199,0,1289,0,40,3,1,2,1,6,38,8
328526,0,1289,0,40,2,11,2,1,83,44,8
365182,0,1289,0,40,3,4,2,1,14,64,8
353597,0,1289,0,40,3,6,2,1,37,23,8
361202,0,1289,0,40,2,5,2,1,22,15,8
345859,0,1289,0,40,2,8,2,1,40,21,8
361142,0,1289,0,40,2,6,2,1,25,35,8
352733,0,1289,0,40,3,7,2,1,29,24,8
343095,0,1289,0,40,2,7,2,1,58,87,8
348243,0,1289,0,40,3,7,2,1,39,76,8
341260,0,1289,0,40,3,12,2,1,43,45,8
372725,0,1289,0,40,3,3,2,1,10,72,8
360712,0,1289,0,40,2,6,2,1,26,36,8
358342,0,1289,0,40,2,5,2,1,22,37,8
353472,0,1289,0,40,2,5,2,1,37,39,8
376283,0,1289,0,40,3,2,2,1,13,55,8
345575,0,1289,0,40,2,8,2,1,36,22,8
357101,0,1289,0,40,2,5,2,1,21,53,8
343946,1,1289,1278,39.2212,2,11,2,1,41,44,8
375288,0,1289,0,40,2,3,2,1,8,62,8
379513,0,1289,0,40,2,2,2,1,6,29,8
369982,0,1289,0,40,2,3,2,1,19,40,8
367052,0,1289,0,40,2,6,2,1,22,72,8
356710,0,1289,0,40,3,6,2,1,30,63,8
326903,0,1289,0,40,2,4,2,1,43,45,8
367860,0,1289,0,40,2,4,2,1,21,21,8
354520,0,1289,0,40,3,5,2,1,36,30,8
351172,0,1289,0,40,2,6,2,1,45,65,8
361797,0,1289,0,40,3,3,2,1,36,24,8
361498,0,1289,0,40,2,3,2,1,33,60,8
343880,0,1289,0,40,2,6,2,1,56,40,8
361257,0,1289,0,40,3,5,2,1,28,37,8
369579,0,1289,0,40,3,3,2,1,23,17,8
328098,0,1289,0,40,2,6,2,1,67,46,8
371224,0,1289,0,40,3,4,2,1,15,30,8
357793,0,1289,0,40,2,5,2,1,34,38,8
327626,0,1289,0,40,3,10,2,1,76,36,8
355146,0,1289,0,40,2,5,2,1,44,26,8
379112,0,1289,0,40,2,2,2,1,9,35,8
327080,0,1289,0,40,2,7,2,1,23,34,8
381158,0,1289,0,40,2,2,2,1,7,53,8
342818,0,1289,0,40,3,5,2,1,68,69,8
350367,0,1289,0,40,3,7,2,1,37,77,8
330998,0,1289,0,40,2,13,2,1,75,58,8
382330,0,1289,0,40,3,1,2,1,5,46,8
382718,0,1289,0,40,3,1,2,1,5,76,8
382834,0,1289,0,40,2,1,2,1,5,51,8
382902,0,1289,0,40,2,1,2,1,5,39,8
383010,0,1289,0,40,2,1,2,1,5,22,8
383114,0,1289,0,40,3,1,2,1,5,41,8
383360,0,1289,0,40,2,1,2,1,5,48,8
383418,0,1289,0,40,2,1,2,1,5,49,8
383504,0,1289,0,40,2,1,2,1,5,119,8
383650,0,1289,0,40,3,1,2,1,5,14,8
337398,0,1289,0,40,2,8,2,1,58,24,8
342213,0,1289,0,40,3,7,2,1,48,53,8
364054,0,1289,0,40,2,4,2,1,21,57,8
352035,0,1289,0,40,3,8,2,1,24,36,8
329854,0,1289,0,40,3,11,2,1,78,58,8
362004,0,1289,0,40,3,6,2,1,20,54,8
343528,0,1289,0,40,2,8,2,1,39,68,8
371770,0,1289,0,40,3,3,2,1,12,20,8
373134,0,1289,0,40,3,3,2,1,11,47,8
378697,0,1289,0,40,3,2,2,1,6,46,8
369121,0,1289,0,40,2,3,2,1,21,40,8
343517,1,1289,1257,39.2555,3,8,2,1,52,46,8
365607,0,1289,0,40,3,3,2,1,24,78,8
345960,0,1289,0,40,2,10,2,1,40,24,8
358308,1,1289,1275,21.6593,3,6,2,1,32,12,8
363229,0,1289,0,40,3,4,2,1,28,71,8
328822,0,1289,0,40,3,10,2,1,87,29,8
377785,0,1289,0,40,3,2,2,1,9,53,8
348902,0,1289,0,40,2,8,2,1,40,61,8
347068,0,1289,0,40,2,6,2,1,52,57,8
369293,0,1289,0,40,2,4,2,1,17,54,8
370295,0,1289,0,40,3,3,2,1,19,66,8
330356,0,1289,0,40,3,15,2,1,80,49,8
366197,0,1289,0,40,3,4,2,1,22,32,8
366726,0,1289,0,40,2,3,2,1,20,47,8
368535,0,1289,0,40,3,4,2,1,13,25,8
358322,0,1289,0,40,2,4,2,1,38,26,8
326760,0,1289,0,40,2,7,2,1,58,19,8
352181,0,1289,0,40,2,6,2,1,38,29,8
362135,0,1289,0,40,3,4,2,1,29,99,8
377005,0,1289,0,40,3,2,2,1,12,54,8
338920,0,1289,0,40,3,9,2,1,51,82,8
351045,0,1289,0,40,2,8,2,1,32,45,8
380268,0,1289,0,40,3,2,2,1,8,48,8
365228,0,1289,0,40,2,5,2,1,18,31,8
381787,0,1289,0,40,3,2,2,1,5,37,8
333645,0,1289,0,40,3,8,2,1,90,20,8
336956,0,1289,0,40,3,8,2,1,64,96,8
381645,0,1289,0,40,2,2,2,1,6,45,8
365409,0,1289,0,40,3,3,2,1,32,49,8
362006,0,1289,0,40,3,5,2,1,29,25,8
333833,0,1289,0,40,2,8,2,1,71,57,8
375061,0,1289,0,40,3,4,2,1,9,62,8
368898,0,1289,0,40,2,4,2,1,17,64,8
353033,0,1289,0,40,3,8,2,1,34,28,8
375488,0,1289,0,40,3,4,2,1,13,29,8
381419,0,1289,0,40,2,1,2,1,4,84,8
382470,0,1289,0,40,3,1,2,1,4,17,8
382884,0,1289,0,40,3,1,2,1,4,65,8
383251,0,1289,0,40,2,1,2,1,4,44,8
383339,0,1289,0,40,2,1,2,1,4,34,8
383599,0,1289,0,40,3,1,2,1,4,40,8
383884,0,1289,0,40,3,1,2,1,4,64,8
383916,0,1289,0,40,2,1,2,1,4,30,8
384000,0,1289,0,40,2,1,2,1,4,66,8
384054,0,1289,0,40,2,1,2,1,4,16,8
384090,0,1289,0,40,3,1,2,1,4,30,8
384172,0,1289,0,40,3,1,2,1,4,55,8
360306,0,1289,0,40,3,2,2,1,38,41,8
367399,0,1289,0,40,2,2,2,1,30,28,8
357021,0,1289,0,40,2,4,2,1,37,49,8
360223,0,1289,0,40,3,5,2,1,39,43,8
358836,0,1289,0,40,3,4,2,1,39,46,8
354133,0,1289,0,40,3,4,2,1,42,43,8
372521,0,1289,0,40,3,2,2,1,23,48,8
370349,1,1289,1286,18.9657,3,2,2,1,26,38,8
347026,0,1289,0,40,3,6,2,1,56,42,8
350540,0,1289,0,40,3,5,2,1,47,75,8
340881,0,1289,0,40,2,8,2,1,67,22,8
375704,0,1289,0,40,2,1,2,1,20,72,8
356726,0,1289,0,40,2,6,2,1,37,64,8
351693,0,1289,0,40,2,6,2,1,44,39,8
375281,0,1289,0,40,3,1,2,1,19,57,8
367716,0,1289,0,40,2,2,2,1,32,23,8
376585,0,1289,0,40,2,1,2,1,18,79,8
356596,0,1289,0,40,2,6,2,1,29,28,8
350439,0,1289,0,40,2,5,2,1,42,87,8
365096,0,1289,0,40,2,3,2,1,30,57,8
377360,0,1289,0,40,2,1,2,1,17,62,8
377494,0,1289,0,40,3,1,2,1,17,24,8
342427,0,1289,0,40,2,6,2,1,55,32,8
335970,0,1289,0,40,3,13,2,1,50,36,8
347778,0,1289,0,40,2,8,2,1,39,128,8
357742,0,1289,0,40,2,6,2,1,38,87,8
325707,0,1289,0,40,3,7,2,1,63,33,8
376416,0,1289,0,40,3,1,2,1,16,33,8
328831,0,1289,0,40,2,7,2,1,39,57,8
348411,0,1289,0,40,3,5,2,1,47,42,8
326250,0,1289,0,40,3,12,2,1,63,51,8
376303,0,1289,0,40,2,2,2,1,16,38,8
368026,0,1289,0,40,2,3,2,1,27,94,8
361857,0,1289,0,40,3,4,2,1,30,91,8
345595,0,1289,0,40,2,7,2,1,51,83,8
375897,0,1289,0,40,2,2,2,1,16,43,8
363954,0,1289,0,40,3,4,2,1,27,31,8
367647,0,1289,0,40,2,3,2,1,17,57,8
338094,0,1289,0,40,3,10,2,1,56,40,8
363799,0,1289,0,40,3,4,2,1,26,47,8
332861,0,1289,0,40,3,7,2,1,88,31,8
322414,0,1289,0,40,2,9,2,1,50,30,8
377862,0,1289,0,40,2,2,2,1,14,43,8
378730,0,1289,0,40,2,1,2,1,13,69,8
378842,0,1289,0,40,2,1,2,1,13,84,8
343459,0,1289,0,40,3,8,2,1,45,31,8
360003,0,1289,0,40,2,4,2,1,33,24,8
338492,0,1289,0,40,3,7,2,1,62,44,8
375973,0,1289,0,40,3,2,2,1,16,74,8
356857,0,1289,0,40,2,7,2,1,34,66,8
367538,0,1289,0,40,3,4,2,1,18,54,8
351809,0,1289,0,40,3,6,2,1,32,29,8
245261,0,1289,0,40,2,25,2,1,127,57,8
352860,0,1289,0,40,3,6,2,1,32,35,8
361719,0,1289,0,40,3,7,2,1,22,58,8
364811,0,1289,0,40,3,4,2,1,28,47,8
353810,1,1289,1286,34.2682,2,6,2,1,37,30,8
348129,0,1289,0,40,3,7,2,1,45,30,8
380434,0,1289,0,40,3,1,2,1,11,61,8
380784,0,1289,0,40,3,1,2,1,11,28,8
352301,0,1289,0,40,2,4,2,1,33,24,8
366101,0,1289,0,40,2,3,2,1,28,53,8
349483,0,1289,0,40,2,5,2,1,48,54,8
368789,0,1289,0,40,2,2,2,1,26,55,8
368406,0,1289,0,40,3,3,2,1,23,49,8
371822,0,1289,0,40,3,2,2,1,23,81,8
367043,0,1289,0,40,3,4,2,1,17,12,8
324838,0,1289,0,40,2,9,2,1,53,31,8
335006,0,1289,0,40,3,8,2,1,80,67,8
368152,0,1289,0,40,2,3,2,1,26,24,8
326815,0,1289,0,40,2,7,2,1,52,37,8
373074,0,1289,0,40,3,2,2,1,16,34,8
379534,0,1289,0,40,2,2,2,1,11,40,8
375516,1,1289,1278,30.2442,3,3,2,1,16,39,8
365357,0,1289,0,40,3,4,2,1,25,26,8
316795,0,1289,0,40,2,11,2,1,46,26,8
379631,0,1289,0,40,3,1,2,1,10,74,8
380491,0,1289,0,40,3,1,2,1,10,56,8
380687,0,1289,0,40,2,1,2,1,10,71,8
380799,0,1289,0,40,2,1,2,1,10,25,8
381332,0,1289,0,40,3,1,2,1,10,40,8
365644,0,1289,0,40,3,3,2,1,21,17,8
332116,0,1289,0,40,3,11,2,1,89,102,8
338518,0,1289,0,40,2,7,2,1,56,100,8
371263,0,1289,0,40,2,4,2,1,17,18,8
365668,0,1289,0,40,3,3,2,1,29,63,8
374217,0,1289,0,40,3,2,2,1,18,27,8
356650,0,1289,0,40,2,4,2,1,32,58,8
375900,0,1289,0,40,2,2,2,1,13,63,8
344355,0,1289,0,40,2,8,2,1,43,56,8
357995,0,1289,0,40,2,5,2,1,28,16,8
325483,1,1289,1269,40,2,11,2,1,45,39,8
369966,0,1289,0,40,2,4,2,1,18,71,8
351841,0,1289,0,40,2,9,2,1,40,83,8
379010,0,1289,0,40,3,2,2,1,13,23,8
381049,0,1289,0,40,3,1,2,1,9,48,8
381321,0,1289,0,40,3,1,2,1,9,43,8
381931,0,1289,0,40,3,1,2,1,9,63,8
382019,0,1289,0,40,3,1,2,1,9,37,8
365274,0,1289,0,40,3,3,2,1,24,31,8
376469,0,1289,0,40,3,2,2,1,10,55,8
343920,0,1289,0,40,2,10,2,1,38,41,8
367809,0,1289,0,40,2,3,2,1,20,72,8
365146,0,1289,0,40,3,4,2,1,28,25,8
368815,0,1289,0,40,3,4,2,1,14,70,8
360282,0,1289,0,40,2,3,2,1,37,60,8
368349,0,1289,0,40,3,4,2,1,14,34,8
338986,0,1289,0,40,2,10,2,1,49,41,8
354168,0,1289,0,40,3,6,2,1,31,47,8
356801,0,1289,0,40,2,4,2,1,38,33,8
331046,0,1289,0,40,2,12,2,1,75,31,8
377924,0,1289,0,40,3,3,2,1,11,54,8
338270,0,1289,0,40,2,12,2,1,62,14,8
380014,0,1289,0,40,3,2,2,1,11,27,8
380184,0,1289,0,40,2,2,2,1,12,68,8
381690,0,1289,0,40,3,1,2,1,8,57,8
382261,1,1289,1286,30.2654,3,1,2,1,8,68,8
382653,0,1289,0,40,2,1,2,1,8,66,8
326275,0,1289,0,40,3,6,2,1,55,50,8
325733,0,1289,0,40,2,11,2,1,59,24,8
357503,0,1289,0,40,2,6,2,1,25,70,8
329674,0,1289,0,40,3,10,2,1,106,23,8
356232,0,1289,0,40,2,5,2,1,32,68,8
333917,0,1289,0,40,3,7,2,1,76,21,8
374641,0,1289,0,40,3,2,2,1,11,78,8
365326,0,1289,0,40,2,4,2,1,21,53,8
348003,0,1289,0,40,3,6,2,1,38,43,8
326449,0,1289,0,40,3,12,2,1,76,31,8
352645,0,1289,0,40,3,5,2,1,43,29,8
342929,0,1289,0,40,2,7,2,1,55,65,8
377583,0,1289,0,40,2,2,2,1,9,38,8
372416,0,1289,0,40,2,2,2,1,21,66,8
333318,0,1289,0,40,2,12,2,1,67,58,8
372574,0,1289,0,40,2,3,2,1,19,45,8
359830,0,1289,0,40,2,7,2,1,29,98,8
370760,0,1289,0,40,2,3,2,1,16,59,8
378678,0,1289,0,40,2,2,2,1,10,27,8
328580,0,1289,0,40,3,12,2,1,59,35,8
376980,0,1289,0,40,3,2,2,1,15,32,8
377497,0,1289,0,40,2,2,2,1,13,48,8
362880,0,1289,0,40,2,5,2,1,27,11,8
380736,0,1289,0,40,2,2,2,1,9,68,8
378884,0,1289,0,40,3,1,2,1,7,35,8
381852,0,1289,0,40,2,1,2,1,7,18,8
382112,0,1289,0,40,2,1,2,1,7,59,8
382809,0,1289,0,40,3,1,2,1,7,59,8
333886,0,1289,0,40,3,14,2,1,63,48,8
345908,0,1289,0,40,2,6,2,1,47,71,8
308239,0,1289,0,40,2,15,2,1,105,43,8
365743,0,1289,0,40,2,3,2,1,29,41,8
340757,0,1289,0,40,3,8,2,1,51,20,8
356629,0,1289,0,40,3,7,2,1,29,44,8
362081,0,1289,0,40,2,3,2,1,36,108,8
330153,0,1289,0,40,3,11,2,1,76,32,8
373404,0,1289,0,40,3,3,2,1,12,45,8
357075,0,1289,0,40,3,8,2,1,25,42,8
375790,0,1289,0,40,3,3,2,1,11,40,8
364470,0,1289,0,40,3,7,2,1,20,42,8
362088,0,1289,0,40,3,4,2,1,30,63,8
378020,0,1289,0,40,2,2,2,1,13,33,8
327903,0,1289,0,40,3,10,2,1,50,55,8
371732,0,1289,0,40,3,3,2,1,19,21,8
369042,0,1289,0,40,2,6,2,1,23,39,8
364687,0,1289,0,40,2,4,2,1,22,63,8
376269,0,1289,0,40,2,2,2,1,17,41,8
347287,0,1289,0,40,2,9,2,1,43,38,8
329479,1,1289,1281,20.8032,3,14,2,1,88,62,8
362467,1,1289,1271,34.8372,3,3,2,1,40,62,8
343356,0,1289,0,40,2,9,2,1,52,49,8
358808,0,1289,0,40,2,6,2,1,32,108,8
368556,0,1289,0,40,3,5,2,1,15,53,8
381748,0,1289,0,40,3,1,2,1,6,41,8
382842,0,1289,0,40,2,1,2,1,6,23,8
383166,0,1289,0,40,3,1,2,1,6,63,8
383324,0,1289,0,40,3,1,2,1,6,35,8
383568,0,1289,0,40,2,1,2,1,6,31,8
369775,0,1289,0,40,3,2,2,1,20,31,8
341779,0,1289,0,40,2,8,2,1,54,30,8
368254,0,1289,0,40,2,4,2,1,17,17,8
349970,0,1289,0,40,3,5,2,1,46,15,8
374275,0,1289,0,40,2,3,2,1,14,58,8
376543,0,1289,0,40,3,3,2,1,8,40,8
372436,0,1289,0,40,3,3,2,1,12,94,8
359756,0,1289,0,40,3,6,2,1,19,58,8
348381,0,1289,0,40,2,5,2,1,47,53,8
372315,1,1289,1286,35.7906,2,4,2,1,11,59,8
367755,0,1289,0,40,2,4,2,1,19,24,8
337022,0,1289,0,40,2,12,2,1,45,37,8
358509,0,1289,0,40,2,6,2,1,30,37,8
375880,0,1289,0,40,2,2,2,1,11,33,8
367696,0,1289,0,40,2,4,2,1,17,58,8
363511,0,1289,0,40,2,5,2,1,31,25,8
371083,0,1289,0,40,2,4,2,1,18,54,8
364263,0,1289,0,40,2,5,2,1,24,45,8
355109,0,1289,0,40,2,8,2,1,34,63,8
372628,0,1289,0,40,3,4,2,1,12,39,8
360116,0,1289,0,40,2,4,2,1,34,43,8
354955,0,1289,0,40,3,8,2,1,31,35,8
374970,0,1289,0,40,3,2,2,1,18,66,8
355984,0,1289,0,40,2,7,2,1,32,30,8
379128,0,1289,0,40,2,2,2,1,9,22,8
371108,0,1289,0,40,2,5,2,1,20,22,8
362158,0,1289,0,40,3,6,2,1,25,66,8
378788,0,1289,0,40,2,2,2,1,6,24,8
366990,0,1289,0,40,3,6,2,1,21,37,8
367626,0,1289,0,40,2,4,2,1,23,27,8
339198,0,1289,0,40,2,10,2,1,54,57,8
381329,0,1289,0,40,3,2,2,1,7,55,8
381993,0,1289,0,40,2,2,2,1,7,37,8
364704,0,1289,0,40,2,5,2,1,26,44,8
382187,0,1289,0,40,2,2,2,1,6,30,8
326489,0,1289,0,40,2,5,2,1,36,28,8
381612,0,1289,0,40,2,1,2,1,5,21,8
383571,0,1289,0,40,3,1,2,1,5,47,8
383707,0,1289,0,40,2,1,2,1,5,58,8
383743,0,1289,0,40,3,1,2,1,5,57,8
383842,0,1289,0,40,2,1,2,1,5,44,8
384014,0,1289,0,40,3,1,2,1,5,27,8
384112,0,1289,0,40,3,1,2,1,5,60,8
384228,0,1289,0,40,2,1,2,1,5,23,8
384326,0,1289,0,40,2,1,2,1,5,72,8
384358,0,1289,0,40,3,1,2,1,5,19,8
384396,0,1289,0,40,3,1,2,1,5,52,8
359597,0,1289,0,40,3,3,2,1,39,45,8
350638,0,1289,0,40,2,7,2,1,46,14,8
369992,0,1289,0,40,2,4,2,1,16,32,8
343667,0,1289,0,40,2,10,2,1,40,20,8
340541,0,1289,0,40,2,11,2,1,46,39,8
367612,0,1289,0,40,3,5,2,1,14,86,8
327594,0,1289,0,40,2,7,2,1,55,22,8
330708,1,1289,1255,40,2,12,2,1,76,31,8
305027,0,1289,0,40,3,7,2,1,56,28,8
379692,0,1289,0,40,2,3,2,1,6,50,8
372091,0,1289,0,40,3,3,2,1,17,19,8
369662,0,1289,0,40,2,3,2,1,17,32,8
348852,0,1289,0,40,3,7,2,1,41,101,8
324748,0,1289,0,40,3,8,2,1,40,50,8
369454,0,1289,0,40,2,3,2,1,17,31,8
334052,0,1289,0,40,3,12,2,1,61,63,8
380568,0,1289,0,40,2,2,2,1,6,30,8
366462,0,1289,0,40,3,6,2,1,17,35,8
364201,0,1289,0,40,2,4,2,1,25,28,8
332577,0,1289,0,40,3,11,2,1,88,36,8
353121,0,1289,0,40,2,4,2,1,52,34,8
337932,0,1289,0,40,2,7,2,1,69,56,8
344941,0,1289,0,40,2,7,2,1,46,27,8
363688,0,1289,0,40,3,6,2,1,17,58,8
352876,0,1289,0,40,2,7,2,1,23,23,8
379221,0,1289,0,40,2,3,2,1,7,21,8
342088,0,1289,0,40,2,9,2,1,62,51,8
351632,0,1289,0,40,3,8,2,1,31,32,8
351019,0,1289,0,40,3,3,2,1,59,36,8
340635,0,1289,0,40,2,11,2,1,45,49,8
336318,0,1289,0,40,3,12,2,1,59,34,8
380349,0,1289,0,40,3,2,2,1,8,27,8
366480,0,1289,0,40,2,5,2,1,14,24,8
359083,0,1289,0,40,2,6,2,1,30,48,8
371717,0,1289,0,40,2,3,2,1,15,42,8
378988,0,1289,0,40,2,2,2,1,5,25,8
381918,1,1289,1286,38.6767,2,2,2,1,5,27,8
365529,0,1289,0,40,2,5,2,1,24,114,8
371690,0,1289,0,40,2,3,2,1,21,56,8
350369,0,1289,0,40,3,7,2,1,34,74,8
373868,0,1289,0,40,2,3,2,1,17,44,8
365331,0,1289,0,40,3,5,2,1,21,67,8
365657,0,1289,0,40,3,5,2,1,16,29,8
383393,0,1289,0,40,2,1,2,1,4,66,8
383757,0,1289,0,40,2,1,2,1,4,24,8
383891,0,1289,0,40,3,1,2,1,4,89,8
384115,0,1289,0,40,2,1,2,1,4,29,8
384371,0,1289,0,40,2,1,2,1,4,44,8
384555,0,1289,0,40,2,1,2,1,4,58,8
384611,0,1289,0,40,2,1,2,1,4,33,8
384639,0,1289,0,40,3,1,2,1,4,33,8
384683,0,1289,0,40,3,1,2,1,4,31,8
384723,0,1289,0,40,2,1,2,1,4,11,8
384767,0,1289,0,40,2,1,2,1,4,30,8
362479,0,1289,0,40,3,3,2,1,34,62,8
350724,0,1289,0,40,2,8,2,1,41,61,8
355150,0,1289,0,40,2,3,2,1,47,18,8
328742,0,1289,0,40,3,4,2,1,55,64,8
334220,0,1289,0,40,3,10,2,1,77,31,8
370355,0,1289,0,40,2,2,2,1,28,56,8
370639,0,1289,0,40,2,2,2,1,19,47,8
349592,0,1289,0,40,2,5,2,1,47,64,8
376971,0,1289,0,40,3,1,2,1,16,98,8
362909,0,1289,0,40,3,5,2,1,24,29,8
351597,0,1289,0,40,3,3,2,1,53,30,8
361951,0,1289,0,40,3,4,2,1,32,60,8
379181,0,1289,0,40,2,1,2,1,15,39,8
365321,0,1289,0,40,3,3,2,1,29,15,8
368541,0,1289,0,40,2,4,2,1,20,25,8
346736,0,1289,0,40,2,6,2,1,51,39,8
370105,0,1289,0,40,3,3,2,1,20,24,8
354206,0,1289,0,40,3,7,2,1,36,58,8
372176,0,1289,0,40,3,3,2,1,15,78,8
356494,0,1289,0,40,3,5,2,1,37,31,8
328070,0,1289,0,40,3,12,2,1,66,41,8
371115,0,1289,0,40,3,3,2,1,23,76,8
378448,0,1289,0,40,3,2,2,1,15,44,8
341805,0,1289,0,40,3,9,2,1,45,26,8
369721,0,1289,0,40,3,4,2,1,21,77,8
372239,0,1289,0,40,2,3,2,1,20,68,8
376320,1,1289,1276,18.0845,3,2,2,1,13,25,8
337345,0,1289,0,40,3,10,2,1,55,25,8
338915,0,1289,0,40,2,6,2,1,60,22,8
380607,0,1289,0,40,3,1,2,1,11,22,8
380974,0,1289,0,40,3,1,2,1,11,92,8
364331,0,1289,0,40,3,3,2,1,25,54,8
345964,0,1289,0,40,3,8,2,1,46,53,8
369897,0,1289,0,40,2,3,2,1,21,36,8
339830,0,1289,0,40,2,9,2,1,59,37,8
354229,0,1289,0,40,2,7,2,1,37,80,8
347361,1,1289,1248,40,2,6,2,1,53,34,8
377808,0,1289,0,40,3,2,2,1,15,72,8
381701,0,1289,0,40,2,1,2,1,10,37,8
369248,0,1289,0,40,2,4,2,1,15,52,8
352550,0,1289,0,40,2,6,2,1,35,34,8
375225,0,1289,0,40,2,2,2,1,16,36,8
358858,0,1289,0,40,3,5,2,1,37,31,8
352468,0,1289,0,40,3,8,2,1,37,44,8
378754,0,1289,0,40,2,2,2,1,10,43,8
370454,0,1289,0,40,2,2,2,1,26,87,8
374181,0,1289,0,40,2,2,2,1,20,54,8
377751,0,1289,0,40,3,2,2,1,12,75,8
373560,0,1289,0,40,3,3,2,1,12,32,8
382557,0,1289,0,40,2,1,2,1,9,35,8
347351,0,1289,0,40,3,6,2,1,48,40,8
345818,0,1289,0,40,3,9,2,1,50,40,8
320157,0,1289,0,40,3,13,2,1,87,22,8
350711,0,1289,0,40,2,7,2,1,44,60,8
324904,0,1289,0,40,3,7,2,1,59,46,8
335844,0,1289,0,40,3,11,2,1,68,58,8
381432,0,1289,0,40,3,2,2,1,9,47,8
361442,0,1289,0,40,3,6,2,1,30,42,8
382847,0,1289,0,40,2,1,2,1,8,60,8
376135,0,1289,0,40,3,2,2,1,8,54,8
359356,0,1289,0,40,2,3,2,1,38,59,8
335327,0,1289,0,40,3,10,2,1,66,29,8
377718,0,1289,0,40,3,2,2,1,11,30,8
370591,0,1289,0,40,2,3,2,1,15,61,8
367888,0,1289,0,40,2,4,2,1,22,51,8
347546,0,1289,0,40,3,8,2,1,31,42,8
373274,0,1289,0,40,2,3,2,1,12,52,8
362936,0,1289,0,40,2,5,2,1,26,63,8
365684,0,1289,0,40,2,4,2,1,30,23,8
376470,0,1289,0,40,2,3,2,1,11,24,8
359775,0,1289,0,40,3,4,2,1,38,33,8
324782,0,1289,0,40,3,8,2,1,49,31,8
363718,0,1289,0,40,3,7,2,1,21,32,8
382266,0,1289,0,40,2,1,2,1,7,64,8
382338,0,1289,0,40,3,1,2,1,7,21,8
382538,0,1289,0,40,2,1,2,1,7,43,8
383758,0,1289,0,40,3,1,2,1,7,42,8
331022,0,1289,0,40,3,12,2,1,69,22,8
332663,1,1289,1249,40,2,9,2,1,84,20,8
378338,0,1289,0,40,3,2,2,1,9,23,8
318470,0,1289,0,40,2,12,2,1,95,53,8
352886,0,1289,0,40,3,6,2,1,36,37,8
343311,0,1289,0,40,2,5,2,1,64,89,8
331431,0,1289,0,40,2,12,2,1,76,43,8
377926,0,1289,0,40,2,3,2,1,10,60,8
370816,0,1289,0,40,2,2,2,1,23,38,8
377638,0,1289,0,40,3,2,2,1,12,21,8
362392,1,1289,1287,24.6591,3,5,2,1,33,25,8
382916,0,1289,0,40,2,1,2,1,6,51,8
384030,0,1289,0,40,3,1,2,1,6,31,8
384292,0,1289,0,40,2,1,2,1,6,87,8
323310,0,1289,0,40,2,5,2,1,41,60,8
372461,0,1289,0,40,3,2,2,1,16,44,8
377679,0,1289,0,40,2,2,2,1,8,49,8
376213,0,1289,0,40,2,3,2,1,8,61,8
327171,0,1289,0,40,3,7,2,1,41,84,8
377201,0,1289,0,40,3,2,2,1,12,41,8
349283,0,1289,0,40,3,7,2,1,52,82,8
376684,0,1289,0,40,3,3,2,1,9,40,8
357421,0,1289,0,40,2,3,2,1,42,13,8
376700,0,1289,0,40,2,3,2,1,9,47,8
380090,0,1289,0,40,2,2,2,1,10,39,8
352498,0,1289,0,40,3,7,2,1,37,58,8
358134,0,1289,0,40,2,7,2,1,25,69,8
382000,0,1289,0,40,3,1,2,1,5,38,8
383273,0,1289,0,40,2,1,2,1,5,62,8
383613,0,1289,0,40,2,1,2,1,5,71,8
383847,0,1289,0,40,2,1,2,1,5,53,8
384645,0,1289,0,40,3,1,2,1,5,33,8
384779,0,1289,0,40,2,1,2,1,5,44,8
384859,0,1289,0,40,2,1,2,1,5,41,8
384883,0,1289,0,40,2,1,2,1,5,55,8
384965,0,1289,0,40,2,1,2,1,5,35,8
332620,0,1289,0,40,3,10,2,1,81,54,8
357152,0,1289,0,40,3,4,2,1,38,30,8
378764,1,1289,1279,19.0723,3,2,2,1,5,51,8
369136,0,1289,0,40,2,4,2,1,18,47,8
330613,0,1289,0,40,2,10,2,1,69,34,8
339600,0,1289,0,40,3,7,2,1,65,48,8
356632,0,1289,0,40,3,7,2,1,24,87,8
363078,0,1289,0,40,3,5,2,1,25,15,8
367491,0,1289,0,40,3,5,2,1,18,38,8
360737,0,1289,0,40,3,5,2,1,33,31,8
378996,0,1289,0,40,2,2,2,1,9,62,8
334111,0,1289,0,40,3,13,2,1,64,41,8
382489,0,1289,0,40,3,2,2,1,7,31,8
366177,1,1289,1262,40,2,5,2,1,20,100,8
384017,0,1289,0,40,3,1,2,1,4,40,8
384776,0,1289,0,40,2,1,2,1,4,47,8
385082,1,1289,1287,40,2,1,2,1,4,59,8
385298,0,1289,0,40,3,1,2,1,4,86,8
361985,0,1289,0,40,2,3,2,1,40,21,8
376560,0,1289,0,40,3,1,2,1,18,60,8
334537,0,1289,0,40,2,11,2,1,70,84,8
354768,0,1289,0,40,2,6,2,1,38,50,8
380747,0,1289,0,40,2,1,2,1,12,71,8
360989,0,1289,0,40,3,4,2,1,35,40,8
351471,0,1289,0,40,2,6,2,1,38,53,8
377903,0,1289,0,40,3,2,2,1,11,50,8
378455,0,1289,0,40,2,2,2,1,14,46,8
377289,0,1289,0,40,2,2,2,1,14,13,8
343899,0,1289,0,40,2,6,2,1,50,40,8
369776,0,1289,0,40,3,3,2,1,18,31,8
330439,0,1289,0,40,3,10,2,1,86,31,8
370190,0,1289,0,40,3,4,2,1,17,16,8
351627,0,1289,0,40,3,5,2,1,45,36,8
373940,0,1289,0,40,2,3,2,1,20,60,8
370884,0,1289,0,40,2,4,2,1,12,52,8
353174,0,1289,0,40,2,8,2,1,32,21,8
369733,0,1289,0,40,3,3,2,1,25,28,8
337736,0,1289,0,40,2,10,2,1,60,27,8
363408,0,1289,0,40,2,6,2,1,27,42,8
363301,0,1289,0,40,2,6,2,1,18,51,8
369458,0,1289,0,40,2,4,2,1,16,43,8
337671,0,1289,0,40,2,9,2,1,55,58,8
374033,0,1289,0,40,3,3,2,1,15,32,8
369563,0,1289,0,40,3,4,2,1,27,71,8
369302,0,1289,0,40,3,3,2,1,21,54,8
363008,0,1289,0,40,3,5,2,1,25,16,8
330038,0,1289,0,40,2,12,2,1,72,87,8
376986,0,1289,0,40,3,3,2,1,13,26,8
333248,1,1289,1241,40,2,13,2,1,63,26,8
383226,0,1289,0,40,3,2,2,1,5,43,8
367035,0,1289,0,40,2,5,2,1,20,25,8
364245,0,1289,0,40,2,6,2,1,23,50,8
384682,0,1289,0,40,2,1,2,1,4,11,8
384898,0,1289,0,40,2,1,2,1,4,46,8
382166,0,1289,0,40,2,0,2,1,3,57,8
382302,0,1289,0,40,2,0,2,1,3,44,8
382558,0,1289,0,40,3,0,2,1,3,58,8
382760,0,1289,0,40,2,0,2,1,3,56,8
382952,0,1289,0,40,2,0,2,1,3,76,8
383237,0,1289,0,40,2,0,2,1,3,28,8
383301,0,1289,0,40,3,0,2,1,3,91,8
383365,0,1289,0,40,3,0,2,1,3,29,8
383433,0,1289,0,40,2,0,2,1,3,49,8
383497,0,1289,0,40,2,0,2,1,3,42,8
383561,0,1289,0,40,3,0,2,1,3,34,8
383665,0,1289,0,40,3,0,2,1,3,77,8
383729,0,1289,0,40,3,0,2,1,3,34,8
383793,0,1289,0,40,3,0,2,1,3,40,8
383845,0,1289,0,40,3,0,2,1,3,89,8
383877,0,1289,0,40,2,0,2,1,3,46,8
383957,0,1289,0,40,3,0,2,1,3,51,8
383989,0,1289,0,40,2,0,2,1,3,14,8
384021,0,1289,0,40,2,0,2,1,3,18,8
384053,0,1289,0,40,2,0,2,1,3,41,8
384085,0,1289,0,40,3,0,2,1,3,44,8
384117,0,1289,0,40,2,0,2,1,3,20,8
384181,0,1289,0,40,3,0,2,1,3,33,8
384213,0,1289,0,40,3,0,2,1,3,42,8
384245,0,1289,0,40,2,0,2,1,3,14,8
384277,0,1289,0,40,2,0,2,1,3,37,8
384309,0,1289,0,40,3,0,2,1,3,40,8
384341,0,1289,0,40,2,0,2,1,3,60,8
384373,0,1289,0,40,3,0,2,1,3,62,8
384405,0,1289,0,40,3,0,2,1,3,35,8
384454,2,1289,0,40,3,0,2,1,3,33,8
384470,0,1289,0,40,2,0,2,1,3,28,8
384486,0,1289,0,40,3,0,2,1,3,53,8
384502,0,1289,0,40,3,0,2,1,3,15,8
384518,0,1289,0,40,2,0,2,1,3,83,8
384550,0,1289,0,40,2,0,2,1,3,50,8
384566,0,1289,0,40,2,0,2,1,3,12,8
384582,0,1289,0,40,2,0,2,1,3,34,8
384598,0,1289,0,40,3,0,2,1,3,56,8
384614,0,1289,0,40,3,0,2,1,3,47,8
384630,0,1289,0,40,3,0,2,1,3,95,8
384646,0,1289,0,40,2,0,2,1,3,22,8
384662,0,1289,0,40,2,0,2,1,3,53,8
384678,0,1289,0,40,2,0,2,1,3,69,8
384694,0,1289,0,40,2,0,2,1,3,64,8
384710,0,1289,0,40,2,0,2,1,3,36,8
384726,0,1289,0,40,2,0,2,1,3,52,8
384742,0,1289,0,40,3,0,2,1,3,33,8
384758,0,1289,0,40,2,0,2,1,3,58,8
384774,0,1289,0,40,3,0,2,1,3,24,8
384806,0,1289,0,40,2,0,2,1,3,31,8
384822,0,1289,0,40,3,0,2,1,3,45,8
384838,0,1289,0,40,3,0,2,1,3,15,8
384854,0,1289,0,40,2,0,2,1,3,60,8
384870,0,1289,0,40,3,0,2,1,3,43,8
384886,0,1289,0,40,3,0,2,1,3,46,8
384902,0,1289,0,40,3,0,2,1,3,32,8
384918,0,1289,0,40,3,0,2,1,3,46,8
384934,0,1289,0,40,2,0,2,1,3,47,8
384950,0,1289,0,40,2,0,2,1,3,40,8
384982,0,1289,0,40,3,0,2,1,3,41,8
384998,0,1289,0,40,2,0,2,1,3,75,8
385011,0,1289,0,40,2,0,2,1,3,45,8
385019,0,1289,0,40,2,0,2,1,3,25,8
385027,0,1289,0,40,3,0,2,1,3,51,8
385043,0,1289,0,40,3,0,2,1,3,74,8
385051,0,1289,0,40,3,0,2,1,3,53,8
385075,0,1289,0,40,3,0,2,1,3,21,8
385083,0,1289,0,40,2,0,2,1,3,18,8
385099,0,1289,0,40,2,0,2,1,3,18,8
385107,0,1289,0,40,3,0,2,1,3,46,8
385115,0,1289,0,40,2,0,2,1,3,36,8
385123,0,1289,0,40,3,0,2,1,3,50,8
385131,0,1289,0,40,2,0,2,1,3,51,8
385139,0,1289,0,40,3,0,2,1,3,38,8
385147,0,1289,0,40,3,0,2,1,3,42,8
385155,0,1289,0,40,3,0,2,1,3,28,8
385163,0,1289,0,40,2,0,2,1,3,39,8
385171,0,1289,0,40,2,0,2,1,3,19,8
385179,0,1289,0,40,3,0,2,1,3,80,8
385187,0,1289,0,40,2,0,2,1,3,9,8
385195,0,1289,0,40,3,0,2,1,3,29,8
385203,0,1289,0,40,3,0,2,1,3,62,8
385211,0,1289,0,40,3,0,2,1,3,51,8
385219,0,1289,0,40,3,0,2,1,3,64,8
385227,0,1289,0,40,2,0,2,1,3,31,8
385235,0,1289,0,40,2,0,2,1,3,36,8
385243,0,1289,0,40,2,0,2,1,3,57,8
385251,0,1289,0,40,2,0,2,1,3,53,8
385259,0,1289,0,40,2,0,2,1,3,24,8
385267,0,1289,0,40,3,0,2,1,3,69,8
385275,0,1289,0,40,2,0,2,1,3,35,8
385283,0,1289,0,40,2,0,2,1,3,11,8
385291,0,1289,0,40,2,0,2,1,3,83,8
385299,0,1289,0,40,3,0,2,1,3,75,8
385307,0,1289,0,40,3,0,2,1,3,26,8
385315,0,1289,0,40,2,0,2,1,3,50,8
385323,0,1289,0,40,3,0,2,1,3,38,8
385331,0,1289,0,40,3,0,2,1,3,51,8
385347,0,1289,0,40,3,0,2,1,3,39,8
385363,0,1289,0,40,2,0,2,1,3,36,8
385371,0,1289,0,40,2,0,2,1,3,25,8
385387,0,1289,0,40,2,0,2,1,3,35,8
385403,0,1289,0,40,2,0,2,1,3,64,8
385411,0,1289,0,40,2,0,2,1,3,54,8
385419,0,1289,0,40,3,0,2,1,3,51,8
385427,0,1289,0,40,2,0,2,1,3,34,8
385435,0,1289,0,40,3,0,2,1,3,24,8
385443,0,1289,0,40,3,0,2,1,3,28,8
385451,0,1289,0,40,2,0,2,1,3,61,8
385459,0,1289,0,40,2,0,2,1,3,58,8
385475,0,1289,0,40,3,0,2,1,3,26,8
385483,0,1289,0,40,3,0,2,1,3,19,8
385491,0,1289,0,40,2,0,2,1,3,79,8
385499,0,1289,0,40,2,0,2,1,3,29,8
385507,0,1289,0,40,2,0,2,1,3,37,8
385515,0,1289,0,40,3,0,2,1,3,37,8
385523,0,1289,0,40,3,0,2,1,3,53,8
385539,0,1289,0,40,3,0,2,1,3,42,8
385547,0,1289,0,40,3,0,2,1,3,28,8
385555,0,1289,0,40,3,0,2,1,3,41,8
385563,0,1289,0,40,2,0,2,1,3,38,8
385571,0,1289,0,40,2,0,2,1,3,39,8
385587,0,1289,0,40,3,0,2,1,3,42,8
385591,0,1289,0,40,2,0,2,1,3,79,8
385595,0,1289,0,40,3,0,2,1,3,67,8
385603,0,1289,0,40,2,0,2,1,3,29,8
385607,0,1289,0,40,2,0,2,1,3,20,8
385611,0,1289,0,40,3,0,2,1,3,29,8
385619,0,1289,0,40,3,0,2,1,3,40,8
385623,0,1289,0,40,2,0,2,1,3,56,8
385627,0,1289,0,40,3,0,2,1,3,21,8
385631,0,1289,0,40,3,0,2,1,3,17,8
385635,0,1289,0,40,2,0,2,1,3,82,8
385639,0,1289,0,40,2,0,2,1,3,20,8
385643,0,1289,0,40,3,0,2,1,3,12,8
385647,0,1289,0,40,2,0,2,1,3,19,8
385651,0,1289,0,40,2,0,2,1,3,32,8
385655,0,1289,0,40,2,0,2,1,3,39,8
385659,0,1289,0,40,2,0,2,1,3,21,8
385663,0,1289,0,40,2,0,2,1,3,81,8
385667,0,1289,0,40,2,0,2,1,3,30,8
385671,0,1289,0,40,2,0,2,1,3,30,8
385679,0,1289,0,40,2,0,2,1,3,48,8
385683,0,1289,0,40,3,0,2,1,3,18,8
385687,0,1289,0,40,3,0,2,1,3,41,8
385691,0,1289,0,40,3,0,2,1,3,42,8
385695,0,1289,0,40,2,0,2,1,3,39,8
385703,0,1289,0,40,3,0,2,1,3,39,8
385707,0,1289,0,40,2,0,2,1,3,62,8
385711,0,1289,0,40,3,0,2,1,3,52,8
385715,0,1289,0,40,3,0,2,1,3,79,8
385723,0,1289,0,40,2,0,2,1,3,12,8
385727,0,1289,0,40,2,0,2,1,3,18,8
385735,0,1289,0,40,3,0,2,1,3,43,8
385739,0,1289,0,40,2,0,2,1,3,53,8
385743,0,1289,0,40,3,0,2,1,3,44,8
385747,0,1289,0,40,3,0,2,1,3,32,8
385751,0,1289,0,40,2,0,2,1,3,23,8
385755,0,1289,0,40,2,0,2,1,3,54,8
385759,0,1289,0,40,2,0,2,1,3,12,8
385771,0,1289,0,40,2,0,2,1,3,39,8
385779,0,1289,0,40,2,0,2,1,3,46,8
385783,0,1289,0,40,3,0,2,1,3,27,8
385787,0,1289,0,40,2,0,2,1,3,28,8
385791,0,1289,0,40,3,0,2,1,3,38,8
385795,0,1289,0,40,2,0,2,1,3,37,8
385799,0,1289,0,40,2,0,2,1,3,38,8
385807,0,1289,0,40,2,0,2,1,3,25,8
385819,0,1289,0,40,3,0,2,1,3,31,8
385823,0,1289,0,40,3,0,2,1,3,68,8
385827,0,1289,0,40,2,0,2,1,3,28,8
385831,0,1289,0,40,2,0,2,1,3,39,8
385839,0,1289,0,40,3,0,2,1,3,49,8
385843,0,1289,0,40,3,0,2,1,3,9,8
385847,0,1289,0,40,3,0,2,1,3,22,8
385851,0,1289,0,40,3,0,2,1,3,33,8
385855,0,1289,0,40,3,0,2,1,3,16,8
385859,0,1289,0,40,2,0,2,1,3,46,8
385863,0,1289,0,40,2,0,2,1,3,46,8
385867,0,1289,0,40,2,0,2,1,3,70,8
385871,0,1289,0,40,3,0,2,1,3,39,8
385875,0,1289,0,40,3,0,2,1,3,32,8
385879,0,1289,0,40,3,0,2,1,3,42,8
385883,0,1289,0,40,3,0,2,1,3,60,8
385887,0,1289,0,40,3,0,2,1,3,41,8
385895,0,1289,0,40,3,0,2,1,3,44,8
385903,0,1289,0,40,2,0,2,1,3,15,8
385911,0,1289,0,40,3,0,2,1,3,30,8
385915,0,1289,0,40,3,0,2,1,3,56,8
385919,0,1289,0,40,2,0,2,1,3,50,8
385923,0,1289,0,40,2,0,2,1,3,24,8
385927,0,1289,0,40,3,0,2,1,3,44,8
385935,0,1289,0,40,2,0,2,1,3,63,8
385939,0,1289,0,40,2,0,2,1,3,39,8
385947,0,1289,0,40,2,0,2,1,3,46,8
385951,0,1289,0,40,3,0,2,1,3,49,8
385955,0,1289,0,40,2,0,2,1,3,27,8
385959,0,1289,0,40,2,0,2,1,3,42,8
385963,0,1289,0,40,2,0,2,1,3,78,8
385971,0,1289,0,40,2,0,2,1,3,53,8
385975,0,1289,0,40,3,0,2,1,3,34,8
385983,0,1289,0,40,2,0,2,1,3,14,8
385987,0,1289,0,40,2,0,2,1,3,55,8
385991,0,1289,0,40,3,0,2,1,3,62,8
385995,0,1289,0,40,2,0,2,1,3,85,8
386003,0,1289,0,40,2,0,2,1,3,30,8
386007,0,1289,0,40,3,0,2,1,3,25,8
386011,0,1289,0,40,3,0,2,1,3,50,8
386019,0,1289,0,40,2,0,2,1,3,54,8
386023,0,1289,0,40,3,0,2,1,3,68,8
386031,0,1289,0,40,3,0,2,1,3,20,8
386035,0,1289,0,40,3,0,2,1,3,57,8
386039,0,1289,0,40,2,0,2,1,3,45,8
386043,0,1289,0,40,3,0,2,1,3,22,8
386047,0,1289,0,40,3,0,2,1,3,27,8
386051,0,1289,0,40,3,0,2,1,3,58,8
386059,0,1289,0,40,3,0,2,1,3,55,8
386063,0,1289,0,40,3,0,2,1,3,15,8
386071,0,1289,0,40,3,0,2,1,3,44,8
386075,0,1289,0,40,2,0,2,1,3,23,8
386079,0,1289,0,40,2,0,2,1,3,48,8
386083,0,1289,0,40,3,0,2,1,3,54,8
386091,0,1289,0,40,3,0,2,1,3,55,8
386095,0,1289,0,40,3,0,2,1,3,37,8
386103,0,1289,0,40,3,0,2,1,3,25,8
386107,0,1289,0,40,2,0,2,1,3,59,8
386111,0,1289,0,40,3,0,2,1,3,9,8
386115,0,1289,0,40,3,0,2,1,3,27,8
386119,0,1289,0,40,2,0,2,1,3,56,8
386127,0,1289,0,40,3,0,2,1,3,46,8
386131,0,1289,0,40,3,0,2,1,3,28,8
386135,0,1289,0,40,2,0,2,1,3,38,8
386143,0,1289,0,40,3,0,2,1,3,27,8
386147,0,1289,0,40,3,0,2,1,3,33,8
386155,0,1289,0,40,2,0,2,1,3,47,8
386159,0,1289,0,40,2,0,2,1,3,29,8
386163,0,1289,0,40,3,0,2,1,3,32,8
386167,0,1289,0,40,2,0,2,1,3,61,8
386175,0,1289,0,40,2,0,2,1,3,77,8
386179,0,1289,0,40,3,0,2,1,3,32,8
386181,0,1289,0,40,2,0,2,1,3,50,8
386183,0,1289,0,40,3,0,2,1,3,73,8
386185,0,1289,0,40,3,0,2,1,3,21,8
386187,0,1289,0,40,3,0,2,1,3,48,8
386189,0,1289,0,40,3,0,2,1,3,50,8
386193,0,1289,0,40,2,0,2,1,3,40,8
386195,0,1289,0,40,3,0,2,1,3,58,8
386197,0,1289,0,40,2,0,2,1,3,18,8
386199,0,1289,0,40,3,0,2,1,3,65,8
386203,0,1289,0,40,3,0,2,1,3,52,8
386205,0,1289,0,40,2,0,2,1,3,33,8
386207,0,1289,0,40,3,0,2,1,3,42,8
386211,0,1289,0,40,3,0,2,1,3,42,8
386213,0,1289,0,40,3,0,2,1,3,14,8
386215,0,1289,0,40,2,0,2,1,3,102,8
386217,0,1289,0,40,2,0,2,1,3,65,8
386219,0,1289,0,40,2,0,2,1,3,26,8
386221,0,1289,0,40,2,0,2,1,3,28,8
386223,0,1289,0,40,3,0,2,1,3,73,8
386225,0,1289,0,40,3,0,2,1,3,102,8
386227,0,1289,0,40,2,0,2,1,3,52,8
386229,0,1289,0,40,2,0,2,1,3,60,8
386233,0,1289,0,40,2,0,2,1,3,74,8
386235,0,1289,0,40,3,0,2,1,3,50,8
386237,0,1289,0,40,3,0,2,1,3,82,8
386239,0,1289,0,40,2,0,2,1,3,30,8
386241,0,1289,0,40,3,0,2,1,3,54,8
386243,0,1289,0,40,3,0,2,1,3,37,8
386245,0,1289,0,40,2,0,2,1,3,45,8
386247,0,1289,0,40,2,0,2,1,3,51,8
386249,0,1289,0,40,2,0,2,1,3,53,8
386251,0,1289,0,40,2,0,2,1,3,42,8
386255,0,1289,0,40,2,0,2,1,3,31,8
386257,0,1289,0,40,3,0,2,1,3,73,8
386261,0,1289,0,40,3,0,2,1,3,76,8
386263,0,1289,0,40,2,0,2,1,3,63,8
386265,0,1289,0,40,3,0,2,1,3,28,8
386267,0,1289,0,40,3,0,2,1,3,49,8
386271,0,1289,0,40,2,0,2,1,3,70,8
386273,0,1289,0,40,3,0,2,1,3,48,8
386275,0,1289,0,40,2,0,2,1,3,51,8
386277,0,1289,0,40,2,0,2,1,3,22,8
386279,0,1289,0,40,2,0,2,1,3,60,8
386283,0,1289,0,40,2,0,2,1,3,33,8
386285,0,1289,0,40,3,0,2,1,3,17,8
386287,0,1289,0,40,2,0,2,1,3,43,8
386289,0,1289,0,40,3,0,2,1,3,36,8
386291,0,1289,0,40,3,0,2,1,3,41,8
386295,0,1289,0,40,3,0,2,1,3,88,8
386297,0,1289,0,40,3,0,2,1,3,17,8
386299,0,1289,0,40,3,0,2,1,3,40,8
386303,0,1289,0,40,3,0,2,1,3,43,8
386305,0,1289,0,40,3,0,2,1,3,30,8
386307,0,1289,0,40,3,0,2,1,3,44,8
386309,0,1289,0,40,3,0,2,1,3,42,8
386311,0,1289,0,40,3,0,2,1,3,53,8
386315,0,1289,0,40,3,0,2,1,3,16,8
386317,0,1289,0,40,3,0,2,1,3,28,8
386319,0,1289,0,40,2,0,2,1,3,78,8
386321,0,1289,0,40,3,0,2,1,3,28,8
386325,0,1289,0,40,2,0,2,1,3,88,8
386327,0,1289,0,40,3,0,2,1,3,20,8
386329,0,1289,0,40,3,0,2,1,3,45,8
386333,0,1289,0,40,3,0,2,1,3,66,8
386335,0,1289,0,40,2,0,2,1,3,53,8
386337,0,1289,0,40,2,0,2,1,3,23,8
386341,0,1289,0,40,2,0,2,1,3,59,8
386343,0,1289,0,40,3,0,2,1,3,13,8
386345,0,1289,0,40,3,0,2,1,3,56,8
386347,0,1289,0,40,2,0,2,1,3,70,8
386349,0,1289,0,40,3,0,2,1,3,19,8
386351,0,1289,0,40,3,0,2,1,3,28,8
386353,0,1289,0,40,2,0,2,1,3,33,8
386355,0,1289,0,40,2,0,2,1,3,43,8
386357,0,1289,0,40,3,0,2,1,3,41,8
386359,0,1289,0,40,2,0,2,1,3,41,8
386361,0,1289,0,40,3,0,2,1,3,19,8
386365,0,1289,0,40,2,0,2,1,3,38,8
386369,0,1289,0,40,3,0,2,1,3,23,8
386373,0,1289,0,40,3,0,2,1,3,37,8
386375,0,1289,0,40,3,0,2,1,3,69,8
386377,0,1289,0,40,3,0,2,1,3,48,8
386381,0,1289,0,40,3,0,2,1,3,75,8
386383,0,1289,0,40,2,0,2,1,3,43,8
386385,0,1289,0,40,3,0,2,1,3,29,8
386387,0,1289,0,40,3,0,2,1,3,34,8
386389,0,1289,0,40,3,0,2,1,3,40,8
386391,0,1289,0,40,2,0,2,1,3,73,8
386395,0,1289,0,40,2,0,2,1,3,86,8
386397,0,1289,0,40,2,0,2,1,3,56,8
386399,0,1289,0,40,2,0,2,1,3,33,8
386401,0,1289,0,40,3,0,2,1,3,34,8
386405,0,1289,0,40,2,0,2,1,3,16,8
386407,0,1289,0,40,3,0,2,1,3,22,8
386409,0,1289,0,40,2,0,2,1,3,77,8
386411,0,1289,0,40,2,0,2,1,3,34,8
386413,0,1289,0,40,3,0,2,1,3,32,8
386415,0,1289,0,40,3,0,2,1,3,10,8
386417,0,1289,0,40,2,0,2,1,3,100,8
386419,0,1289,0,40,3,0,2,1,3,42,8
386423,0,1289,0,40,3,0,2,1,3,46,8
386425,0,1289,0,40,3,0,2,1,3,17,8
386427,0,1289,0,40,2,0,2,1,3,60,8
386429,0,1289,0,40,2,0,2,1,3,36,8
386431,0,1289,0,40,2,0,2,1,3,40,8
386433,0,1289,0,40,3,0,2,1,3,36,8
386435,0,1289,0,40,2,0,2,1,3,74,8
386437,0,1289,0,40,2,0,2,1,3,32,8
386441,0,1289,0,40,2,0,2,1,3,52,8
386443,0,1289,0,40,3,0,2,1,3,22,8
386445,0,1289,0,40,3,0,2,1,3,22,8
386449,0,1289,0,40,3,0,2,1,3,22,8
386453,0,1289,0,40,2,0,2,1,3,13,8
386455,0,1289,0,40,3,0,2,1,3,122,8
386457,0,1289,0,40,2,0,2,1,3,44,8
386459,0,1289,0,40,2,0,2,1,3,35,8
386461,0,1289,0,40,2,0,2,1,3,42,8
386463,0,1289,0,40,3,0,2,1,3,74,8
386465,0,1289,0,40,3,0,2,1,3,40,8
386467,0,1289,0,40,2,0,2,1,3,41,8
386471,0,1289,0,40,3,0,2,1,3,55,8
386473,0,1289,0,40,3,0,2,1,3,30,8
386475,0,1289,0,40,2,0,2,1,3,58,8
386479,0,1289,0,40,2,0,2,1,3,61,8
386481,0,1289,0,40,2,0,2,1,3,37,8
386485,0,1289,0,40,3,0,2,1,3,24,8
386487,0,1289,0,40,2,0,2,1,3,80,8
386489,0,1289,0,40,2,0,2,1,3,22,8
386491,0,1289,0,40,3,0,2,1,3,55,8
386495,0,1289,0,40,2,0,2,1,3,28,8
386497,0,1289,0,40,3,0,2,1,3,39,8
386501,0,1289,0,40,3,0,2,1,3,57,8
386503,0,1289,0,40,2,0,2,1,3,30,8
386507,0,1289,0,40,3,0,2,1,3,47,8
386509,0,1289,0,40,2,0,2,1,3,47,8
386513,0,1289,0,40,2,0,2,1,3,14,8
386517,0,1289,0,40,2,0,2,1,3,21,8
386519,0,1289,0,40,2,0,2,1,3,48,8
386521,0,1289,0,40,3,0,2,1,3,68,8
386523,0,1289,0,40,2,0,2,1,3,44,8
386525,0,1289,0,40,2,0,2,1,3,17,8
386527,0,1289,0,40,3,0,2,1,3,42,8
386529,0,1289,0,40,2,0,2,1,3,33,8
386531,0,1289,0,40,3,0,2,1,3,27,8
386533,0,1289,0,40,2,0,2,1,3,31,8
386535,0,1289,0,40,3,0,2,1,3,28,8
386537,0,1289,0,40,3,0,2,1,3,37,8
386539,0,1289,0,40,2,0,2,1,3,42,8
386541,0,1289,0,40,3,0,2,1,3,67,8
386543,0,1289,0,40,3,0,2,1,3,50,8
386545,0,1289,0,40,3,0,2,1,3,37,8
386547,0,1289,0,40,2,0,2,1,3,54,8
386549,0,1289,0,40,3,0,2,1,3,39,8
386551,0,1289,0,40,2,0,2,1,3,41,8
386553,0,1289,0,40,3,0,2,1,3,33,8
386557,0,1289,0,40,3,0,2,1,3,27,8
386559,0,1289,0,40,3,0,2,1,3,40,8
386563,0,1289,0,40,3,0,2,1,3,52,8
386565,0,1289,0,40,2,0,2,1,3,12,8
386567,0,1289,0,40,2,0,2,1,3,17,8
386569,0,1289,0,40,3,0,2,1,3,39,8
386571,0,1289,0,40,2,0,2,1,3,34,8
386573,0,1289,0,40,2,0,2,1,3,74,8
386577,0,1289,0,40,2,0,2,1,3,21,8
386579,0,1289,0,40,3,0,2,1,3,40,8
386581,0,1289,0,40,3,0,2,1,3,42,8
386583,0,1289,0,40,3,0,2,1,3,27,8
386585,0,1289,0,40,3,0,2,1,3,35,8
386587,0,1289,0,40,2,0,2,1,3,83,8
386589,0,1289,0,40,2,0,2,1,3,35,8
386591,0,1289,0,40,2,0,2,1,3,55,8
386593,0,1289,0,40,2,0,2,1,3,18,8
386595,0,1289,0,40,3,0,2,1,3,67,8
386599,0,1289,0,40,3,0,2,1,3,38,8
386601,0,1289,0,40,3,0,2,1,3,28,8
386603,0,1289,0,40,3,0,2,1,3,42,8
386605,0,1289,0,40,2,0,2,1,3,45,8
386607,0,1289,0,40,2,0,2,1,3,39,8
386609,0,1289,0,40,3,0,2,1,3,45,8
386611,0,1289,0,40,2,0,2,1,3,49,8
386613,0,1289,0,40,3,0,2,1,3,53,8
386615,0,1289,0,40,2,0,2,1,3,46,8
386617,0,1289,0,40,3,0,2,1,3,63,8
386619,0,1289,0,40,3,0,2,1,3,28,8
386621,0,1289,0,40,3,0,2,1,3,42,8
386623,0,1289,0,40,3,0,2,1,3,21,8
386627,0,1289,0,40,3,0,2,1,3,53,8
386629,0,1289,0,40,3,0,2,1,3,17,8
386633,0,1289,0,40,2,0,2,1,3,63,8
386635,0,1289,0,40,3,0,2,1,3,26,8
386637,0,1289,0,40,2,0,2,1,3,54,8
386641,0,1289,0,40,2,0,2,1,3,24,8
386645,0,1289,0,40,3,0,2,1,3,45,8
386649,0,1289,0,40,3,0,2,1,3,22,8
386651,0,1289,0,40,3,0,2,1,3,23,8
386653,0,1289,0,40,3,0,2,1,3,37,8
386655,0,1289,0,40,3,0,2,1,3,50,8
386657,0,1289,0,40,2,0,2,1,3,22,8
386659,0,1289,0,40,2,0,2,1,3,60,8
386661,0,1289,0,40,3,0,2,1,3,20,8
386663,0,1289,0,40,2,0,2,1,3,37,8
386665,0,1289,0,40,2,0,2,1,3,39,8
386667,0,1289,0,40,3,0,2,1,3,10,8
386669,0,1289,0,40,2,0,2,1,3,65,8
386671,0,1289,0,40,3,0,2,1,3,33,8
386673,0,1289,0,40,2,0,2,1,3,66,8
386675,0,1289,0,40,3,0,2,1,3,54,8
386677,0,1289,0,40,3,0,2,1,3,36,8
386679,0,1289,0,40,2,0,2,1,3,43,8
386681,0,1289,0,40,2,0,2,1,3,26,8
386683,0,1289,0,40,2,0,2,1,3,26,8
386687,0,1289,0,40,2,0,2,1,3,47,8
386689,0,1289,0,40,3,0,2,1,3,9,8
386691,0,1289,0,40,3,0,2,1,3,56,8
386695,0,1289,0,40,2,0,2,1,3,93,8
386699,0,1289,0,40,3,0,2,1,3,27,8
386703,0,1289,0,40,3,0,2,1,3,30,8
386707,0,1289,0,40,3,0,2,1,3,21,8
386709,0,1289,0,40,2,0,2,1,3,43,8
386711,0,1289,0,40,2,0,2,1,3,40,8
386713,0,1289,0,40,3,0,2,1,3,12,8
386715,0,1289,0,40,2,0,2,1,3,68,8
386717,0,1289,0,40,2,0,2,1,3,45,8
386719,0,1289,0,40,3,0,2,1,3,29,8
386723,0,1289,0,40,2,0,2,1,3,39,8
386725,0,1289,0,40,3,0,2,1,3,35,8
386727,0,1289,0,40,2,0,2,1,3,73,8
386729,0,1289,0,40,2,0,2,1,3,43,8
386731,0,1289,0,40,3,0,2,1,3,61,8
386733,0,1289,0,40,2,0,2,1,3,52,8
386735,0,1289,0,40,3,0,2,1,3,70,8
386737,0,1289,0,40,2,0,2,1,3,23,8
386739,0,1289,0,40,3,0,2,1,3,71,8
386743,0,1289,0,40,2,0,2,1,3,7,8
386745,0,1289,0,40,3,0,2,1,3,27,8
386747,0,1289,0,40,2,0,2,1,3,31,8
386749,0,1289,0,40,3,0,2,1,3,45,8
386753,0,1289,0,40,3,0,2,1,3,30,8
386755,0,1289,0,40,2,0,2,1,3,19,8
386757,0,1289,0,40,3,0,2,1,3,43,8
386759,0,1289,0,40,2,0,2,1,3,26,8
386763,0,1289,0,40,2,0,2,1,3,10,8
386767,0,1289,0,40,3,0,2,1,3,43,8
386769,0,1289,0,40,2,0,2,1,3,62,8
386771,0,1289,0,40,2,0,2,1,3,73,8
386773,0,1289,0,40,3,0,2,1,3,20,8
386775,0,1289,0,40,2,0,2,1,3,29,8
386777,0,1289,0,40,3,0,2,1,3,45,8
386781,0,1289,0,40,3,0,2,1,3,47,8
386783,0,1289,0,40,3,0,2,1,3,101,8
386785,0,1289,0,40,2,0,2,1,3,26,8
386787,0,1289,0,40,3,0,2,1,3,45,8
325085,0,1289,0,40,2,3,2,1,16,23,8
327963,0,1289,0,40,3,0,2,1,4,29,8
354951,0,1289,0,40,3,4,2,1,25,51,8
326813,0,1289,0,40,3,9,2,1,34,27,8
321152,1,1289,1231,40,3,12,2,1,58,36,8
364772,0,1289,0,40,3,3,2,1,19,43,8
364608,0,1289,0,40,2,2,2,1,14,29,8
360237,0,1289,0,40,2,5,2,1,23,25,8
361606,0,1289,0,40,3,2,2,1,24,65,8
375099,0,1289,0,40,2,1,2,1,9,38,8
362470,1,1289,1265,40,2,3,2,1,18,42,8
328055,0,1289,0,40,3,3,2,1,20,36,8
348831,0,1289,0,40,3,5,2,1,44,49,8
328606,0,1289,0,40,3,4,2,1,59,24,8
352293,0,1289,0,40,2,2,2,1,41,30,8
374171,0,1289,0,40,2,1,2,1,12,53,8
374957,0,1289,0,40,2,1,2,1,9,30,8
376477,0,1289,0,40,2,1,2,1,8,66,8
348719,0,1289,0,40,3,6,2,1,35,29,8
347452,0,1289,0,40,3,6,2,1,40,30,8
375808,0,1289,0,40,3,1,2,1,5,22,8
344204,0,1289,0,40,3,7,2,1,45,51,8
378977,0,1289,0,40,3,1,2,1,4,28,8
374252,0,1289,0,40,3,2,2,1,8,33,8
335135,0,1289,0,40,2,6,2,1,62,46,8
350184,0,1289,0,40,2,5,2,1,46,66,8
346989,0,1289,0,40,2,7,2,1,46,12,8
348606,0,1289,0,40,3,5,2,1,42,23,8
327033,0,1289,0,40,3,8,2,1,55,35,8
327325,0,1289,0,40,2,9,2,1,51,47,8
369876,0,1289,0,40,3,2,2,1,14,46,8
375601,0,1289,0,40,2,1,2,1,7,27,8
363163,0,1289,0,40,3,3,2,1,24,51,8
377953,0,1289,0,40,2,1,2,1,6,43,8
326445,0,1289,0,40,3,9,2,1,32,55,8
346040,0,1289,0,40,3,8,2,1,52,47,8
341064,0,1289,0,40,2,6,2,1,49,21,8
365723,0,1289,0,40,3,3,2,1,17,68,8
314323,1,1289,1275,40,2,11,2,1,63,21,8
364538,0,1289,0,40,2,4,2,1,19,58,8
376409,0,1289,0,40,3,2,2,1,5,38,8
363146,0,1289,0,40,2,5,2,1,13,85,8
327590,0,1289,0,40,3,5,2,1,57,30,8
353475,0,1289,0,40,3,3,2,1,41,46,8
328853,0,1289,0,40,3,5,2,1,52,54,8
352069,0,1289,0,40,2,5,2,1,38,34,8
370960,0,1289,0,40,2,2,2,1,16,36,8
342289,0,1289,0,40,2,9,2,1,36,39,8
365889,0,1289,0,40,3,3,2,1,22,23,8
359708,0,1289,0,40,3,4,2,1,20,37,8
375695,0,1289,0,40,2,1,2,1,11,43,8
363151,0,1289,0,40,2,3,2,1,22,40,8
367101,0,1289,0,40,3,4,2,1,18,55,8
372464,0,1289,0,40,2,2,2,1,13,51,8
362845,0,1289,0,40,2,5,2,1,27,71,8
364195,0,1289,0,40,3,4,2,1,18,49,8
376392,1,1289,1279,34.8553,3,1,2,1,8,48,8
367668,0,1289,0,40,2,3,2,1,17,65,8
367763,0,1289,0,40,2,2,2,1,22,20,8
362984,0,1289,0,40,3,3,2,1,21,54,8
351370,0,1289,0,40,2,6,2,1,31,47,8
369006,0,1289,0,40,2,4,2,1,12,41,8
364698,0,1289,0,40,3,3,2,1,26,34,8
357511,0,1289,0,40,2,4,2,1,23,52,8
373155,0,1289,0,40,2,3,2,1,9,19,8
337860,0,1289,0,40,3,9,2,1,61,38,8
379236,0,1289,0,40,2,1,2,1,5,48,8
375114,0,1289,0,40,2,2,2,1,5,53,8
325800,0,1289,0,40,3,5,2,1,22,41,8
366865,1,1289,1279,40,2,3,2,1,15,36,8
379884,0,1289,0,40,2,1,2,1,4,53,8
361059,0,1289,0,40,3,6,2,1,13,53,8
368752,0,1289,0,40,2,3,2,1,13,58,8
342429,0,1289,0,40,3,7,2,1,44,68,8
361005,0,1289,0,40,2,4,2,1,25,24,8
346904,0,1289,0,40,3,8,2,1,36,35,8
380221,0,1289,0,40,3,1,2,1,3,31,8
339860,0,1289,0,40,3,6,2,1,64,42,8
299786,0,1289,0,40,3,10,2,1,95,60,8
361174,0,1289,0,40,3,4,2,1,23,41,8
365788,0,1289,0,40,3,4,2,1,21,72,8
369789,0,1289,0,40,3,2,2,1,20,30,8
366151,0,1289,0,40,2,3,2,1,22,34,8
373564,0,1289,0,40,3,1,2,1,14,26,8
369576,0,1289,0,40,2,2,2,1,14,42,8
329859,0,1289,0,40,3,13,2,1,76,87,8
369020,0,1289,0,40,2,3,2,1,18,63,8
359788,0,1289,0,40,2,2,2,1,28,56,8
367115,0,1289,0,40,2,3,2,1,22,39,8
376281,0,1289,0,40,2,1,2,1,12,43,8
333910,0,1289,0,40,2,11,2,1,57,54,8
358324,0,1289,0,40,3,5,2,1,30,25,8
371617,0,1289,0,40,2,2,2,1,14,42,8
356571,0,1289,0,40,2,5,2,1,32,40,8
331296,0,1289,0,40,3,12,2,1,68,35,8
375199,0,1289,0,40,3,1,2,1,10,59,8
357156,0,1289,0,40,2,4,2,1,32,55,8
359288,0,1289,0,40,2,4,2,1,25,28,8
332320,0,1289,0,40,3,9,2,1,86,67,8
344430,0,1289,0,40,3,9,2,1,34,26,8
335879,0,1289,0,40,3,9,2,1,65,16,8
371906,0,1289,0,40,2,3,2,1,12,57,8
363607,0,1289,0,40,3,3,2,1,22,33,8
377529,0,1289,0,40,3,1,2,1,8,14,8
378310,0,1289,0,40,2,1,2,1,8,48,8
348417,0,1289,0,40,2,6,2,1,38,42,8
356032,0,1289,0,40,2,5,2,1,23,66,8
355338,1,1289,1272,26.2783,3,5,2,1,31,75,8
377047,0,1289,0,40,2,1,2,1,7,14,8
378911,0,1289,0,40,2,1,2,1,7,13,8
329685,0,1289,0,40,3,8,2,1,86,17,8
327439,0,1289,0,40,3,5,2,1,34,62,8
361345,0,1289,0,40,3,4,2,1,29,44,8
362382,0,1289,0,40,2,3,2,1,25,18,8
328553,0,1289,0,40,3,9,2,1,59,44,8
344343,0,1289,0,40,2,8,2,1,47,25,8
379758,0,1289,0,40,2,1,2,1,6,58,8
353288,1,1289,1271,32.5362,3,6,2,1,29,32,8
366974,0,1289,0,40,2,4,2,1,11,34,8
335700,0,1289,0,40,2,10,2,1,60,46,8
371675,0,1289,0,40,2,3,2,1,10,65,8
330642,0,1289,0,40,3,13,2,1,62,26,8
379325,0,1289,0,40,3,1,2,1,5,33,8
367499,0,1289,0,40,2,3,2,1,16,68,8
370838,0,1289,0,40,2,2,2,1,13,27,8
372488,0,1289,0,40,2,2,2,1,15,38,8
373035,0,1289,0,40,3,4,2,1,9,46,8
363484,0,1289,0,40,3,3,2,1,24,50,8
379799,0,1289,0,40,3,1,2,1,4,32,8
380906,0,1289,0,40,3,1,2,1,4,28,8
370748,0,1289,0,40,2,2,2,1,13,53,8
345698,0,1289,0,40,3,5,2,1,49,58,8
352635,0,1289,0,40,2,4,2,1,40,53,8
348010,0,1289,0,40,3,8,2,1,36,39,8
370032,0,1289,0,40,2,2,2,1,16,58,8
367542,0,1289,0,40,3,4,2,1,14,29,8
320667,0,1289,0,40,3,4,2,1,21,42,8
356360,0,1289,0,40,3,6,2,1,24,39,8
327442,0,1289,0,40,3,6,2,1,59,20,8
342662,0,1289,0,40,3,8,2,1,45,39,8
360030,0,1289,0,40,3,4,2,1,26,63,8
380099,0,1289,0,40,3,1,2,1,3,34,8
381184,0,1289,0,40,3,1,2,1,3,35,8
357682,0,1289,0,40,2,3,2,1,38,59,8
369311,0,1289,0,40,3,1,2,1,24,53,8
347087,0,1289,0,40,2,6,2,1,46,14,8
349342,0,1289,0,40,2,5,2,1,39,60,8
347476,0,1289,0,40,3,7,2,1,41,36,8
354853,0,1289,0,40,2,4,2,1,35,55,8
354714,0,1289,0,40,3,4,2,1,33,34,8
372063,0,1289,0,40,2,1,2,1,17,54,8
364663,0,1289,0,40,2,3,2,1,23,26,8
353761,0,1289,0,40,2,6,2,1,29,23,8
364450,0,1289,0,40,2,2,2,1,29,27,8
324660,0,1289,0,40,3,6,2,1,63,86,8
368826,0,1289,0,40,2,2,2,1,20,9,8
347443,0,1289,0,40,2,9,2,1,33,62,8
323797,0,1289,0,40,2,7,2,1,51,58,8
367768,0,1289,0,40,3,2,2,1,25,20,8
373744,0,1289,0,40,2,1,2,1,13,78,8
374440,0,1289,0,40,2,1,2,1,13,56,8
376205,0,1289,0,40,2,1,2,1,13,39,8
323769,0,1289,0,40,3,11,2,1,55,32,8
363864,0,1289,0,40,3,4,2,1,23,60,8
375323,0,1289,0,40,2,1,2,1,12,43,8
348608,0,1289,0,40,3,9,2,1,32,34,8
353710,0,1289,0,40,2,6,2,1,31,31,8
316570,0,1289,0,40,3,12,2,1,80,71,8
375101,0,1289,0,40,3,1,2,1,11,71,8
376898,0,1289,0,40,3,1,2,1,11,61,8
332593,0,1289,0,40,2,12,2,1,57,36,8
349910,0,1289,0,40,3,6,2,1,33,41,8
363911,0,1289,0,40,3,4,2,1,21,62,8
361769,0,1289,0,40,2,4,2,1,28,24,8
378028,0,1289,0,40,3,1,2,1,10,18,8
364022,0,1289,0,40,3,4,2,1,24,46,8
369085,0,1289,0,40,2,2,2,1,18,67,8
334301,0,1289,0,40,3,11,2,1,60,65,8
377809,0,1289,0,40,2,1,2,1,9,69,8
378434,0,1289,0,40,3,1,2,1,9,21,8
329806,0,1289,0,40,3,13,2,1,73,44,8
340491,0,1289,0,40,3,9,2,1,43,54,8
359815,0,1289,0,40,3,6,2,1,23,27,8
365457,0,1289,0,40,3,4,2,1,17,56,8
374683,0,1289,0,40,3,2,2,1,10,48,8
351702,0,1289,0,40,3,4,2,1,44,22,8
377062,0,1289,0,40,3,2,2,1,10,14,8
378727,0,1289,0,40,2,1,2,1,8,53,8
355534,0,1289,0,40,3,5,2,1,28,68,8
372495,0,1289,0,40,2,2,2,1,12,35,8
328349,0,1289,0,40,2,11,2,1,49,62,8
362005,0,1289,0,40,2,4,2,1,23,28,8
344865,0,1289,0,40,2,10,2,1,40,46,8
336917,0,1289,0,40,3,12,2,1,55,62,8
328733,0,1289,0,40,3,13,2,1,90,29,8
332225,0,1289,0,40,3,12,2,1,80,63,8
379428,0,1289,0,40,3,1,2,1,7,73,8
356341,0,1289,0,40,2,4,2,1,36,33,8
369158,0,1289,0,40,3,3,2,1,16,54,8
359603,0,1289,0,40,2,3,2,1,33,20,8
361932,0,1289,0,40,2,3,2,1,29,23,8
340333,0,1289,0,40,2,9,2,1,45,36,8
360942,0,1289,0,40,2,4,2,1,19,35,8
334066,0,1289,0,40,3,12,2,1,60,56,8
344515,0,1289,0,40,2,10,2,1,41,71,8
370688,0,1289,0,40,3,4,2,1,15,23,8
379876,0,1289,0,40,2,1,2,1,6,63,8
380320,0,1289,0,40,2,1,2,1,6,38,8
367400,0,1289,0,40,3,2,2,1,21,38,8
324200,0,1289,0,40,2,11,2,1,62,54,8
357485,0,1289,0,40,2,7,2,1,22,49,8
373848,0,1289,0,40,2,2,2,1,11,35,8
342635,1,1289,1281,20.2322,3,8,2,1,44,26,8
369930,0,1289,0,40,3,2,2,1,16,55,8
373310,0,1289,0,40,3,3,2,1,9,36,8
362618,0,1289,0,40,3,6,2,1,21,46,8
335622,0,1289,0,40,3,9,2,1,67,57,8
355930,0,1289,0,40,3,4,2,1,34,16,8
337965,0,1289,0,40,2,12,2,1,49,44,8
376127,0,1289,0,40,2,2,2,1,11,84,8
338925,0,1289,0,40,3,7,2,1,61,32,8
339030,0,1289,0,40,3,8,2,1,64,24,8
335018,0,1289,0,40,3,14,2,1,65,59,8
379531,0,1289,0,40,2,1,2,1,5,45,8
380253,0,1289,0,40,2,1,2,1,5,32,8
380740,0,1289,0,40,2,1,2,1,5,31,8
328899,0,1289,0,40,2,10,2,1,49,66,8
345057,0,1289,0,40,2,9,2,1,38,57,8
372429,0,1289,0,40,3,2,2,1,10,40,8
366431,0,1289,0,40,2,2,2,1,25,47,8
373105,1,1289,1274,30.8203,3,2,2,1,13,42,8
346723,0,1289,0,40,3,9,2,1,29,59,8
331148,0,1289,0,40,3,11,2,1,73,40,8
366651,0,1289,0,40,3,4,2,1,16,62,8
324045,1,1289,1237,40,3,11,2,1,69,47,8
376677,0,1289,0,40,2,3,2,1,7,61,8
339975,0,1289,0,40,3,11,2,1,44,47,8
368708,0,1289,0,40,3,4,2,1,17,37,8
378802,0,1289,0,40,2,2,2,1,5,47,8
379868,1,1289,1281,40,2,2,2,1,5,32,8
380003,0,1289,0,40,2,1,2,1,4,70,8
380966,0,1289,0,40,3,1,2,1,4,49,8
381406,0,1289,0,40,3,1,2,1,4,93,8
335496,0,1289,0,40,2,9,2,1,54,50,8
371874,0,1289,0,40,2,3,2,1,10,61,8
364310,0,1289,0,40,2,4,2,1,21,13,8
335270,0,1289,0,40,3,10,2,1,59,61,8
373899,0,1289,0,40,3,2,2,1,11,42,8
371126,0,1289,0,40,2,3,2,1,6,45,8
377519,0,1289,0,40,3,2,2,1,4,36,8
325436,0,1289,0,40,3,11,2,1,53,37,8
372757,0,1289,0,40,2,3,2,1,8,30,8
353706,0,1289,0,40,2,7,2,1,29,46,8
374681,0,1289,0,40,2,2,2,1,8,51,8
374836,0,1289,0,40,2,2,2,1,12,36,8
332243,0,1289,0,40,2,15,2,1,57,48,8
342377,0,1289,0,40,2,11,2,1,40,31,8
336548,0,1289,0,40,3,10,2,1,47,47,8
359980,0,1289,0,40,2,5,2,1,27,39,8
372904,0,1289,0,40,2,3,2,1,10,45,8
334081,0,1289,0,40,3,12,2,1,51,12,8
365417,0,1289,0,40,3,5,2,1,18,16,8
380271,0,1289,0,40,2,1,2,1,3,92,8
381089,0,1289,0,40,2,1,2,1,3,40,8
381763,0,1289,0,40,3,1,2,1,3,43,8
381927,0,1289,0,40,3,1,2,1,3,31,8
382097,0,1289,0,40,2,1,2,1,3,62,8
361518,0,1289,0,40,2,2,2,1,34,65,8
346317,0,1289,0,40,3,5,2,1,48,37,8
361615,0,1289,0,40,2,3,2,1,32,54,8
332009,0,1289,0,40,2,9,2,1,83,49,8
363006,0,1289,0,40,3,4,2,1,28,60,8
345127,0,1289,0,40,3,5,2,1,55,27,8
371853,0,1289,0,40,2,1,2,1,20,26,8
338736,0,1289,0,40,3,8,2,1,65,63,8
372912,0,1289,0,40,2,1,2,1,18,31,8
368263,0,1289,0,40,2,2,2,1,18,67,8
374547,0,1289,0,40,2,1,2,1,17,31,8
353096,0,1289,0,40,3,5,2,1,31,53,8
291752,0,1289,0,40,3,15,2,1,97,60,8
369759,0,1289,0,40,3,2,2,1,20,26,8
344927,0,1289,0,40,2,7,2,1,49,61,8
371735,0,1289,0,40,2,1,2,1,15,47,8
357592,0,1289,0,40,2,3,2,1,36,44,8
347366,0,1289,0,40,3,6,2,1,47,135,8
358543,0,1289,0,40,3,4,2,1,32,45,8
375129,0,1289,0,40,3,1,2,1,14,64,8
367500,0,1289,0,40,3,2,2,1,23,41,8
367175,1,1289,1267,40,3,2,2,1,25,43,8
359506,0,1289,0,40,3,4,2,1,28,71,8
356366,0,1289,0,40,3,5,2,1,36,42,8
376286,0,1289,0,40,3,1,2,1,13,24,8
348984,0,1289,0,40,2,8,2,1,36,48,8
363881,0,1289,0,40,3,3,2,1,28,33,8
362770,0,1289,0,40,3,5,2,1,25,85,8
342795,0,1289,0,40,3,7,2,1,60,41,8
371200,0,1289,0,40,2,2,2,1,13,25,8
347808,0,1289,0,40,3,7,2,1,37,61,8
328536,0,1289,0,40,2,8,2,1,53,110,8
372320,0,1289,0,40,3,2,2,1,16,22,8
335162,0,1289,0,40,2,10,2,1,64,21,8
334091,0,1289,0,40,2,11,2,1,67,44,8
363756,0,1289,0,40,2,4,2,1,19,36,8
351983,0,1289,0,40,2,7,2,1,40,18,8
352220,0,1289,0,40,2,5,2,1,39,67,8
365874,0,1289,0,40,3,3,2,1,22,37,8
364863,0,1289,0,40,3,4,2,1,19,29,8
358169,0,1289,0,40,3,6,2,1,20,43,8
353806,0,1289,0,40,2,5,2,1,36,39,8
364513,0,1289,0,40,3,4,2,1,23,26,8
372994,0,1289,0,40,2,2,2,1,13,46,8
377557,0,1289,0,40,3,1,2,1,10,49,8
378568,0,1289,0,40,2,1,2,1,10,31,8
372147,0,1289,0,40,3,2,2,1,10,67,8
358220,0,1289,0,40,3,5,2,1,27,71,8
367709,0,1289,0,40,2,2,2,1,23,62,8
359939,0,1289,0,40,3,3,2,1,34,58,8
359191,0,1289,0,40,3,4,2,1,37,43,8
377666,0,1289,0,40,3,2,2,1,10,38,8
378651,1,1289,1282,19.6772,3,1,2,1,9,42,8
378989,0,1289,0,40,3,1,2,1,9,39,8
379091,0,1289,0,40,2,1,2,1,9,28,8
346033,0,1289,0,40,3,8,2,1,39,40,8
372204,0,1289,0,40,3,3,2,1,12,25,8
375075,0,1289,0,40,2,2,2,1,9,59,8
362046,0,1289,0,40,2,5,2,1,16,31,8
352796,0,1289,0,40,2,5,2,1,38,25,8
359917,0,1289,0,40,3,4,2,1,23,33,8
328378,0,1289,0,40,3,3,2,1,13,55,8
340705,0,1289,0,40,3,8,2,1,62,15,8
376744,0,1289,0,40,3,1,2,1,8,36,8
378830,0,1289,0,40,3,1,2,1,8,64,8
379434,0,1289,0,40,3,1,2,1,8,32,8
379480,0,1289,0,40,3,1,2,1,8,61,8
379694,0,1289,0,40,2,1,2,1,8,26,8
334493,0,1289,0,40,3,9,2,1,71,56,8
326680,0,1289,0,40,2,8,2,1,71,34,8
372580,1,1289,1282,27.7651,3,2,2,1,13,23,8
327473,0,1289,0,40,3,6,2,1,84,45,8
327028,0,1289,0,40,2,9,2,1,41,33,8
350990,0,1289,0,40,2,7,2,1,33,42,8
366006,0,1289,0,40,2,3,2,1,19,13,8
349835,0,1289,0,40,3,6,2,1,36,56,8
336155,0,1289,0,40,3,6,2,1,69,43,8
350161,0,1289,0,40,3,5,2,1,37,80,8
356413,0,1289,0,40,3,4,2,1,37,53,8
326591,1,1289,1274,36.8599,3,7,2,1,48,30,8
377104,0,1289,0,40,2,2,2,1,10,23,8
371513,1,1289,1282,40,2,4,2,1,14,38,8
376712,0,1289,0,40,2,1,2,1,7,32,8
379040,0,1289,0,40,3,1,2,1,7,34,8
379637,0,1289,0,40,2,1,2,1,7,91,8
380224,0,1289,0,40,3,1,2,1,7,16,8
325006,0,1289,0,40,2,11,2,1,65,32,8
347666,0,1289,0,40,3,8,2,1,31,73,8
345275,0,1289,0,40,3,9,2,1,42,16,8
368866,0,1289,0,40,3,4,2,1,12,58,8
327310,0,1289,0,40,2,3,2,1,18,71,8
368931,0,1289,0,40,3,3,2,1,16,50,8
353216,0,1289,0,40,2,5,2,1,38,104,8
362514,0,1289,0,40,3,5,2,1,21,52,8
339008,0,1289,0,40,2,10,2,1,42,19,8
349374,0,1289,0,40,3,6,2,1,48,52,8
375546,0,1289,0,40,3,2,2,1,14,77,8
378948,0,1289,0,40,3,1,2,1,6,40,8
380516,0,1289,0,40,2,1,2,1,6,52,8
363820,0,1289,0,40,3,5,2,1,16,17,8
325232,0,1289,0,40,2,9,2,1,49,41,8
367608,0,1289,0,40,2,4,2,1,15,55,8
335046,0,1289,0,40,3,9,2,1,59,29,8
372614,0,1289,0,40,2,3,2,1,11,57,8
357394,0,1289,0,40,2,7,2,1,23,60,8
332322,0,1289,0,40,3,10,2,1,83,52,8
358131,1,1289,1282,17.9548,3,5,2,1,30,89,8
329235,0,1289,0,40,2,5,2,1,38,46,8
374218,0,1289,0,40,3,3,2,1,10,74,8
329205,0,1289,0,40,3,7,2,1,27,40,8
375882,0,1289,0,40,3,2,2,1,10,16,8
370327,0,1289,0,40,3,4,2,1,15,79,8
377863,0,1289,0,40,3,2,2,1,6,26,8
325041,0,1289,0,40,2,8,2,1,63,41,8
370122,0,1289,0,40,3,3,2,1,19,52,8
367597,0,1289,0,40,2,3,2,1,18,18,8
380643,0,1289,0,40,3,1,2,1,5,50,8
380875,0,1289,0,40,3,1,2,1,5,55,8
381102,0,1289,0,40,3,1,2,1,5,32,8
381162,0,1289,0,40,3,1,2,1,5,55,8
381422,0,1289,0,40,2,1,2,1,5,35,8
345981,0,1289,0,40,2,7,2,1,33,36,8
368960,0,1289,0,40,3,2,2,1,17,57,8
361814,0,1289,0,40,3,3,2,1,23,93,8
371952,0,1289,0,40,3,3,2,1,8,21,8
336444,0,1289,0,40,3,7,2,1,56,36,8
362636,1,1289,1282,20.9014,3,3,2,1,27,47,8
317934,0,1289,0,40,2,11,2,1,51,36,8
369691,0,1289,0,40,3,3,2,1,11,19,8
367540,0,1289,0,40,3,3,2,1,21,34,8
312938,0,1289,0,40,3,20,2,1,73,53,8
362210,0,1289,0,40,3,6,2,1,23,24,8
369128,0,1289,0,40,3,3,2,1,19,60,8
362817,0,1289,0,40,2,3,2,1,27,49,8
325944,0,1289,0,40,2,12,2,1,91,19,8
338603,0,1289,0,40,3,7,2,1,60,108,8
373266,0,1289,0,40,3,2,2,1,7,55,8
364093,0,1289,0,40,3,5,2,1,18,68,8
351744,0,1289,0,40,2,6,2,1,34,41,8
373245,0,1289,0,40,2,3,2,1,12,23,8
355751,0,1289,0,40,3,6,2,1,27,86,8
373757,0,1289,0,40,3,3,2,1,10,36,8
372300,0,1289,0,40,2,3,2,1,6,52,8
354818,0,1289,0,40,3,7,2,1,33,32,8
364875,0,1289,0,40,3,4,2,1,16,68,8
329063,0,1289,0,40,2,6,2,1,60,33,8
338549,0,1289,0,40,3,8,2,1,58,41,8
372014,0,1289,0,40,3,4,2,1,15,71,8
379375,0,1289,0,40,2,1,2,1,4,77,8
380729,0,1289,0,40,2,1,2,1,4,18,8
381499,0,1289,0,40,3,1,2,1,4,36,8
381817,0,1289,0,40,2,1,2,1,4,25,8
381873,0,1289,0,40,2,1,2,1,4,50,8
355450,0,1289,0,40,3,5,2,1,23,20,8
365910,0,1289,0,40,3,3,2,1,14,46,8
345875,0,1289,0,40,2,6,2,1,37,98,8
361084,0,1289,0,40,3,4,2,1,17,52,8
375810,0,1289,0,40,3,2,2,1,5,58,8
359537,0,1289,0,40,2,4,2,1,25,29,8
362336,0,1289,0,40,3,4,2,1,21,37,8
369338,0,1289,0,40,2,3,2,1,15,61,8
338150,0,1289,0,40,2,11,2,1,56,42,8
358299,0,1289,0,40,3,6,2,1,19,37,8
326600,1,1289,1256,40,3,8,2,1,22,35,8
375217,2,1289,0,40,2,2,2,1,9,46,8
373477,0,1289,0,40,2,3,2,1,8,93,8
362890,0,1289,0,40,2,5,2,1,19,33,8
350981,0,1289,0,40,3,8,2,1,33,51,8
339176,0,1289,0,40,2,6,2,1,59,28,8
375916,0,1289,0,40,2,2,2,1,8,37,8
326734,0,1289,0,40,3,10,2,1,65,64,8
377417,0,1289,0,40,2,2,2,1,6,28,8
339880,0,1289,0,40,3,8,2,1,57,45,8
348034,0,1289,0,40,2,8,2,1,39,20,8
352362,0,1289,0,40,2,5,2,1,45,91,8
365512,0,1289,0,40,2,4,2,1,24,34,8
369229,0,1289,0,40,2,4,2,1,9,35,8
370268,0,1289,0,40,3,3,2,1,18,36,8
329061,0,1289,0,40,3,8,2,1,54,84,8
373287,0,1289,0,40,3,3,2,1,11,60,8
368227,0,1289,0,40,3,5,2,1,17,41,8
346275,0,1289,0,40,2,8,2,1,37,43,8
366128,0,1289,0,40,2,5,2,1,16,75,8
353869,0,1289,0,40,2,8,2,1,33,63,8
381750,0,1289,0,40,3,1,2,1,3,93,8
382145,0,1289,0,40,2,1,2,1,3,36,8
382395,0,1289,0,40,3,1,2,1,3,12,8
382569,0,1289,0,40,3,1,2,1,3,58,8
353991,0,1289,0,40,2,4,2,1,41,29,8
327114,0,1289,0,40,3,11,2,1,73,62,8
348282,0,1289,0,40,3,4,2,1,57,18,8
357308,0,1289,0,40,3,3,2,1,42,23,8
329139,1,1289,1283,15.1917,3,8,2,1,59,27,8
348706,0,1289,0,40,2,4,2,1,52,30,8
358760,0,1289,0,40,3,4,2,1,30,57,8
367676,0,1289,0,40,3,3,2,1,22,43,8
316531,0,1289,0,40,2,11,2,1,62,71,8
370770,0,1289,0,40,3,2,2,1,20,71,8
357277,0,1289,0,40,2,6,2,1,30,39,8
374389,0,1289,0,40,3,1,2,1,18,60,8
370468,0,1289,0,40,2,2,2,1,18,80,8
362261,0,1289,0,40,2,3,2,1,28,49,8
347260,0,1289,0,40,2,7,2,1,47,62,8
366886,0,1289,0,40,3,3,2,1,25,47,8
336650,0,1289,0,40,2,9,2,1,61,57,8
361835,0,1289,0,40,3,3,2,1,33,23,8
374623,0,1289,0,40,2,1,2,1,16,22,8
368745,0,1289,0,40,2,3,2,1,23,65,8
362345,0,1289,0,40,2,4,2,1,23,64,8
375855,0,1289,0,40,2,1,2,1,15,39,8
327313,0,1289,0,40,2,10,2,1,40,21,8
370209,0,1289,0,40,3,2,2,1,18,28,8
347858,0,1289,0,40,2,6,2,1,42,34,8
361004,0,1289,0,40,2,4,2,1,28,44,8
358445,0,1289,0,40,2,7,2,1,27,22,8
355933,0,1289,0,40,2,6,2,1,33,36,8
376921,0,1289,0,40,2,1,2,1,14,94,8
361491,0,1289,0,40,2,4,2,1,26,39,8
342751,0,1289,0,40,2,8,2,1,46,36,8
364388,0,1289,0,40,2,4,2,1,28,35,8
352086,0,1289,0,40,3,5,2,1,45,27,8
364788,0,1289,0,40,3,4,2,1,25,41,8
329801,0,1289,0,40,2,13,2,1,77,54,8
372668,0,1289,0,40,3,3,2,1,19,66,8
376494,0,1289,0,40,2,1,2,1,13,56,8
368474,0,1289,0,40,3,2,2,1,18,69,8
343056,0,1289,0,40,2,6,2,1,54,43,8
369637,0,1289,0,40,2,3,2,1,14,41,8
372526,0,1289,0,40,3,2,2,1,16,67,8
342064,0,1289,0,40,2,9,2,1,52,62,8
327004,0,1289,0,40,3,7,2,1,47,50,8
358668,0,1289,0,40,3,4,2,1,34,31,8
331958,0,1289,0,40,2,10,2,1,82,44,8
377656,0,1289,0,40,3,1,2,1,12,22,8
369374,0,1289,0,40,3,2,2,1,13,6,8
371823,0,1289,0,40,2,2,2,1,12,75,8
341656,0,1289,0,40,2,7,2,1,61,60,8
367342,0,1289,0,40,3,3,2,1,22,36,8
346168,0,1289,0,40,3,6,2,1,51,21,8
374414,0,1289,0,40,3,2,2,1,13,33,8
358815,0,1289,0,40,2,4,2,1,34,67,8
371577,0,1289,0,40,3,3,2,1,18,63,8
377873,0,1289,0,40,3,1,2,1,11,37,8
373027,0,1289,0,40,3,2,2,1,12,32,8
358860,0,1289,0,40,3,4,2,1,32,34,8
361789,0,1289,0,40,2,5,2,1,19,84,8
363630,0,1289,0,40,2,4,2,1,22,65,8
332862,0,1289,0,40,2,11,2,1,60,57,8
349644,0,1289,0,40,2,6,2,1,47,25,8
366394,0,1289,0,40,3,4,2,1,20,40,8
375346,0,1289,0,40,2,2,2,1,12,45,8
352403,0,1289,0,40,3,7,2,1,37,27,8
373861,0,1289,0,40,2,2,2,1,16,83,8
366828,0,1289,0,40,2,3,2,1,23,16,8
376958,0,1289,0,40,3,2,2,1,11,39,8
378367,0,1289,0,40,2,1,2,1,10,32,8
378883,0,1289,0,40,3,1,2,1,10,30,8
379189,0,1289,0,40,2,1,2,1,10,49,8
372669,0,1289,0,40,3,2,2,1,10,69,8
345370,0,1289,0,40,3,7,2,1,35,39,8
358905,0,1289,0,40,3,4,2,1,31,18,8
344588,0,1289,0,40,2,8,2,1,50,10,8
372995,0,1289,0,40,2,2,2,1,14,14,8
373590,0,1289,0,40,3,2,2,1,13,19,8
376241,0,1289,0,40,3,2,2,1,10,26,8
336405,0,1289,0,40,2,10,2,1,57,75,8
360238,0,1289,0,40,2,4,2,1,29,45,8
360553,0,1289,0,40,3,4,2,1,22,65,8
337379,0,1289,0,40,2,10,2,1,57,43,8
367722,0,1289,0,40,3,4,2,1,20,28,8
375885,0,1289,0,40,2,2,2,1,14,67,8
376680,0,1289,0,40,3,1,2,1,9,42,8
378385,0,1289,0,40,3,1,2,1,9,30,8
379022,0,1289,0,40,2,1,2,1,9,17,8
379374,0,1289,0,40,2,1,2,1,9,89,8
336007,0,1289,0,40,2,7,2,1,66,48,8
351609,0,1289,0,40,2,8,2,1,24,49,8
347919,0,1289,0,40,2,6,2,1,49,50,8
349822,0,1289,0,40,3,6,2,1,39,56,8
349034,0,1289,0,40,2,6,2,1,41,18,8
355349,0,1289,0,40,2,7,2,1,28,73,8
370156,0,1289,0,40,3,2,2,1,18,70,8
371124,0,1289,0,40,2,3,2,1,12,46,8
344216,0,1289,0,40,3,7,2,1,53,71,8
339488,0,1289,0,40,2,9,2,1,51,53,8
327060,0,1289,0,40,2,9,2,1,43,121,8
348215,0,1289,0,40,2,8,2,1,43,78,8
330607,0,1289,0,40,3,10,2,1,92,42,8
362305,0,1289,0,40,2,3,2,1,28,57,8
376326,0,1289,0,40,3,2,2,1,11,29,8
333639,0,1289,0,40,3,9,2,1,82,53,8
361406,0,1289,0,40,3,5,2,1,21,47,8
358865,0,1289,0,40,2,6,2,1,30,20,8
364769,0,1289,0,40,2,4,2,1,24,65,8
372128,0,1289,0,40,2,3,2,1,14,45,8
377019,0,1289,0,40,3,2,2,1,11,12,8
379269,0,1289,0,40,3,1,2,1,8,19,8
379685,0,1289,0,40,2,1,2,1,8,18,8
380008,0,1289,0,40,2,1,2,1,8,69,8
380178,0,1289,0,40,2,1,2,1,8,66,8
380292,0,1289,0,40,2,1,2,1,8,26,8
345369,0,1289,0,40,2,6,2,1,47,54,8
329918,0,1289,0,40,3,6,2,1,41,47,8
372881,0,1289,0,40,3,2,2,1,12,60,8
341834,0,1289,0,40,2,9,2,1,47,20,8
339306,0,1289,0,40,3,9,2,1,53,82,8
341355,0,1289,0,40,3,9,2,1,46,75,8
373877,0,1289,0,40,2,2,2,1,14,46,8
340102,0,1289,0,40,3,10,2,1,48,78,8
356953,0,1289,0,40,3,6,2,1,27,33,8
372122,0,1289,0,40,3,3,2,1,15,40,8
375465,0,1289,0,40,3,2,2,1,12,55,8
349178,0,1289,0,40,2,5,2,1,55,28,8
363589,0,1289,0,40,2,5,2,1,26,36,8
345292,0,1289,0,40,2,9,2,1,44,38,8
378019,0,1289,0,40,3,1,2,1,7,40,8
380057,0,1289,0,40,3,1,2,1,7,36,8
380484,0,1289,0,40,2,1,2,1,7,15,8
380552,0,1289,0,40,2,1,2,1,7,30,8
350227,0,1289,0,40,2,6,2,1,35,31,8
357850,0,1289,0,40,3,3,2,1,36,75,8
366846,0,1289,0,40,3,4,2,1,15,36,8
369977,0,1289,0,40,3,2,2,1,19,46,8
369688,0,1289,0,40,2,3,2,1,16,59,8
322436,0,1289,0,40,3,14,2,1,47,53,8
361056,0,1289,0,40,3,6,2,1,24,41,8
339733,0,1289,0,40,2,9,2,1,50,83,8
309380,1,1289,1283,36.9456,2,14,2,1,90,44,8
362451,1,1289,1258,40,2,5,2,1,16,63,8
366926,0,1289,0,40,3,4,2,1,15,72,8
370044,0,1289,0,40,2,3,2,1,13,13,8
371106,0,1289,0,40,2,3,2,1,9,16,8
378235,0,1289,0,40,3,2,2,1,7,22,8
358183,0,1289,0,40,2,5,2,1,26,73,8
342775,0,1289,0,40,3,8,2,1,57,59,8
376276,0,1289,0,40,2,2,2,1,12,30,8
338859,0,1289,0,40,2,12,2,1,61,29,8
380219,0,1289,0,40,3,1,2,1,6,59,8
380623,0,1289,0,40,3,1,2,1,6,30,8
381054,0,1289,0,40,2,1,2,1,6,58,8
381482,0,1289,0,40,2,1,2,1,6,44,8
348108,0,1289,0,40,2,5,2,1,47,31,8
355016,0,1289,0,40,2,4,2,1,31,40,8
364729,0,1289,0,40,2,3,2,1,19,65,8
376497,0,1289,0,40,2,2,2,1,6,17,8
325398,0,1289,0,40,3,7,2,1,49,42,8
323006,0,1289,0,40,2,8,2,1,30,52,8
376031,0,1289,0,40,3,2,2,1,9,33,8
376630,0,1289,0,40,2,2,2,1,7,40,8
353088,0,1289,0,40,3,4,2,1,41,13,8
315755,0,1289,0,40,2,9,2,1,101,45,8
371327,0,1289,0,40,2,3,2,1,12,28,8
362660,0,1289,0,40,3,6,2,1,21,39,8
347338,0,1289,0,40,2,8,2,1,30,42,8
358016,0,1289,0,40,3,4,2,1,25,81,8
371311,0,1289,0,40,3,3,2,1,14,15,8
336849,0,1289,0,40,3,7,2,1,71,45,8
371862,0,1289,0,40,2,3,2,1,17,100,8
359993,0,1289,0,40,2,6,2,1,26,41,8
362781,0,1289,0,40,2,3,2,1,28,31,8
338916,0,1289,0,40,2,10,2,1,54,42,8
348799,0,1289,0,40,2,7,2,1,31,44,8
326868,0,1289,0,40,2,14,2,1,65,20,8
353166,0,1289,0,40,2,7,2,1,29,43,8
378262,0,1289,0,40,2,3,2,1,8,74,8
379815,0,1289,0,40,3,1,2,1,5,85,8
380989,0,1289,0,40,3,1,2,1,5,52,8
381269,0,1289,0,40,3,1,2,1,5,56,8
381819,0,1289,0,40,3,1,2,1,5,42,8
381963,0,1289,0,40,2,1,2,1,5,93,8
382051,0,1289,0,40,3,1,2,1,5,62,8
337211,0,1289,0,40,3,9,2,1,53,16,8
374617,0,1289,0,40,2,2,2,1,5,37,8
368727,0,1289,0,40,3,3,2,1,12,45,8
375999,0,1289,0,40,3,2,2,1,8,43,8
377507,0,1289,0,40,2,2,2,1,5,105,8
331639,0,1289,0,40,2,10,2,1,72,53,8
372836,0,1289,0,40,2,2,2,1,13,35,8
354454,1,1289,1275,40,2,5,2,1,31,14,8
371196,0,1289,0,40,3,3,2,1,12,43,8
352689,0,1289,0,40,2,6,2,1,28,50,8
374792,0,1289,0,40,3,2,2,1,12,91,8
367165,0,1289,0,40,3,4,2,1,15,63,8
368646,0,1289,0,40,3,4,2,1,19,36,8
335613,0,1289,0,40,3,11,2,1,61,20,8
353669,0,1289,0,40,2,6,2,1,33,25,8
343630,0,1289,0,40,2,10,2,1,40,62,8
365411,0,1289,0,40,2,5,2,1,22,55,8
327771,0,1289,0,40,2,7,2,1,40,40,8
347005,0,1289,0,40,2,11,2,1,35,31,8
379209,0,1289,0,40,3,2,2,1,6,37,8
377442,1,1289,1283,25.1795,3,3,2,1,7,44,8
374507,0,1289,0,40,3,2,2,1,15,38,8
349909,0,1289,0,40,2,5,2,1,45,24,8
355145,0,1289,0,40,2,8,2,1,29,46,8
356209,0,1289,0,40,2,4,2,1,42,40,8
374356,0,1289,0,40,2,3,2,1,10,55,8
360327,0,1289,0,40,2,6,2,1,26,24,8
359975,0,1289,0,40,2,7,2,1,20,71,8
326023,0,1289,0,40,2,11,2,1,52,31,8
330477,0,1289,0,40,2,14,2,1,76,42,8
360634,0,1289,0,40,3,3,2,1,37,19,8
377004,0,1289,0,40,3,2,2,1,11,11,8
378861,0,1289,0,40,2,2,2,1,8,31,8
359799,0,1289,0,40,3,6,2,1,25,47,8
362724,0,1289,0,40,3,4,2,1,29,31,8
360234,0,1289,0,40,2,5,2,1,18,18,8
343974,0,1289,0,40,2,9,2,1,46,29,8
374662,0,1289,0,40,3,3,2,1,13,21,8
380909,0,1289,0,40,2,1,2,1,4,35,8
381530,0,1289,0,40,3,1,2,1,4,39,8
381982,0,1289,0,40,2,1,2,1,4,27,8
382179,0,1289,0,40,2,1,2,1,4,70,8
382247,0,1289,0,40,2,1,2,1,4,22,8
382389,0,1289,0,40,3,1,2,1,4,15,8
382495,0,1289,0,40,2,1,2,1,4,65,8
382581,0,1289,0,40,2,1,2,1,4,17,8
370050,0,1289,0,40,2,4,2,1,12,62,8
361489,0,1289,0,40,3,4,2,1,21,46,8
326705,0,1289,0,40,3,11,2,1,68,42,8
325991,0,1289,0,40,2,10,2,1,60,33,8
372538,0,1289,0,40,2,3,2,1,6,49,8
343344,0,1289,0,40,3,5,2,1,58,27,8
335136,0,1289,0,40,2,10,2,1,63,9,8
376464,0,1289,0,40,2,2,2,1,5,30,8
337704,0,1289,0,40,2,11,2,1,54,62,8
359801,0,1289,0,40,2,4,2,1,24,31,8
363135,0,1289,0,40,2,6,2,1,16,30,8
361066,0,1289,0,40,3,5,2,1,13,39,8
371382,0,1289,0,40,3,4,2,1,10,47,8
344115,0,1289,0,40,3,7,2,1,53,46,8
344846,0,1289,0,40,2,6,2,1,54,37,8
353729,0,1289,0,40,3,5,2,1,38,41,8
331149,0,1289,0,40,2,13,2,1,78,56,8
378219,0,1289,0,40,2,2,2,1,5,71,8
379034,0,1289,0,40,3,2,2,1,4,25,8
363809,0,1289,0,40,2,4,2,1,26,30,8
360944,0,1289,0,40,2,5,2,1,27,25,8
373240,0,1289,0,40,2,3,2,1,12,20,8
377279,0,1289,0,40,3,2,2,1,8,54,8
358284,0,1289,0,40,2,5,2,1,27,35,8
379106,0,1289,0,40,3,2,2,1,5,24,8
331279,0,1289,0,40,2,11,2,1,68,20,8
374115,0,1289,0,40,3,2,2,1,15,60,8
370178,0,1289,0,40,3,3,2,1,12,16,8
378342,0,1289,0,40,2,2,2,1,8,45,8
379089,0,1289,0,40,2,2,2,1,7,51,8
359394,0,1289,0,40,2,5,2,1,25,37,8
379554,0,1289,0,40,3,2,2,1,6,35,8
347009,0,1289,0,40,2,7,2,1,44,34,8
353337,0,1289,0,40,2,8,2,1,32,23,8
371397,0,1289,0,40,2,4,2,1,10,47,8
341732,0,1289,0,40,2,11,2,1,48,42,8
379312,0,1289,0,40,2,2,2,1,7,48,8
356356,1,1289,1275,40,2,7,2,1,24,53,8
356508,0,1289,0,40,2,4,2,1,37,65,8
343592,0,1289,0,40,3,8,2,1,54,44,8
373489,0,1289,0,40,2,3,2,1,9,15,8
341925,0,1289,0,40,2,6,2,1,65,17,8
381379,0,1289,0,40,2,1,2,1,3,51,8
381916,0,1289,0,40,2,1,2,1,3,39,8
382148,0,1289,0,40,2,1,2,1,3,55,8
382292,0,1289,0,40,3,1,2,1,3,21,8
382508,0,1289,0,40,2,1,2,1,3,67,8
382685,0,1289,0,40,3,1,2,1,3,61,8
382843,0,1289,0,40,2,1,2,1,3,21,8
382879,0,1289,0,40,2,1,2,1,3,54,8
382937,0,1289,0,40,3,1,2,1,3,62,8
383075,0,1289,0,40,2,1,2,1,3,54,8
383123,0,1289,0,40,2,1,2,1,3,41,8
383185,0,1289,0,40,2,1,2,1,3,21,8
366388,0,1289,0,40,2,1,2,1,30,47,8
368983,0,1289,0,40,2,1,2,1,27,28,8
362603,0,1289,0,40,2,3,2,1,36,19,8
352238,0,1289,0,40,3,5,2,1,41,29,8
371443,0,1289,0,40,3,1,2,1,24,47,8
371782,0,1289,0,40,3,1,2,1,23,9,8
362440,0,1289,0,40,2,3,2,1,32,84,8
358125,0,1289,0,40,3,4,2,1,36,30,8
331782,0,1289,0,40,3,12,2,1,83,88,8
373651,0,1289,0,40,2,1,2,1,20,39,8
333180,0,1289,0,40,2,8,2,1,86,37,8
345945,0,1289,0,40,3,6,2,1,50,19,8
367884,0,1289,0,40,3,3,2,1,22,73,8
351814,0,1289,0,40,3,7,2,1,42,74,8
350637,0,1289,0,40,2,4,2,1,48,27,8
371306,1,1289,1267,32.503,3,2,2,1,20,40,8
374798,0,1289,0,40,2,1,2,1,18,49,8
323372,0,1289,0,40,3,9,2,1,77,34,8
372510,0,1289,0,40,3,2,2,1,18,58,8
335124,0,1289,0,40,2,9,2,1,77,49,8
364873,0,1289,0,40,3,2,2,1,21,51,8
348825,0,1289,0,40,2,4,2,1,44,44,8
370806,0,1289,0,40,2,2,2,1,17,25,8
351033,0,1289,0,40,2,7,2,1,48,63,8
366360,0,1289,0,40,2,3,2,1,26,16,8
369015,0,1289,0,40,2,3,2,1,21,34,8
375691,0,1289,0,40,3,1,2,1,16,52,8
367567,0,1289,0,40,2,2,2,1,24,52,8
355352,0,1289,0,40,3,6,2,1,35,58,8
359348,0,1289,0,40,2,4,2,1,28,52,8
364758,0,1289,0,40,3,3,2,1,26,65,8
371709,0,1289,0,40,3,2,2,1,22,104,8
350836,0,1289,0,40,2,6,2,1,34,65,8
342925,0,1289,0,40,2,8,2,1,48,45,8
362659,0,1289,0,40,3,5,2,1,23,39,8
337792,0,1289,0,40,2,10,2,1,64,23,8
368799,0,1289,0,40,3,2,2,1,22,33,8
356784,0,1289,0,40,3,4,2,1,42,45,8
358998,0,1289,0,40,3,5,2,1,28,60,8
376566,0,1289,0,40,2,1,2,1,14,75,8
377286,0,1289,0,40,3,1,2,1,14,18,8
364689,1,1289,1262,39.5929,3,3,2,1,18,63,8
348305,0,1289,0,40,3,6,2,1,35,29,8
351459,0,1289,0,40,2,6,2,1,29,34,8
372195,0,1289,0,40,2,2,2,1,15,71,8
351271,0,1289,0,40,2,5,2,1,36,55,8
334211,0,1289,0,40,2,11,2,1,60,29,8
369236,0,1289,0,40,3,3,2,1,19,60,8
350293,0,1289,0,40,3,4,2,1,51,44,8
364203,0,1289,0,40,3,4,2,1,22,70,8
374975,0,1289,0,40,3,2,2,1,14,38,8
365444,0,1289,0,40,3,3,2,1,23,55,8
374238,0,1289,0,40,2,2,2,1,16,59,8
375633,0,1289,0,40,2,1,2,1,13,69,8
377902,0,1289,0,40,3,1,2,1,13,61,8
334541,0,1289,0,40,3,10,2,1,59,39,8
329900,0,1289,0,40,3,14,2,1,71,88,8
344912,1,1289,1261,40,2,9,2,1,43,27,8
371912,0,1289,0,40,3,2,2,1,19,36,8
374366,0,1289,0,40,2,2,2,1,14,64,8
363123,0,1289,0,40,2,3,2,1,30,16,8
332743,0,1289,0,40,2,14,2,1,61,48,8
367263,0,1289,0,40,3,3,2,1,16,34,8
334574,0,1289,0,40,2,13,2,1,57,39,8
367552,0,1289,0,40,3,3,2,1,24,66,8
377048,0,1289,0,40,2,2,2,1,13,50,8
376624,0,1289,0,40,2,1,2,1,12,33,8
378118,0,1289,0,40,3,1,2,1,12,50,8
378170,0,1289,0,40,3,1,2,1,12,57,8
378302,0,1289,0,40,2,1,2,1,12,69,8
378446,0,1289,0,40,2,1,2,1,12,48,8
357369,0,1289,0,40,3,4,2,1,25,58,8
352957,0,1289,0,40,2,5,2,1,33,43,8
322445,0,1289,0,40,2,11,2,1,61,22,8
367027,0,1289,0,40,3,3,2,1,16,74,8
363910,0,1289,0,40,3,2,2,1,32,21,8
324591,0,1289,0,40,3,12,2,1,68,74,8
375963,0,1289,0,40,3,2,2,1,12,78,8
349738,0,1289,0,40,3,7,2,1,35,71,8
345959,0,1289,0,40,3,6,2,1,42,28,8
368268,2,1289,0,40,2,3,2,1,23,33,8
371706,0,1289,0,40,3,2,2,1,21,27,8
377461,0,1289,0,40,3,1,2,1,11,38,8
378283,0,1289,0,40,2,1,2,1,11,38,8
378869,0,1289,0,40,2,1,2,1,11,37,8
352153,0,1289,0,40,2,4,2,1,41,47,8
369524,0,1289,0,40,2,3,2,1,12,56,8
360232,0,1289,0,40,3,4,2,1,31,72,8
347565,0,1289,0,40,2,6,2,1,53,97,8
371479,0,1289,0,40,2,3,2,1,14,17,8
352812,0,1289,0,40,3,5,2,1,43,16,8
373421,0,1289,0,40,2,3,2,1,13,47,8
375834,0,1289,0,40,2,2,2,1,11,48,8
371775,0,1289,0,40,3,2,2,1,17,54,8
340280,0,1289,0,40,3,9,2,1,58,61,8
343694,0,1289,0,40,2,8,2,1,51,82,8
377103,0,1289,0,40,2,1,2,1,10,29,8
378577,0,1289,0,40,2,1,2,1,10,37,8
379240,0,1289,0,40,2,1,2,1,10,30,8
372607,0,1289,0,40,3,2,2,1,10,29,8
351474,0,1289,0,40,2,5,2,1,37,62,8
337769,0,1289,0,40,2,8,2,1,67,20,8
361538,0,1289,0,40,3,5,2,1,24,35,8
347252,0,1289,0,40,2,8,2,1,42,79,8
366163,0,1289,0,40,3,4,2,1,18,18,8
365614,1,1289,1267,33.4889,3,4,2,1,16,28,8
352414,0,1289,0,40,2,7,2,1,33,112,8
371441,0,1289,0,40,2,3,2,1,16,24,8
350901,0,1289,0,40,3,5,2,1,39,72,8
347051,0,1289,0,40,3,8,2,1,39,19,8
366955,0,1289,0,40,2,4,2,1,15,82,8
342978,0,1289,0,40,2,8,2,1,54,31,8
378074,0,1289,0,40,2,2,2,1,11,47,8
377811,0,1289,0,40,2,1,2,1,9,27,8
379229,0,1289,0,40,2,1,2,1,9,91,8
380252,0,1289,0,40,3,1,2,1,9,34,8
380330,0,1289,0,40,3,1,2,1,9,43,8
352887,0,1289,0,40,3,4,2,1,40,76,8
330818,0,1289,0,40,3,14,2,1,60,74,8
340196,0,1289,0,40,3,9,2,1,47,57,8
365598,0,1289,0,40,2,3,2,1,24,45,8
367378,1,1289,1284,21.3836,3,3,2,1,23,48,8
324018,0,1289,0,40,2,14,2,1,59,31,8
364515,0,1289,0,40,3,4,2,1,23,20,8
344955,0,1289,0,40,3,6,2,1,43,30,8
362877,1,1289,1262,40,2,3,2,1,23,69,8
360759,0,1289,0,40,2,4,2,1,31,72,8
332541,0,1289,0,40,2,9,2,1,81,40,8
367761,0,1289,0,40,3,3,2,1,21,36,8
373806,0,1289,0,40,2,3,2,1,12,30,8
368441,0,1289,0,40,3,2,2,1,25,50,8
336014,1,1289,1260,40,3,13,2,1,53,27,8
349453,0,1289,0,40,3,7,2,1,39,43,8
372965,0,1289,0,40,2,2,2,1,19,51,8
362731,0,1289,0,40,2,4,2,1,29,16,8
363395,0,1289,0,40,2,2,2,1,38,45,8
379791,0,1289,0,40,3,1,2,1,8,48,8
380081,0,1289,0,40,2,1,2,1,8,35,8
380588,0,1289,0,40,3,1,2,1,8,21,8
380728,0,1289,0,40,2,1,2,1,8,34,8
380798,0,1289,0,40,2,1,2,1,8,23,8
380918,0,1289,0,40,3,1,2,1,8,28,8
331104,0,1289,0,40,2,10,2,1,87,27,8
349060,0,1289,0,40,3,5,2,1,34,28,8
371130,0,1289,0,40,3,2,2,1,14,81,8
346756,0,1289,0,40,3,10,2,1,35,43,8
376623,0,1289,0,40,3,2,2,1,8,16,8
356630,0,1289,0,40,3,5,2,1,23,19,8
368032,0,1289,0,40,2,4,2,1,16,31,8
370151,0,1289,0,40,3,3,2,1,15,35,8
377294,0,1289,0,40,3,2,2,1,8,31,8
330195,0,1289,0,40,2,11,2,1,83,28,8
375478,0,1289,0,40,3,2,2,1,12,34,8
375954,0,1289,0,40,2,2,2,1,10,47,8
351502,0,1289,0,40,2,3,2,1,54,25,8
351085,0,1289,0,40,3,8,2,1,37,37,8
354894,0,1289,0,40,2,7,2,1,26,55,8
371376,0,1289,0,40,2,4,2,1,13,48,8
354963,0,1289,0,40,3,7,2,1,32,43,8
343105,0,1289,0,40,3,9,2,1,43,24,8
375802,0,1289,0,40,2,2,2,1,12,26,8
353682,0,1289,0,40,2,7,2,1,32,58,8
378519,0,1289,0,40,2,2,2,1,8,48,8
370638,0,1289,0,40,2,2,2,1,20,38,8
374268,0,1289,0,40,2,2,2,1,15,44,8
355324,0,1289,0,40,2,8,2,1,34,37,8
379575,0,1289,0,40,2,1,2,1,7,62,8
380683,0,1289,0,40,3,1,2,1,7,94,8
381010,0,1289,0,40,3,1,2,1,7,21,8
381274,0,1289,0,40,2,1,2,1,7,58,8
381340,0,1289,0,40,3,1,2,1,7,51,8
347272,0,1289,0,40,2,9,2,1,29,22,8
335621,0,1289,0,40,2,10,2,1,60,77,8
355905,1,1289,1284,38.4246,2,5,2,1,32,23,8
374643,0,1289,0,40,3,2,2,1,9,43,8
357586,0,1289,0,40,2,4,2,1,36,14,8
342887,0,1289,0,40,3,6,2,1,55,17,8
370995,0,1289,0,40,3,3,2,1,14,42,8
336363,0,1289,0,40,2,10,2,1,60,59,8
355458,0,1289,0,40,3,5,2,1,31,53,8
355175,0,1289,0,40,3,5,2,1,39,24,8
322918,0,1289,0,40,3,11,2,1,70,52,8
372940,0,1289,0,40,2,2,2,1,16,23,8
336916,0,1289,0,40,2,9,2,1,75,37,8
357975,0,1289,0,40,3,6,2,1,29,40,8
376378,0,1289,0,40,2,2,2,1,10,23,8
353191,0,1289,0,40,2,6,2,1,36,14,8
325480,0,1289,0,40,3,7,2,1,69,48,8
372733,0,1289,0,40,3,3,2,1,16,47,8
377258,0,1289,0,40,2,2,2,1,11,14,8
364046,0,1289,0,40,2,3,2,1,31,28,8
378257,0,1289,0,40,3,2,2,1,7,79,8
374799,0,1289,0,40,2,2,2,1,15,57,8
377732,0,1289,0,40,3,2,2,1,11,56,8
379570,0,1289,0,40,3,2,2,1,8,62,8
380168,0,1289,0,40,2,2,2,1,7,69,8
366650,0,1289,0,40,3,4,2,1,21,82,8
331073,0,1289,0,40,3,14,2,1,71,30,8
380046,0,1289,0,40,2,2,2,1,8,18,8
378309,0,1289,0,40,2,1,2,1,6,50,8
380087,0,1289,0,40,2,1,2,1,6,42,8
380521,0,1289,0,40,2,1,2,1,6,82,8
380889,0,1289,0,40,2,1,2,1,6,40,8
380985,0,1289,0,40,3,1,2,1,6,71,8
381377,0,1289,0,40,2,1,2,1,6,78,8
381505,0,1289,0,40,3,1,2,1,6,49,8
381655,0,1289,0,40,3,1,2,1,6,21,8
381721,0,1289,0,40,2,1,2,1,6,51,8
381961,0,1289,0,40,2,1,2,1,6,37,8
338339,0,1289,0,40,2,10,2,1,46,29,8
350633,0,1289,0,40,2,4,2,1,41,80,8
370897,0,1289,0,40,2,3,2,1,14,22,8
370768,0,1289,0,40,3,3,2,1,11,40,8
326706,0,1289,0,40,2,6,2,1,45,48,8
327106,0,1289,0,40,2,2,2,1,11,47,8
328523,0,1289,0,40,2,10,2,1,107,40,8
373236,0,1289,0,40,2,2,2,1,13,40,8
351125,0,1289,0,40,2,5,2,1,40,62,8
372047,0,1289,0,40,3,3,2,1,10,60,8
367944,0,1289,0,40,2,3,2,1,19,39,8
362971,0,1289,0,40,3,4,2,1,16,52,8
325646,0,1289,0,40,2,10,2,1,64,71,8
340952,0,1289,0,40,3,11,2,1,45,26,8
368067,0,1289,0,40,3,5,2,1,20,49,8
337036,0,1289,0,40,2,11,2,1,55,24,8
344082,0,1289,0,40,2,10,2,1,46,41,8
353066,0,1289,0,40,2,7,2,1,34,54,8
376398,0,1289,0,40,2,2,2,1,9,75,8
328011,0,1289,0,40,2,8,2,1,60,37,8
377777,0,1289,0,40,2,2,2,1,7,48,8
375564,0,1289,0,40,3,3,2,1,9,70,8
355503,0,1289,0,40,3,7,2,1,32,43,8
350606,0,1289,0,40,3,6,2,1,41,35,8
340157,0,1289,0,40,2,10,2,1,50,33,8
370385,0,1289,0,40,2,3,2,1,20,69,8
331771,0,1289,0,40,2,14,2,1,54,32,8
352311,0,1289,0,40,3,7,2,1,24,19,8
378119,0,1289,0,40,2,2,2,1,7,53,8
378726,0,1289,0,40,3,2,2,1,6,43,8
330922,0,1289,0,40,2,10,2,1,83,56,8
357392,1,1289,1243,40,2,5,2,1,23,42,8
377659,0,1289,0,40,3,2,2,1,7,36,8
379461,0,1289,0,40,3,2,2,1,6,40,8
362049,1,1289,1268,40,2,4,2,1,35,70,8
363949,0,1289,0,40,3,5,2,1,19,39,8
341741,0,1289,0,40,3,9,2,1,50,49,8
371445,0,1289,0,40,3,4,2,1,14,27,8
346587,0,1289,0,40,3,8,2,1,49,30,8
376579,0,1289,0,40,2,3,2,1,9,70,8
365612,0,1289,0,40,2,4,2,1,22,32,8
343294,0,1289,0,40,2,8,2,1,50,42,8
361543,0,1289,0,40,3,5,2,1,33,20,8
380279,0,1289,0,40,2,1,2,1,5,61,8
381111,0,1289,0,40,3,1,2,1,5,50,8
381726,0,1289,0,40,3,1,2,1,5,39,8
381962,0,1289,0,40,2,1,2,1,5,53,8
382010,0,1289,0,40,3,1,2,1,5,22,8
382159,0,1289,0,40,3,1,2,1,5,56,8
382271,0,1289,0,40,3,1,2,1,5,43,8
382327,0,1289,0,40,3,1,2,1,5,44,8
382401,0,1289,0,40,3,1,2,1,5,68,8
382537,0,1289,0,40,2,1,2,1,5,48,8
371307,0,1289,0,40,2,3,2,1,10,18,8
346974,0,1289,0,40,2,7,2,1,47,37,8
350510,0,1289,0,40,2,6,2,1,44,36,8
349600,0,1289,0,40,2,8,2,1,34,37,8
369016,0,1289,0,40,2,2,2,1,21,43,8
350042,0,1289,0,40,2,8,2,1,35,46,8
360755,0,1289,0,40,2,5,2,1,21,28,8
366550,0,1289,0,40,2,5,2,1,16,27,8
332117,0,1289,0,40,3,10,2,1,73,9,8
329281,0,1289,0,40,2,12,2,1,67,86,8
373845,0,1289,0,40,3,4,2,1,10,55,8
319319,0,1289,0,40,2,12,2,1,69,25,8
364110,0,1289,0,40,3,5,2,1,21,25,8
362078,0,1289,0,40,2,4,2,1,22,73,8
374152,0,1289,0,40,3,2,2,1,11,45,8
360185,0,1289,0,40,2,5,2,1,22,113,8
359007,0,1289,0,40,2,5,2,1,23,65,8
334388,0,1289,0,40,3,10,2,1,53,35,8
363853,0,1289,0,40,3,4,2,1,23,43,8
376481,0,1289,0,40,3,2,2,1,11,22,8
360805,0,1289,0,40,3,6,2,1,25,41,8
341384,0,1289,0,40,2,8,2,1,49,38,8
360288,0,1289,0,40,3,5,2,1,18,65,8
336997,0,1289,0,40,2,9,2,1,60,29,8
366456,0,1289,0,40,3,3,2,1,25,47,8
361125,0,1289,0,40,2,5,2,1,27,29,8
350834,0,1289,0,40,2,7,2,1,32,44,8
358609,0,1289,0,40,3,7,2,1,33,48,8
344291,0,1289,0,40,3,7,2,1,45,18,8
334517,0,1289,0,40,3,14,2,1,49,53,8
364208,0,1289,0,40,2,7,2,1,16,69,8
371058,0,1289,0,40,3,2,2,1,21,56,8
359072,0,1289,0,40,3,6,2,1,27,31,8
358526,0,1289,0,40,2,6,2,1,31,87,8
378953,0,1289,0,40,2,2,2,1,9,81,8
351543,0,1289,0,40,3,8,2,1,35,43,8
356762,1,1289,1272,37.2066,3,7,2,1,19,44,8
360367,0,1289,0,40,3,6,2,1,32,104,8
338875,0,1289,0,40,3,13,2,1,43,26,8
377871,0,1289,0,40,2,2,2,1,10,52,8
341978,0,1289,0,40,2,6,2,1,60,33,8
345647,0,1289,0,40,2,7,2,1,54,16,8
340223,0,1289,0,40,2,12,2,1,44,67,8
379823,0,1289,0,40,3,1,2,1,4,51,8
380975,0,1289,0,40,3,1,2,1,4,15,8
381688,0,1289,0,40,3,1,2,1,4,42,8
382604,0,1289,0,40,3,1,2,1,4,51,8
382773,0,1289,0,40,2,1,2,1,4,32,8
382805,0,1289,0,40,2,1,2,1,4,22,8
382865,0,1289,0,40,3,1,2,1,4,30,8
382911,0,1289,0,40,2,1,2,1,4,55,8
383041,0,1289,0,40,2,1,2,1,4,22,8
383145,0,1289,0,40,2,1,2,1,4,55,8
341322,0,1289,0,40,3,10,2,1,43,69,8
373449,2,1289,0,40,2,2,2,1,11,42,8
359280,0,1289,0,40,3,6,2,1,19,56,8
354792,0,1289,0,40,2,5,2,1,35,44,8
361064,0,1289,0,40,2,5,2,1,27,34,8
355727,0,1289,0,40,2,6,2,1,31,46,8
334887,0,1289,0,40,2,12,2,1,60,64,8
376968,0,1289,0,40,3,2,2,1,7,32,8
343654,0,1289,0,40,3,8,2,1,37,43,8
369022,0,1289,0,40,3,2,2,1,22,73,8
360101,0,1289,0,40,2,6,2,1,26,35,8
372747,0,1289,0,40,2,3,2,1,9,86,8
363310,0,1289,0,40,2,6,2,1,14,23,8
344020,0,1289,0,40,2,10,2,1,42,56,8
347819,0,1289,0,40,2,5,2,1,51,66,8
356279,0,1289,0,40,3,6,2,1,29,43,8
375645,0,1289,0,40,3,2,2,1,10,43,8
348801,0,1289,0,40,2,7,2,1,35,45,8
370904,0,1289,0,40,2,3,2,1,15,87,8
378120,0,1289,0,40,3,2,2,1,7,55,8
352547,0,1289,0,40,2,7,2,1,39,36,8
373353,0,1289,0,40,3,3,2,1,9,68,8
350798,0,1289,0,40,2,6,2,1,40,47,8
337339,0,1289,0,40,3,8,2,1,60,18,8
364383,0,1289,0,40,2,4,2,1,18,34,8
363481,0,1289,0,40,2,5,2,1,25,12,8
320493,0,1289,0,40,3,12,2,1,61,33,8
376553,0,1289,0,40,2,3,2,1,8,64,8
358336,0,1289,0,40,3,5,2,1,18,26,8
355087,0,1289,0,40,3,9,2,1,27,31,8
365715,0,1289,0,40,3,5,2,1,17,55,8
366104,0,1289,0,40,2,4,2,1,18,60,8
371296,0,1289,0,40,2,2,2,1,20,46,8
370664,0,1289,0,40,2,3,2,1,18,29,8
373687,0,1289,0,40,3,3,2,1,16,25,8
378424,0,1289,0,40,2,2,2,1,9,25,8
370228,0,1289,0,40,3,3,2,1,17,69,8
367107,0,1289,0,40,2,4,2,1,16,42,8
337176,0,1289,0,40,2,7,2,1,80,34,8
343363,0,1289,0,40,3,8,2,1,49,49,8
371099,0,1289,0,40,3,4,2,1,20,22,8
325607,0,1289,0,40,2,14,2,1,42,24,8
360778,0,1289,0,40,2,4,2,1,27,38,8
354766,0,1289,0,40,2,8,2,1,40,39,8
369912,0,1289,0,40,2,6,2,1,11,38,8
375334,0,1289,0,40,3,2,2,1,16,63,8
360679,0,1289,0,40,3,5,2,1,30,50,8
369641,0,1289,0,40,3,5,2,1,12,24,8
356400,0,1289,0,40,2,8,2,1,32,17,8
380613,0,1289,0,40,2,1,2,1,3,34,8
382474,0,1289,0,40,2,1,2,1,3,50,8
382802,0,1289,0,40,2,1,2,1,3,22,8
383146,0,1289,0,40,3,1,2,1,3,53,8
383202,0,1289,0,40,3,1,2,1,3,43,8
383254,0,1289,0,40,3,1,2,1,3,14,8
383292,0,1289,0,40,2,1,2,1,3,24,8
383330,0,1289,0,40,3,1,2,1,3,55,8
383372,0,1289,0,40,3,1,2,1,3,40,8
383660,0,1289,0,40,3,1,2,1,3,55,8
383788,0,1289,0,40,2,1,2,1,3,13,8
365677,0,1289,0,40,2,1,2,1,35,34,8
336703,0,1289,0,40,2,10,2,1,70,35,8
352959,0,1289,0,40,2,3,2,1,53,29,8
340603,0,1289,0,40,3,8,2,1,56,55,8
370620,0,1289,0,40,3,1,2,1,25,72,8
371596,0,1289,0,40,3,1,2,1,24,64,8
360049,0,1289,0,40,2,4,2,1,29,33,8
348696,0,1289,0,40,2,6,2,1,42,69,8
367221,0,1289,0,40,3,2,2,1,26,69,8
373121,0,1289,0,40,2,1,2,1,22,54,8
350330,0,1289,0,40,3,6,2,1,45,84,8
337341,0,1289,0,40,3,11,2,1,61,40,8
371202,0,1289,0,40,3,1,2,1,20,48,8
374411,0,1289,0,40,3,1,2,1,20,38,8
340510,0,1289,0,40,3,6,2,1,66,35,8
360492,0,1289,0,40,3,4,2,1,29,23,8
371188,0,1289,0,40,3,2,2,1,21,17,8
370651,0,1289,0,40,3,2,2,1,21,35,8
360801,0,1289,0,40,3,4,2,1,34,35,8
345988,0,1289,0,40,3,5,2,1,55,22,8
361492,0,1289,0,40,3,4,2,1,32,44,8
342255,0,1289,0,40,3,7,2,1,58,82,8
341758,1,1289,1285,22.005,3,6,2,1,67,36,8
374663,0,1289,0,40,2,1,2,1,18,63,8
375298,0,1289,0,40,3,1,2,1,18,41,8
345535,0,1289,0,40,2,8,2,1,53,67,8
362963,0,1289,0,40,2,4,2,1,26,36,8
372130,0,1289,0,40,3,3,2,1,21,46,8
375233,0,1289,0,40,2,1,2,1,17,69,8
372662,0,1289,0,40,2,2,2,1,17,73,8
363486,0,1289,0,40,3,4,2,1,29,40,8
346698,0,1289,0,40,2,7,2,1,34,15,8
359215,0,1289,0,40,2,5,2,1,31,28,8
359522,0,1289,0,40,3,4,2,1,37,36,8
356533,0,1289,0,40,2,2,2,1,52,40,8
332226,0,1289,0,40,3,11,2,1,77,24,8
348055,0,1289,0,40,3,7,2,1,45,55,8
365100,0,1289,0,40,2,3,2,1,25,48,8
365781,0,1289,0,40,3,3,2,1,29,50,8
376602,1,1289,1285,37.9165,2,1,2,1,15,39,8
376972,0,1289,0,40,2,1,2,1,15,60,8
377150,0,1289,0,40,2,1,2,1,15,39,8
369476,0,1289,0,40,2,2,2,1,18,51,8
356288,0,1289,0,40,2,5,2,1,32,38,8
351164,0,1289,0,40,3,8,2,1,34,59,8
361260,0,1289,0,40,3,3,2,1,34,56,8
360081,0,1289,0,40,2,4,2,1,38,38,8
328657,0,1289,0,40,2,12,2,1,90,15,8
369025,0,1289,0,40,3,3,2,1,22,51,8
364346,0,1289,0,40,2,2,2,1,37,22,8
377962,0,1289,0,40,3,1,2,1,14,52,8
355915,0,1289,0,40,2,4,2,1,37,27,8
325647,0,1289,0,40,3,10,2,1,38,49,8
354336,0,1289,0,40,2,5,2,1,32,52,8
368747,0,1289,0,40,2,2,2,1,23,66,8
292657,0,1289,0,40,2,16,2,1,84,16,8
368834,0,1289,0,40,2,2,2,1,27,61,8
366437,0,1289,0,40,3,4,2,1,27,43,8
377139,0,1289,0,40,3,1,2,1,13,55,8
377865,0,1289,0,40,2,1,2,1,13,39,8
377937,1,1289,1285,15.4628,3,1,2,1,13,70,8
378650,0,1289,0,40,3,1,2,1,13,51,8
336888,0,1289,0,40,3,7,2,1,61,44,8
331721,0,1289,0,40,2,8,2,1,79,28,8
369095,0,1289,0,40,2,3,2,1,19,30,8
341792,0,1289,0,40,3,6,2,1,51,57,8
370953,0,1289,0,40,2,4,2,1,17,67,8
370366,0,1289,0,40,3,3,2,1,20,49,8
356467,0,1289,0,40,2,4,2,1,44,46,8
370064,0,1289,0,40,2,3,2,1,19,35,8
378099,0,1289,0,40,3,1,2,1,12,12,8
378711,0,1289,0,40,3,1,2,1,12,37,8
378967,0,1289,0,40,2,1,2,1,12,22,8
308822,0,1289,0,40,3,15,2,1,91,39,8
336076,0,1289,0,40,3,11,2,1,63,52,8
361791,0,1289,0,40,2,3,2,1,30,59,8
374786,0,1289,0,40,3,2,2,1,13,73,8
364635,0,1289,0,40,2,3,2,1,26,48,8
347580,1,1289,1237,40,2,7,2,1,48,77,8
366939,0,1289,0,40,2,2,2,1,29,46,8
370813,0,1289,0,40,2,2,2,1,23,68,8
367336,0,1289,0,40,2,3,2,1,20,51,8
338257,0,1289,0,40,2,5,2,1,78,50,8
373410,0,1289,0,40,2,2,2,1,18,19,8
353147,0,1289,0,40,3,5,2,1,46,51,8
349952,0,1289,0,40,2,7,2,1,50,18,8
373595,0,1289,0,40,2,4,2,1,16,14,8
375888,0,1289,0,40,2,1,2,1,11,65,8
378666,0,1289,0,40,3,1,2,1,11,29,8
379134,0,1289,0,40,3,1,2,1,11,35,8
352548,0,1289,0,40,3,6,2,1,36,36,8
349251,0,1289,0,40,3,5,2,1,47,49,8
360054,0,1289,0,40,2,5,2,1,28,21,8
375260,0,1289,0,40,3,2,2,1,13,30,8
355001,0,1289,0,40,2,6,2,1,28,37,8
329377,0,1289,0,40,3,15,2,1,89,43,8
329765,0,1289,0,40,2,12,2,1,87,55,8
357761,0,1289,0,40,3,5,2,1,37,108,8
362040,0,1289,0,40,3,4,2,1,27,52,8
372298,0,1289,0,40,2,3,2,1,17,45,8
337126,0,1289,0,40,3,6,2,1,72,23,8
379192,0,1289,0,40,2,1,2,1,10,28,8
379689,0,1289,0,40,3,1,2,1,10,34,8
380312,0,1289,0,40,2,1,2,1,10,53,8
355463,0,1289,0,40,3,4,2,1,35,33,8
291741,0,1289,0,40,2,18,2,1,101,33,8
373358,0,1289,0,40,2,2,2,1,14,32,8
358723,0,1289,0,40,2,5,2,1,24,38,8
367247,1,1289,1273,40,2,3,2,1,26,19,8
363359,0,1289,0,40,2,3,2,1,25,34,8
369277,0,1289,0,40,2,2,2,1,21,52,8
373606,0,1289,0,40,2,2,2,1,16,33,8
342660,0,1289,0,40,3,8,2,1,48,52,8
370110,0,1289,0,40,2,2,2,1,23,51,8
355916,0,1289,0,40,2,5,2,1,38,16,8
376994,0,1289,0,40,3,2,2,1,12,60,8
371284,0,1289,0,40,2,4,2,1,14,44,8
370796,0,1289,0,40,2,3,2,1,21,57,8
355071,0,1289,0,40,3,5,2,1,34,44,8
331516,0,1289,0,40,2,11,2,1,81,44,8
323610,0,1289,0,40,3,9,2,1,93,98,8
378892,0,1289,0,40,3,1,2,1,9,29,8
379825,0,1289,0,40,3,1,2,1,9,31,8
379985,0,1289,0,40,2,1,2,1,9,20,8
380386,0,1289,0,40,2,1,2,1,9,19,8
380464,0,1289,0,40,2,1,2,1,9,15,8
380826,0,1289,0,40,3,1,2,1,9,31,8
359449,0,1289,0,40,2,4,2,1,25,53,8
365647,0,1289,0,40,2,4,2,1,21,45,8
372323,0,1289,0,40,2,2,2,1,14,18,8
355186,0,1289,0,40,2,5,2,1,32,64,8
326274,0,1289,0,40,2,6,2,1,46,47,8
362029,0,1289,0,40,2,4,2,1,24,82,8
349215,0,1289,0,40,2,7,2,1,40,18,8
344221,0,1289,0,40,2,9,2,1,44,52,8
368239,0,1289,0,40,3,3,2,1,23,33,8
335316,0,1289,0,40,3,12,2,1,63,51,8
350344,0,1289,0,40,3,7,2,1,37,52,8
376544,0,1289,0,40,3,2,2,1,9,76,8
327572,0,1289,0,40,2,16,2,1,86,39,8
377502,1,1289,1275,34.7971,3,2,2,1,11,10,8
367093,0,1289,0,40,3,5,2,1,15,21,8
340577,0,1289,0,40,2,5,2,1,75,40,8
372454,0,1289,0,40,3,3,2,1,17,24,8
377100,0,1289,0,40,2,2,2,1,12,63,8
359829,2,1289,0,40,3,6,2,1,25,50,8
369623,0,1289,0,40,2,4,2,1,14,21,8
354733,0,1289,0,40,3,4,2,1,39,23,8
361590,0,1289,0,40,3,4,2,1,24,37,8
364910,0,1289,0,40,3,4,2,1,21,23,8
326955,0,1289,0,40,2,8,2,1,59,33,8
379369,0,1289,0,40,3,2,2,1,10,10,8
378836,0,1289,0,40,3,1,2,1,8,51,8
379647,0,1289,0,40,3,1,2,1,8,34,8
380763,0,1289,0,40,3,1,2,1,8,50,8
381416,0,1289,0,40,3,1,2,1,8,53,8
353816,0,1289,0,40,3,7,2,1,33,48,8
328044,0,1289,0,40,2,8,2,1,55,26,8
348264,0,1289,0,40,2,6,2,1,51,51,8
361856,0,1289,0,40,2,4,2,1,22,47,8
338176,0,1289,0,40,3,9,2,1,59,19,8
364728,0,1289,0,40,3,4,2,1,23,48,8
327364,0,1289,0,40,3,6,2,1,45,48,8
368734,0,1289,0,40,2,3,2,1,19,56,8
336791,0,1289,0,40,2,9,2,1,74,72,8
357472,0,1289,0,40,3,5,2,1,24,48,8
361395,0,1289,0,40,3,5,2,1,27,75,8
373147,0,1289,0,40,3,3,2,1,11,32,8
321783,0,1289,0,40,2,15,2,1,97,41,8
370112,0,1289,0,40,3,3,2,1,16,60,8
365787,0,1289,0,40,2,4,2,1,27,26,8
373994,0,1289,0,40,2,3,2,1,13,77,8
343310,0,1289,0,40,2,8,2,1,47,57,8
361559,0,1289,0,40,2,4,2,1,28,35,8
370520,0,1289,0,40,2,3,2,1,19,84,8
323926,0,1289,0,40,2,9,2,1,79,40,8
378218,0,1289,0,40,2,2,2,1,10,68,8
378915,0,1289,0,40,3,2,2,1,9,51,8
351221,0,1289,0,40,3,7,2,1,39,91,8
336692,0,1289,0,40,2,10,2,1,71,88,8
374392,0,1289,0,40,3,3,2,1,12,34,8
378647,0,1289,0,40,2,2,2,1,11,58,8
379804,0,1289,0,40,3,2,2,1,9,32,8
380433,0,1289,0,40,2,1,2,1,7,49,8
381001,1,1289,1285,40,2,1,2,1,7,37,8
381113,0,1289,0,40,3,1,2,1,7,31,8
381317,0,1289,0,40,2,1,2,1,7,60,8
381361,0,1289,0,40,2,1,2,1,7,45,8
381637,0,1289,0,40,2,1,2,1,7,26,8
381725,0,1289,0,40,2,1,2,1,7,38,8
381759,0,1289,0,40,3,1,2,1,7,47,8
382015,0,1289,0,40,3,1,2,1,7,14,8
327490,0,1289,0,40,2,13,2,1,55,48,8
366149,0,1289,0,40,2,3,2,1,23,49,8
370041,0,1289,0,40,3,3,2,1,14,57,8
373967,0,1289,0,40,3,2,2,1,13,78,8
375451,0,1289,0,40,2,2,2,1,8,43,8
366257,0,1289,0,40,2,4,2,1,21,45,8
335130,0,1289,0,40,2,10,2,1,71,31,8
361044,0,1289,0,40,3,4,2,1,26,97,8
374283,0,1289,0,40,2,2,2,1,14,35,8
347740,0,1289,0,40,2,7,2,1,37,27,8
373497,0,1289,0,40,2,3,2,1,11,45,8
356593,0,1289,0,40,3,6,2,1,34,17,8
355376,0,1289,0,40,3,5,2,1,41,30,8
355745,1,1289,1268,40,2,7,2,1,34,23,8
343316,0,1289,0,40,3,7,2,1,56,51,8
355962,0,1289,0,40,2,5,2,1,25,50,8
337200,0,1289,0,40,3,9,2,1,54,71,8
362732,0,1289,0,40,2,3,2,1,33,19,8
344767,0,1289,0,40,2,6,2,1,54,37,8
375376,0,1289,0,40,3,2,2,1,14,58,8
377379,0,1289,0,40,3,2,2,1,10,25,8
347950,0,1289,0,40,2,7,2,1,47,39,8
377581,0,1289,0,40,2,2,2,1,9,23,8
379101,0,1289,0,40,3,2,2,1,8,17,8
372998,0,1289,0,40,2,2,2,1,17,40,8
375222,0,1289,0,40,3,2,2,1,15,53,8
375896,0,1289,0,40,3,2,2,1,11,39,8
355528,0,1289,1273,40,2,6,2,1,33,26,8
355541,0,1289,0,40,3,6,2,1,29,36,8
344094,1,1289,1257,40,3,7,2,1,45,17,8
342399,0,1289,0,40,3,8,2,1,55,39,8
340192,0,1289,0,40,3,8,2,1,62,45,8
359579,0,1289,0,40,2,8,2,1,33,16,8
363244,0,1289,0,40,2,6,2,1,24,16,8
369712,0,1289,0,40,3,3,2,1,22,46,8
369859,0,1289,0,40,2,3,2,1,17,22,8
373206,0,1289,0,40,3,4,2,1,13,102,8
380311,0,1289,0,40,2,1,2,1,6,83,8
380931,0,1289,0,40,2,1,2,1,6,66,8
381650,0,1289,0,40,2,1,2,1,6,52,8
382046,0,1289,0,40,2,1,2,1,6,87,8
382199,0,1289,0,40,2,1,2,1,6,53,8
382337,0,1289,0,40,3,1,2,1,6,34,8
382511,0,1289,0,40,2,1,2,1,6,33,8
382563,0,1289,0,40,2,1,2,1,6,80,8
351677,0,1289,0,40,3,4,2,1,40,29,8
358882,0,1289,0,40,3,6,2,1,17,30,8
372971,0,1289,0,40,3,2,2,1,13,86,8
353922,0,1289,0,40,2,7,2,1,32,19,8
345683,0,1289,0,40,2,9,2,1,37,53,8
375444,0,1289,0,40,3,2,2,1,10,82,8
333345,0,1289,0,40,2,11,2,1,65,21,8
373131,0,1289,0,40,2,2,2,1,15,46,8
350168,0,1289,0,40,3,7,2,1,37,41,8
347867,0,1289,0,40,3,8,2,1,35,45,8
367892,0,1289,0,40,2,4,2,1,10,68,8
322576,0,1289,0,40,3,9,2,1,54,47,8
327973,0,1289,0,40,3,9,2,1,60,65,8
364609,0,1289,0,40,2,4,2,1,26,17,8
331040,0,1289,0,40,2,12,2,1,71,15,8
372991,0,1289,0,40,2,3,2,1,16,62,8
375119,0,1289,0,40,2,3,2,1,8,67,8
372269,0,1289,0,40,3,3,2,1,9,51,8
370234,0,1289,0,40,3,2,2,1,21,61,8
340097,0,1289,0,40,3,8,2,1,53,76,8
338242,0,1289,0,40,2,10,2,1,46,32,8
375838,0,1289,0,40,2,2,2,1,11,27,8
372228,0,1289,0,40,3,3,2,1,17,74,8
366690,0,1289,0,40,2,4,2,1,22,24,8
349445,0,1289,0,40,3,8,2,1,41,44,8
329242,0,1289,0,40,2,7,2,1,61,24,8
361304,0,1289,0,40,3,4,2,1,31,56,8
361288,0,1289,0,40,3,5,2,1,23,23,8
377273,0,1289,0,40,3,2,2,1,9,33,8
379145,0,1289,0,40,2,2,2,1,8,36,8
360630,0,1289,0,40,2,5,2,1,29,25,8
362003,0,1289,0,40,2,5,2,1,22,64,8
349029,0,1289,0,40,2,7,2,1,28,85,8
358921,0,1289,0,40,3,5,2,1,34,8,8
361780,0,1289,0,40,3,4,2,1,31,32,8
355704,0,1289,0,40,3,5,2,1,37,33,8
347578,0,1289,0,40,3,9,2,1,44,53,8
324737,0,1289,0,40,2,10,2,1,67,69,8
355223,0,1289,0,40,2,4,2,1,34,66,8
380991,0,1289,0,40,3,1,2,1,5,39,8
381315,0,1289,0,40,2,1,2,1,5,64,8
382100,0,1289,0,40,3,1,2,1,5,44,8
382352,0,1289,0,40,2,1,2,1,5,48,8
382496,0,1289,0,40,2,1,2,1,5,84,8
382869,0,1289,0,40,3,1,2,1,5,40,8
382901,0,1289,0,40,2,1,2,1,5,48,8
383007,0,1289,0,40,2,1,2,1,5,23,8
359766,0,1289,0,40,3,3,2,1,23,92,8
368893,0,1289,0,40,2,2,2,1,14,62,8
347997,0,1289,0,40,2,6,2,1,42,37,8
342860,0,1289,0,40,3,7,2,1,56,69,8
328359,0,1289,0,40,2,9,2,1,44,41,8
377550,0,1289,0,40,2,2,2,1,6,41,8
372399,0,1289,0,40,2,3,2,1,9,35,8
362139,0,1289,0,40,2,3,2,1,28,20,8
349722,0,1289,0,40,3,5,2,1,47,40,8
343250,0,1289,0,40,2,7,2,1,52,34,8
374111,0,1289,0,40,3,2,2,1,14,20,8
367403,0,1289,0,40,3,3,2,1,18,93,8
355882,0,1289,0,40,2,7,2,1,26,21,8
367154,0,1289,0,40,3,4,2,1,21,66,8
358498,0,1289,0,40,2,5,2,1,30,52,8
351376,1,1289,1285,21.4299,3,9,2,1,20,31,8
370701,0,1289,0,40,3,3,2,1,16,59,8
325442,0,1289,0,40,2,8,2,1,50,59,8
363812,0,1289,0,40,3,4,2,1,22,18,8
349540,0,1289,0,40,3,9,2,1,37,50,8
356027,0,1289,0,40,3,6,2,1,41,29,8
349358,0,1289,0,40,3,8,2,1,35,66,8
380094,0,1289,0,40,3,2,2,1,5,43,8
332665,0,1289,0,40,3,7,2,1,87,14,8
336945,0,1289,0,40,2,9,2,1,73,102,8
375665,0,1289,0,40,3,2,2,1,10,29,8
372793,0,1289,0,40,2,3,2,1,9,43,8
354534,0,1289,0,40,2,4,2,1,45,14,8
376889,0,1289,0,40,2,3,2,1,9,22,8
379232,0,1289,0,40,3,2,2,1,7,50,8
370671,0,1289,0,40,3,4,2,1,11,75,8
373995,0,1289,0,40,3,3,2,1,12,40,8
343494,0,1289,0,40,3,10,2,1,36,20,8
374274,0,1289,0,40,2,3,2,1,13,42,8
351700,0,1289,0,40,3,5,2,1,47,35,8
368849,0,1289,0,40,2,4,2,1,18,31,8
366304,0,1289,0,40,3,4,2,1,20,17,8
377914,0,1289,0,40,2,2,2,1,11,11,8
376869,0,1289,0,40,2,3,2,1,10,24,8
351562,0,1289,0,40,2,6,2,1,44,51,8
374201,0,1289,0,40,2,4,2,1,13,63,8
375371,0,1289,0,40,3,3,2,1,6,35,8
344787,0,1289,0,40,3,8,2,1,37,51,8
370460,0,1289,0,40,3,2,2,1,23,40,8
365299,0,1289,0,40,2,5,2,1,21,54,8
375675,0,1289,0,40,3,3,2,1,12,43,8
354144,0,1289,0,40,3,8,2,1,38,18,8
380703,0,1289,0,40,3,2,2,1,6,28,8
376767,0,1289,0,40,2,3,2,1,7,28,8
359500,0,1289,0,40,2,6,2,1,20,50,8
358920,0,1289,0,40,3,7,2,1,26,53,8
370916,0,1289,0,40,2,5,2,1,17,18,8
368629,0,1289,0,40,3,4,2,1,20,32,8
328062,0,1289,0,40,2,8,2,1,60,46,8
381435,0,1289,0,40,3,1,2,1,4,11,8
381780,0,1289,0,40,3,1,2,1,4,41,8
382104,0,1289,0,40,3,1,2,1,4,22,8
382418,0,1289,0,40,3,1,2,1,4,25,8
382702,0,1289,0,40,2,1,2,1,4,49,8
382886,0,1289,0,40,3,1,2,1,4,45,8
383230,0,1289,0,40,2,1,2,1,4,56,8
383464,0,1289,0,40,3,1,2,1,4,38,8
383514,0,1289,0,40,2,1,2,1,4,56,8
383574,0,1289,0,40,2,1,2,1,4,23,8
383692,0,1289,0,40,2,1,2,1,4,101,8
370353,0,1289,0,40,2,3,2,1,9,67,8
369560,0,1289,0,40,3,3,2,1,17,79,8
328457,0,1289,0,40,2,9,2,1,63,36,8
376759,0,1289,0,40,3,2,2,1,8,24,8
373935,0,1289,0,40,3,3,2,1,7,29,8
375493,0,1289,0,40,2,2,2,1,6,32,8
338600,0,1289,0,40,2,9,2,1,50,59,8
331456,0,1289,0,40,2,12,2,1,72,60,8
375275,0,1289,0,40,2,2,2,1,9,26,8
357777,0,1289,0,40,2,5,2,1,25,31,8
347582,1,1289,1230,40,3,9,2,1,29,38,8
339270,0,1289,0,40,2,11,2,1,49,31,8
351124,0,1289,0,40,2,6,2,1,37,71,8
367438,0,1289,0,40,2,3,2,1,19,39,8
335856,0,1289,0,40,3,12,2,1,59,30,8
345546,0,1289,0,40,2,7,2,1,43,26,8
349744,0,1289,0,40,2,9,2,1,32,44,8
379761,0,1289,0,40,3,2,2,1,4,60,8
373759,0,1289,0,40,2,2,2,1,16,78,8
377223,0,1289,0,40,2,2,2,1,9,35,8
374945,0,1289,0,40,2,2,2,1,8,29,8
350927,0,1289,0,40,3,8,2,1,26,47,8
379708,0,1289,0,40,2,2,2,1,6,39,8
360840,0,1289,0,40,2,6,2,1,25,38,8
366447,0,1289,0,40,3,6,2,1,17,58,8
380498,0,1289,0,40,2,2,2,1,4,34,8
375030,0,1289,0,40,2,2,2,1,15,16,8
354624,1,1289,1285,22.928,3,6,2,1,29,85,8
338035,0,1289,0,40,3,11,2,1,52,32,8
326143,0,1289,0,40,3,8,2,1,53,67,8
355837,0,1289,0,40,3,8,2,1,26,54,8
368899,0,1289,0,40,3,4,2,1,15,38,8
347297,0,1289,0,40,3,5,2,1,52,29,8
362687,0,1289,0,40,2,4,2,1,25,47,8
328574,1,1289,1250,40,3,10,2,1,66,65,8
351301,0,1289,0,40,3,5,2,1,42,64,8
348471,0,1289,0,40,3,7,2,1,42,30,8
335927,0,1289,0,40,3,13,2,1,57,17,8
374673,0,1289,0,40,2,2,2,1,12,19,8
337765,0,1289,0,40,2,9,2,1,67,34,8
356779,0,1289,0,40,2,6,2,1,27,41,8
379460,0,1289,0,40,2,2,2,1,8,46,8
365187,0,1289,0,40,2,6,2,1,17,19,8
367639,0,1289,0,40,3,4,2,1,15,81,8
338288,0,1289,0,40,3,12,2,1,49,55,8
357115,0,1289,0,40,2,5,2,1,31,36,8
362536,0,1289,0,40,2,4,2,1,26,48,8
379230,0,1289,0,40,3,2,2,1,9,58,8
328260,0,1289,0,40,3,12,2,1,79,21,8
328694,0,1289,0,40,3,12,2,1,92,14,8
380932,0,1289,0,40,2,2,2,1,6,75,8
376570,0,1289,0,40,2,3,2,1,7,34,8
382579,0,1289,0,40,3,2,2,1,4,63,8
345911,0,1289,0,40,3,9,2,1,45,30,8
355965,0,1289,0,40,2,8,2,1,27,52,8
381442,0,1289,0,40,2,2,2,1,7,29,8
378899,0,1289,0,40,3,3,2,1,5,53,8
347234,0,1289,0,40,3,9,2,1,43,27,8
374850,0,1289,0,40,3,3,2,1,8,24,8
381984,0,1289,0,40,2,1,2,1,3,65,8
382278,0,1289,0,40,3,1,2,1,3,39,8
382684,0,1289,0,40,3,1,2,1,3,21,8
382828,0,1289,0,40,3,1,2,1,3,30,8
382940,0,1289,0,40,3,1,2,1,3,22,8
383263,0,1289,0,40,2,1,2,1,3,18,8
383491,0,1289,0,40,2,1,2,1,3,76,8
383631,0,1289,0,40,3,1,2,1,3,37,8
383779,0,1289,0,40,2,1,2,1,3,49,8
383866,0,1289,0,40,3,1,2,1,3,18,8
384006,0,1289,0,40,3,1,2,1,3,46,8
384116,0,1289,0,40,2,1,2,1,3,39,8
384196,0,1289,0,40,3,1,2,1,3,37,8
384306,0,1289,0,40,3,1,2,1,3,24,8
329868,0,1289,0,40,2,9,2,1,95,21,8
365044,0,1289,0,40,2,2,2,1,35,34,8
330299,0,1289,0,40,3,3,2,1,46,44,8
340414,0,1289,0,40,2,8,2,1,67,48,8
358483,0,1289,0,40,2,3,2,1,37,40,8
352697,0,1289,0,40,2,4,2,1,47,53,8
343582,0,1289,0,40,3,8,2,1,54,27,8
371430,0,1289,0,40,2,1,2,1,24,25,8
364375,0,1289,0,40,2,2,2,1,30,52,8
367231,0,1289,0,40,2,2,2,1,27,20,8
364074,0,1289,0,40,2,4,2,1,29,48,8
372797,1,1289,1286,39.1292,2,1,2,1,22,48,8
359571,0,1289,0,40,2,3,2,1,39,74,8
329568,0,1289,0,40,2,13,2,1,84,23,8
337405,0,1289,0,40,2,7,2,1,71,26,8
374892,0,1289,0,40,3,1,2,1,20,54,8
332856,0,1289,0,40,3,7,2,1,89,55,8
352076,0,1289,0,40,3,6,2,1,50,64,8
375504,0,1289,0,40,3,1,2,1,19,44,8
324328,0,1289,0,40,3,8,2,1,70,23,8
350251,1,1289,1254,40,2,8,2,1,36,64,8
360041,0,1289,0,40,2,5,2,1,32,76,8
357278,0,1289,0,40,3,5,2,1,31,85,8
371401,0,1289,0,40,3,2,2,1,20,30,8
373053,0,1289,0,40,2,2,2,1,18,60,8
376741,0,1289,0,40,3,1,2,1,17,50,8
366420,0,1289,0,40,3,3,2,1,19,29,8
341471,0,1289,0,40,3,7,2,1,45,40,8
372656,0,1289,0,40,2,2,2,1,19,72,8
343624,0,1289,0,40,2,7,2,1,51,30,8
366055,1,1289,1254,40,2,4,2,1,24,22,8
364953,0,1289,0,40,2,4,2,1,23,49,8
364670,0,1289,0,40,2,4,2,1,22,70,8
345325,0,1289,0,40,3,4,2,1,61,38,8
353700,0,1289,0,40,2,6,2,1,41,47,8
373612,0,1289,0,40,3,2,2,1,19,86,8
377744,0,1289,0,40,3,1,2,1,15,48,8
346395,0,1289,0,40,2,7,2,1,53,47,8
351288,0,1289,0,40,2,6,2,1,47,56,8
348617,0,1289,0,40,3,8,2,1,49,93,8
367949,0,1289,0,40,3,3,2,1,16,43,8
360933,0,1289,0,40,3,4,2,1,31,86,8
378266,0,1289,0,40,3,1,2,1,14,28,8
366692,0,1289,0,40,3,3,2,1,22,62,8
361332,0,1289,0,40,3,4,2,1,34,70,8
376554,0,1289,0,40,3,2,2,1,14,32,8
377791,0,1289,0,40,3,1,2,1,13,54,8
378615,0,1289,0,40,3,1,2,1,13,17,8
379059,0,1289,0,40,2,1,2,1,13,39,8
332969,0,1289,0,40,2,12,2,1,74,24,8
331628,0,1289,0,40,2,12,2,1,67,33,8
348826,0,1289,0,40,3,7,2,1,41,55,8
368792,0,1289,0,40,3,3,2,1,24,34,8
373047,0,1289,0,40,2,2,2,1,18,64,8
373798,0,1289,0,40,2,3,2,1,14,32,8
351986,0,1289,0,40,2,5,2,1,41,31,8
368380,0,1289,0,40,2,4,2,1,21,41,8
375068,1,1289,1286,37.5657,2,2,2,1,17,33,8
338325,0,1289,0,40,3,9,2,1,72,31,8
365373,0,1289,0,40,2,3,2,1,27,30,8
378674,0,1289,0,40,3,1,2,1,12,24,8
378826,1,1289,1286,37.3207,2,1,2,1,12,30,8
379226,0,1289,0,40,2,1,2,1,12,19,8
379362,0,1289,0,40,2,1,2,1,12,30,8
358693,0,1289,0,40,3,5,2,1,25,38,8
343662,0,1289,0,40,2,6,2,1,50,32,8
353013,0,1289,0,40,3,6,2,1,35,21,8
352369,0,1289,0,40,3,6,2,1,34,11,8
373978,0,1289,0,40,3,2,2,1,14,44,8
362042,0,1289,0,40,2,4,2,1,29,67,8
349013,0,1289,0,40,2,8,2,1,49,51,8
365752,0,1289,0,40,2,3,2,1,22,56,8
368989,0,1289,0,40,2,2,2,1,23,28,8
375195,0,1289,0,40,2,2,2,1,14,55,8
330862,0,1289,0,40,2,15,2,1,83,27,8
353965,0,1289,0,40,3,6,2,1,29,30,8
361842,0,1289,0,40,2,4,2,1,32,50,8
327454,0,1289,0,40,3,8,2,1,43,29,8
380032,0,1289,0,40,2,1,2,1,11,19,8
380304,0,1289,0,40,3,1,2,1,11,27,8
362072,0,1289,0,40,3,4,2,1,24,42,8
351212,0,1289,0,40,3,7,2,1,32,48,8
355698,0,1289,0,40,2,5,2,1,33,99,8
365882,0,1289,0,40,3,3,2,1,22,34,8
363795,0,1289,0,40,2,4,2,1,25,35,8
376719,0,1289,0,40,2,2,2,1,11,21,8
341497,0,1289,0,40,2,5,2,1,67,38,8
356026,0,1289,0,40,3,5,2,1,36,19,8
353416,0,1289,0,40,3,6,2,1,43,44,8
367197,0,1289,0,40,2,4,2,1,20,59,8
371930,0,1289,0,40,2,3,2,1,16,17,8
358986,0,1289,0,40,3,6,2,1,33,39,8
355299,0,1289,0,40,2,5,2,1,28,37,8
339747,0,1289,0,40,2,10,2,1,61,55,8
349923,0,1289,0,40,3,6,2,1,41,32,8
318256,1,1289,1277,40,2,12,2,1,69,8,8
377955,0,1289,0,40,3,1,2,1,10,48,8
379443,0,1289,0,40,3,1,2,1,10,19,8
380149,0,1289,0,40,2,1,2,1,10,74,8
380410,0,1289,0,40,3,1,2,1,10,50,8
380680,0,1289,0,40,3,1,2,1,10,43,8
340697,0,1289,0,40,2,6,2,1,60,44,8
343229,0,1289,0,40,3,8,2,1,53,49,8
328815,0,1289,0,40,3,12,2,1,90,46,8
357536,0,1289,0,40,2,3,2,1,40,55,8
344762,0,1289,0,40,3,9,2,1,36,40,8
365335,0,1289,0,40,3,4,2,1,20,62,8
377418,0,1289,0,40,2,2,2,1,10,19,8
365873,0,1289,0,40,2,3,2,1,26,54,8
376116,0,1289,0,40,3,2,2,1,11,27,8
360961,0,1289,0,40,3,4,2,1,35,151,8
364843,0,1289,0,40,3,5,2,1,21,42,8
347325,0,1289,0,40,3,9,2,1,44,51,8
324064,0,1289,0,40,2,8,2,1,32,45,8
364804,0,1289,0,40,3,4,2,1,28,20,8
340501,0,1289,0,40,3,9,2,1,53,31,8
367522,0,1289,0,40,3,5,2,1,20,45,8
374338,0,1289,0,40,2,2,2,1,18,44,8
331852,0,1289,0,40,3,10,2,1,70,52,8
363150,0,1289,0,40,3,4,2,1,29,25,8
348559,0,1289,0,40,3,8,2,1,44,39,8
348678,0,1289,0,40,2,7,2,1,47,29,8
328663,0,1289,0,40,3,7,2,1,58,18,8
331903,0,1289,0,40,3,12,2,1,71,25,8
376957,0,1289,0,40,3,2,2,1,14,94,8
378804,0,1289,0,40,3,1,2,1,9,25,8
379851,0,1289,0,40,3,1,2,1,9,41,8
380291,0,1289,0,40,3,1,2,1,9,37,8
381110,0,1289,0,40,2,1,2,1,9,30,8
358929,0,1289,0,40,3,5,2,1,23,19,8
365982,0,1289,0,40,3,3,2,1,23,95,8
376895,0,1289,0,40,3,2,2,1,9,36,8
325338,0,1289,0,40,2,5,2,1,38,15,8
369056,0,1289,0,40,3,3,2,1,16,39,8
362132,0,1289,0,40,3,5,2,1,20,15,8
373036,0,1289,0,40,3,3,2,1,14,69,8
348012,0,1289,0,40,2,5,2,1,50,30,8
356912,0,1289,0,40,2,6,2,1,30,21,8
376178,0,1289,0,40,3,2,2,1,11,34,8
377386,0,1289,0,40,3,2,2,1,10,62,8
377407,0,1289,0,40,3,2,2,1,9,26,8
373554,0,1289,0,40,3,2,2,1,16,43,8
329279,0,1289,0,40,3,11,2,1,63,68,8
341280,0,1289,0,40,3,7,2,1,53,36,8
360250,0,1289,0,40,3,4,2,1,34,43,8
340787,0,1289,0,40,2,11,2,1,52,27,8
348925,0,1289,0,40,2,8,2,1,34,60,8
300206,0,1289,0,40,3,15,2,1,97,29,8
373943,0,1289,0,40,2,3,2,1,15,51,8
375582,1,1289,1276,14.9669,3,3,2,1,12,36,8
346781,0,1289,0,40,3,8,2,1,39,40,8
360655,0,1289,0,40,3,4,2,1,28,35,8
366571,0,1289,0,40,3,4,2,1,22,44,8
364329,0,1289,0,40,2,4,2,1,26,46,8
334975,0,1289,0,40,2,12,2,1,61,44,8
377602,0,1289,0,40,2,2,2,1,12,34,8
372918,0,1289,0,40,3,3,2,1,13,29,8
378770,0,1289,0,40,3,2,2,1,9,97,8
340418,1,1289,1278,25.3585,3,9,2,1,62,28,8
360722,0,1289,0,40,3,7,2,1,23,28,8
340798,0,1289,0,40,2,8,2,1,61,43,8
379582,0,1289,0,40,3,2,2,1,10,19,8
329283,0,1289,0,40,2,10,2,1,61,30,8
381589,0,1289,0,40,3,1,2,1,8,20,8
381663,0,1289,0,40,3,1,2,1,8,31,8
381809,0,1289,0,40,2,1,2,1,8,33,8
381871,0,1289,0,40,3,1,2,1,8,29,8
381957,0,1289,0,40,2,1,2,1,8,63,8
354406,0,1289,0,40,2,4,2,1,32,49,8
350023,0,1289,0,40,2,5,2,1,39,32,8
375237,0,1289,0,40,3,2,2,1,10,44,8
332671,0,1289,0,40,2,12,2,1,73,63,8
335959,0,1289,0,40,2,9,2,1,78,43,8
377319,0,1289,0,40,3,2,2,1,9,56,8
302534,0,1289,0,40,2,15,2,1,129,13,8
322905,0,1289,0,40,3,12,2,1,80,32,8
376336,0,1289,0,40,2,2,2,1,10,51,8
338766,0,1289,0,40,3,9,2,1,50,37,8
352088,0,1289,0,40,2,6,2,1,38,59,8
329802,0,1289,0,40,3,8,2,1,45,61,8
368884,0,1289,0,40,3,5,2,1,17,19,8
373620,0,1289,0,40,3,2,2,1,17,44,8
354256,0,1289,0,40,3,6,2,1,30,28,8
353853,1,1289,1286,32.1632,3,7,2,1,28,84,8
377251,0,1289,0,40,2,2,2,1,12,68,8
377066,0,1289,0,40,2,3,2,1,11,28,8
379402,0,1289,0,40,3,2,2,1,9,24,8
293376,1,1289,1252,40,2,16,2,1,88,51,8
367166,0,1289,0,40,2,3,2,1,25,63,8
344628,0,1289,0,40,2,8,2,1,47,64,8
347792,0,1289,0,40,2,7,2,1,44,53,8
359624,0,1289,0,40,3,5,2,1,31,45,8
369373,0,1289,0,40,3,3,2,1,23,19,8
341879,1,1289,1241,40,3,9,2,1,53,70,8
380477,0,1289,0,40,3,1,2,1,7,58,8
381079,0,1289,0,40,2,1,2,1,7,64,8
381638,0,1289,0,40,3,1,2,1,7,32,8
381782,0,1289,0,40,3,1,2,1,7,53,8
381922,0,1289,0,40,2,1,2,1,7,72,8
382078,0,1289,0,40,2,1,2,1,7,58,8
382445,0,1289,0,40,3,1,2,1,7,60,8
382475,0,1289,0,40,3,1,2,1,7,41,8
382573,0,1289,0,40,2,1,2,1,7,70,8
355978,0,1289,0,40,3,6,2,1,25,74,8
371262,0,1289,0,40,2,2,2,1,13,44,8
312576,0,1289,0,40,3,13,2,1,62,67,8
359065,0,1289,0,40,2,4,2,1,24,17,8
376998,0,1289,0,40,3,2,2,1,7,32,8
368116,0,1289,0,40,3,3,2,1,19,38,8
376270,0,1289,0,40,3,2,2,1,10,27,8
337529,1,1289,1275,40,2,9,2,1,67,35,8
354329,0,1289,0,40,3,4,2,1,37,57,8
346127,0,1289,0,40,3,9,2,1,47,58,8
330121,0,1289,0,40,2,3,2,1,28,92,8
371378,0,1289,0,40,2,4,2,1,11,35,8
355144,0,1289,0,40,2,4,2,1,35,17,8
360408,0,1289,0,40,3,6,2,1,27,18,8
377431,0,1289,0,40,2,2,2,1,10,79,8
360344,0,1289,0,40,2,6,2,1,25,48,8
374226,0,1289,0,40,3,3,2,1,13,31,8
371807,0,1289,0,40,2,2,2,1,18,15,8
351832,0,1289,0,40,2,7,2,1,36,27,8
352130,0,1289,0,40,3,9,2,1,27,38,8
357368,0,1289,0,40,3,6,2,1,31,41,8
332358,0,1289,0,40,3,12,2,1,76,29,8
337637,0,1289,0,40,2,12,2,1,63,91,8
361366,0,1289,0,40,2,6,2,1,26,64,8
356247,0,1289,0,40,2,6,2,1,31,37,8
366924,0,1289,0,40,2,5,2,1,15,74,8
377995,0,1289,0,40,3,2,2,1,8,35,8
364942,0,1289,0,40,2,5,2,1,18,25,8
372650,0,1289,0,40,3,3,2,1,13,29,8
363161,1,1289,1286,21.8121,3,4,2,1,29,10,8
361889,0,1289,0,40,2,4,2,1,30,38,8
341070,1,1289,1231,40,2,9,2,1,48,24,8
343243,0,1289,0,40,3,10,2,1,49,99,8
337360,0,1289,0,40,3,7,2,1,77,76,8
346806,0,1289,0,40,2,8,2,1,46,59,8
380629,0,1289,0,40,3,1,2,1,6,49,8
382044,0,1289,0,40,3,1,2,1,6,28,8
382492,0,1289,0,40,2,1,2,1,6,12,8
382739,0,1289,0,40,3,1,2,1,6,38,8
382921,0,1289,0,40,2,1,2,1,6,71,8
371237,0,1289,0,40,2,2,2,1,13,23,8
376271,0,1289,0,40,3,2,2,1,9,46,8
337870,0,1289,0,40,3,9,2,1,55,58,8
361565,0,1289,0,40,2,5,2,1,26,46,8
331929,0,1289,0,40,3,14,2,1,67,28,8
353919,0,1289,0,40,3,5,2,1,35,39,8
365394,1,1289,1276,40,2,4,2,1,20,33,8
326558,0,1289,0,40,2,9,2,1,44,40,8
341537,0,1289,0,40,3,10,2,1,40,27,8
359363,0,1289,0,40,2,6,2,1,21,45,8
345470,0,1289,0,40,2,10,2,1,39,22,8
374502,1,1289,1269,33.6552,3,3,2,1,8,56,8
373705,0,1289,0,40,3,3,2,1,14,27,8
350305,0,1289,0,40,3,8,2,1,24,31,8
362417,0,1289,0,40,2,3,2,1,28,63,8
351189,0,1289,0,40,3,7,2,1,36,41,8
377852,0,1289,0,40,2,2,2,1,10,54,8
359178,0,1289,0,40,3,6,2,1,26,32,8
376736,0,1289,0,40,3,2,2,1,9,51,8
378993,0,1289,0,40,3,2,2,1,8,38,8
357261,0,1289,0,40,3,6,2,1,27,89,8
380288,0,1289,0,40,3,2,2,1,6,17,8
360983,0,1289,0,40,2,4,2,1,30,43,8
336813,0,1289,0,40,3,8,2,1,63,57,8
376778,0,1289,0,40,3,2,2,1,12,51,8
345682,0,1289,0,40,3,8,2,1,48,81,8
380144,0,1289,0,40,2,2,2,1,7,11,8
327455,0,1289,0,40,3,11,2,1,57,15,8
376861,0,1289,0,40,2,2,2,1,14,14,8
375343,0,1289,0,40,2,2,2,1,13,24,8
325068,0,1289,0,40,3,13,2,1,80,31,8
374254,0,1289,0,40,3,3,2,1,13,19,8
378689,0,1289,0,40,2,2,2,1,10,29,8
358258,0,1289,0,40,2,5,2,1,27,68,8
369315,0,1289,0,40,2,4,2,1,14,32,8
350943,0,1289,0,40,2,7,2,1,33,64,8
368719,0,1289,0,40,3,3,2,1,18,12,8
375497,0,1289,0,40,3,2,2,1,15,34,8
358485,0,1289,0,40,3,3,2,1,41,37,8
372114,0,1289,0,40,2,4,2,1,19,50,8
379019,0,1289,0,40,2,2,2,1,11,22,8
358110,0,1289,0,40,3,7,2,1,28,35,8
349189,0,1289,0,40,3,5,2,1,58,47,8
350609,0,1289,0,40,2,8,2,1,35,40,8
355129,0,1289,0,40,3,7,2,1,35,31,8
378702,0,1289,0,40,3,2,2,1,12,55,8
379247,0,1289,0,40,2,1,2,1,5,41,8
380967,0,1289,0,40,3,1,2,1,5,22,8
382378,0,1289,0,40,3,1,2,1,5,19,8
382530,0,1289,0,40,2,1,2,1,5,39,8
382786,0,1289,0,40,2,1,2,1,5,58,8
382810,0,1289,0,40,3,1,2,1,5,86,8
382830,0,1289,0,40,3,1,2,1,5,47,8
383218,0,1289,0,40,3,1,2,1,5,68,8
383414,0,1289,0,40,2,1,2,1,5,39,8
383530,0,1289,0,40,2,1,2,1,5,97,8
383648,0,1289,0,40,3,1,2,1,5,67,8
383764,0,1289,0,40,3,1,2,1,5,25,8
373973,0,1289,0,40,2,2,2,1,12,42,8
351797,0,1289,0,40,3,8,2,1,31,81,8
349992,0,1289,0,40,3,7,2,1,35,53,8
371407,0,1289,0,40,2,3,2,1,14,38,8
373370,0,1289,0,40,3,3,2,1,9,40,8
363935,0,1289,0,40,3,4,2,1,18,20,8
377153,1,1289,1277,40,2,2,2,1,8,46,8
322936,0,1289,0,40,3,9,2,1,52,44,8
365622,0,1289,0,40,3,3,2,1,24,20,8
361357,0,1289,0,40,2,4,2,1,32,25,8
353749,0,1289,0,40,3,6,2,1,39,45,8
362405,0,1289,0,40,2,5,2,1,22,51,8
342506,0,1289,0,40,3,9,2,1,47,31,8
380198,0,1289,0,40,2,2,2,1,5,82,8
368295,0,1289,0,40,2,3,2,1,18,28,8
362174,0,1289,0,40,2,5,2,1,27,30,8
379478,0,1289,0,40,3,2,2,1,7,42,8
355708,0,1289,0,40,3,6,2,1,22,37,8
362079,0,1289,0,40,3,6,2,1,21,45,8
348365,0,1289,0,40,3,5,2,1,51,97,8
322669,0,1289,0,40,3,9,2,1,68,52,8
377496,0,1289,0,40,2,2,2,1,12,40,8
369169,0,1289,0,40,3,5,2,1,18,35,8
347097,0,1289,0,40,3,9,2,1,38,36,8
354869,0,1289,0,40,2,8,2,1,28,40,8
352521,0,1289,0,40,2,7,2,1,28,27,8
370442,0,1289,0,40,3,4,2,1,14,24,8
369655,0,1289,0,40,3,4,2,1,13,40,8
364673,0,1289,0,40,2,5,2,1,19,30,8
335164,0,1289,0,40,2,12,2,1,59,55,8
377243,1,1289,1286,33.1408,2,2,2,1,12,60,8
335584,0,1289,0,40,3,13,2,1,61,51,8
361368,0,1289,0,40,3,6,2,1,18,85,8
353219,0,1289,0,40,3,5,2,1,34,33,8
358628,0,1289,0,40,2,6,2,1,26,51,8
365959,0,1289,0,40,2,4,2,1,22,42,8
328184,0,1289,0,40,2,7,2,1,25,38,8
365935,0,1289,0,40,3,5,2,1,15,30,8
370180,0,1289,0,40,3,5,2,1,9,38,8
380721,0,1289,0,40,2,2,2,1,5,72,8
337674,0,1289,0,40,2,9,2,1,60,83,8
376668,0,1289,0,40,3,2,2,1,13,61,8
350748,0,1289,0,40,3,7,2,1,47,52,8
353237,0,1289,0,40,3,8,2,1,31,26,8
337478,0,1289,0,40,3,10,2,1,71,50,8
334416,0,1289,0,40,3,11,2,1,71,25,8
366799,0,1289,0,40,3,4,2,1,29,21,8
381485,0,1289,0,40,2,2,2,1,7,41,8
356831,0,1289,0,40,3,6,2,1,33,48,8
349841,0,1289,0,40,2,9,2,1,45,51,8
381772,0,1289,0,40,3,1,2,1,4,49,8
381888,0,1289,0,40,2,1,2,1,4,64,8
382868,0,1289,0,40,2,1,2,1,4,18,8
383108,0,1289,0,40,3,1,2,1,4,43,8
383355,0,1289,0,40,3,1,2,1,4,63,8
383767,0,1289,0,40,3,1,2,1,4,55,8
383815,0,1289,0,40,3,1,2,1,4,55,8
384154,0,1289,0,40,3,1,2,1,4,30,8
384178,0,1289,0,40,3,1,2,1,4,62,8
384214,0,1289,0,40,2,1,2,1,4,26,8
384232,0,1289,0,40,2,1,2,1,4,60,8
384336,0,1289,0,40,2,1,2,1,4,38,8
384406,0,1289,0,40,3,1,2,1,4,80,8
364212,0,1289,0,40,2,5,2,1,18,86,8
376354,0,1289,0,40,2,2,2,1,5,23,8
345074,0,1289,0,40,2,9,2,1,28,30,8
376466,0,1289,0,40,3,2,2,1,7,23,8
368461,1,1289,1267,40,3,4,2,1,13,44,8
364087,0,1289,0,40,2,4,2,1,18,52,8
378159,0,1289,0,40,3,2,2,1,5,56,8
352682,0,1289,0,40,3,7,2,1,34,29,8
338775,0,1289,0,40,3,9,2,1,56,47,8
363214,0,1289,0,40,3,4,2,1,22,33,8
372421,0,1289,0,40,2,3,2,1,8,58,8
343898,0,1289,0,40,2,8,2,1,39,72,8
368512,1,1289,1279,24.2595,3,3,2,1,21,85,8
356612,0,1289,0,40,2,6,2,1,28,32,8
365694,0,1289,0,40,3,6,2,1,12,55,8
379315,0,1289,0,40,3,2,2,1,4,58,8
355950,0,1289,0,40,3,6,2,1,36,54,8
347636,0,1289,0,40,2,5,2,1,49,27,8
364701,0,1289,0,40,3,4,2,1,19,41,8
376298,0,1289,0,40,2,2,2,1,12,54,8
328169,0,1289,0,40,2,9,2,1,67,48,8
379085,0,1289,0,40,3,2,2,1,8,29,8
331455,0,1289,0,40,3,11,2,1,82,84,8
369994,0,1289,0,40,2,4,2,1,12,52,8
349247,0,1289,0,40,2,7,2,1,40,15,8
348721,0,1289,0,40,3,7,2,1,43,16,8
325825,0,1289,0,40,3,7,2,1,42,52,8
356227,0,1289,0,40,2,6,2,1,33,43,8
354594,1,1289,1286,26.1929,3,5,2,1,40,34,8
376067,0,1289,0,40,2,2,2,1,14,63,8
346192,0,1289,0,40,2,9,2,1,47,11,8
360766,0,1289,0,40,2,5,2,1,28,43,8
379411,0,1289,0,40,2,2,2,1,6,40,8
368900,0,1289,0,40,2,5,2,1,11,64,8
366105,0,1289,0,40,3,4,2,1,20,45,8
327220,0,1289,0,40,3,8,2,1,38,45,8
367135,0,1289,0,40,3,4,2,1,21,28,8
362967,0,1289,0,40,2,2,2,1,33,27,8
346865,0,1289,0,40,3,7,2,1,46,96,8
369396,0,1289,0,40,2,3,2,1,21,41,8
368124,0,1289,0,40,3,4,2,1,24,73,8
343307,0,1289,0,40,3,8,2,1,45,34,8
380002,0,1289,0,40,2,2,2,1,8,38,8
348043,0,1289,0,40,3,8,2,1,38,10,8
380103,0,1289,0,40,2,2,2,1,5,23,8
381059,0,1289,0,40,2,2,2,1,4,21,8
356291,0,1289,0,40,2,4,2,1,39,30,8
368829,0,1289,0,40,3,3,2,1,20,62,8
370975,0,1289,0,40,3,4,2,1,18,41,8
343132,0,1289,0,40,2,8,2,1,53,50,8
370424,0,1289,0,40,3,4,2,1,14,35,8
345361,0,1289,0,40,2,7,2,1,53,58,8
380912,0,1289,0,40,3,2,2,1,8,20,8
380447,0,1289,0,40,2,2,2,1,7,30,8
358462,0,1289,0,40,2,5,2,1,34,61,8
366662,1,1289,1286,22.4407,3,5,2,1,19,31,8
338822,0,1289,0,40,3,9,2,1,65,42,8
376305,0,1289,0,40,3,3,2,1,12,25,8
367226,0,1289,0,40,2,4,2,1,21,69,8
348788,0,1289,0,40,3,9,2,1,41,33,8
338185,0,1289,0,40,2,10,2,1,61,40,8
383065,0,1289,0,40,3,2,2,1,6,27,8
382064,0,1289,0,40,2,1,2,1,3,62,8
383176,0,1289,0,40,3,1,2,1,3,57,8
383821,1,1289,1286,30.9773,2,1,2,1,3,28,8
383959,0,1289,0,40,2,1,2,1,3,44,8
384039,0,1289,0,40,3,1,2,1,3,36,8
384083,0,1289,0,40,2,1,2,1,3,53,8
384175,0,1289,0,40,3,1,2,1,3,55,8
384275,0,1289,0,40,3,1,2,1,3,74,8
384453,0,1289,0,40,2,1,2,1,3,49,8
384489,0,1289,0,40,3,1,2,1,3,22,8
384629,0,1289,0,40,2,1,2,1,3,25,8
384691,0,1289,0,40,2,1,2,1,3,59,8
384733,0,1289,0,40,2,1,2,1,3,47,8
384789,0,1289,0,40,3,1,2,1,3,67,8
384825,0,1289,0,40,3,1,2,1,3,53,8
384869,0,1289,0,40,3,1,2,1,3,30,8
384917,0,1289,0,40,3,1,2,1,3,19,8
359594,0,1289,0,40,3,1,2,1,47,39,8
369270,0,1289,0,40,3,1,2,1,31,53,8
312287,0,1289,0,40,2,9,2,1,107,47,8
365767,0,1289,0,40,3,3,2,1,31,27,8
362712,0,1289,0,40,3,3,2,1,27,54,8
367338,0,1289,0,40,2,2,2,1,29,92,8
352526,0,1289,0,40,3,6,2,1,39,17,8
357212,0,1289,0,40,3,4,2,1,35,22,8
359919,0,1289,0,40,3,5,2,1,37,26,8
375172,0,1289,0,40,3,1,2,1,20,54,8
357994,0,1289,0,40,3,5,2,1,34,20,8
351088,0,1289,0,40,2,5,2,1,42,25,8
376627,0,1289,0,40,2,1,2,1,18,76,8
367424,0,1289,0,40,2,3,2,1,24,42,8
356312,0,1289,0,40,3,5,2,1,34,26,8
329902,0,1289,0,40,3,12,2,1,90,103,8
353345,1,1289,1262,40,3,6,2,1,42,60,8
352565,0,1289,0,40,3,6,2,1,39,38,8
376600,0,1289,0,40,2,1,2,1,16,39,8
377185,0,1289,0,40,2,1,2,1,16,42,8
356248,0,1289,0,40,3,4,2,1,29,49,8
351663,0,1289,0,40,3,5,2,1,42,15,8
365271,0,1289,0,40,3,3,2,1,20,20,8
362990,0,1289,0,40,2,4,2,1,31,18,8
376436,0,1289,0,40,3,1,2,1,15,23,8
377929,0,1289,0,40,3,1,2,1,15,34,8
370763,0,1289,0,40,3,2,2,1,21,31,8
359126,0,1289,0,40,2,4,2,1,33,61,8
366493,0,1289,0,40,2,3,2,1,24,37,8
373649,0,1289,0,40,3,2,2,1,19,41,8
371949,0,1289,0,40,3,3,2,1,21,69,8
343425,0,1289,0,40,3,6,2,1,47,70,8
350417,0,1289,0,40,2,5,2,1,47,103,8
336524,0,1289,0,40,3,11,2,1,61,26,8
347964,0,1289,0,40,3,5,2,1,60,15,8
367701,0,1289,0,40,2,4,2,1,25,56,8
362600,0,1289,0,40,3,4,2,1,23,34,8
353173,0,1289,0,40,3,6,2,1,33,30,8
362023,0,1289,0,40,3,5,2,1,30,35,8
354967,1,1289,1273,30.3123,3,6,2,1,41,34,8
351919,0,1289,0,40,3,9,2,1,29,76,8
374137,0,1289,0,40,2,2,2,1,20,38,8
375311,0,1289,0,40,2,2,2,1,15,66,8
379556,0,1289,0,40,2,1,2,1,13,69,8
363937,0,1289,0,40,2,4,2,1,26,18,8
359377,0,1289,0,40,2,4,2,1,34,54,8
360310,0,1289,0,40,3,5,2,1,29,60,8
374827,0,1289,0,40,3,2,2,1,15,88,8
336697,0,1289,0,40,3,11,2,1,49,86,8
351136,0,1289,0,40,2,7,2,1,36,48,8
379241,0,1289,0,40,3,1,2,1,12,49,8
379705,0,1289,0,40,3,1,2,1,12,25,8
380326,0,1289,0,40,2,1,2,1,12,20,8
327593,0,1289,0,40,2,8,2,1,47,28,8
366246,1,1289,1287,40,2,4,2,1,26,63,8
345302,0,1289,0,40,3,7,2,1,49,48,8
376983,0,1289,0,40,3,2,2,1,12,35,8
364723,0,1289,0,40,2,5,2,1,26,45,8
343767,0,1289,0,40,2,8,2,1,45,65,8
364116,0,1289,0,40,3,4,2,1,28,23,8
373430,0,1289,0,40,2,2,2,1,15,77,8
372437,0,1289,0,40,2,2,2,1,15,22,8
367294,0,1289,0,40,3,4,2,1,18,26,8
360832,0,1289,0,40,3,4,2,1,31,8,8
332656,0,1289,0,40,2,11,2,1,69,30,8
369278,0,1289,0,40,2,3,2,1,18,55,8
351839,0,1289,0,40,2,6,2,1,40,75,8
346453,0,1289,0,40,3,8,2,1,51,58,8
358739,0,1289,0,40,3,6,2,1,24,44,8
359808,0,1289,0,40,3,4,2,1,33,64,8
347244,1,1289,1276,22.5534,3,7,2,1,39,18,8
364222,0,1289,0,40,2,4,2,1,24,18,8
362836,0,1289,0,40,2,5,2,1,26,30,8
378141,0,1289,0,40,3,2,2,1,11,22,8
380928,0,1289,0,40,2,1,2,1,10,33,8
381106,0,1289,0,40,3,1,2,1,10,36,8
357056,0,1289,0,40,2,4,2,1,31,71,8
356526,0,1289,0,40,3,4,2,1,30,60,8
372189,0,1289,0,40,3,2,2,1,17,20,8
374936,1,1289,1287,40,2,2,2,1,13,29,8
358872,0,1289,0,40,3,5,2,1,33,24,8
363449,0,1289,0,40,2,3,2,1,33,44,8
368176,0,1289,0,40,3,3,2,1,23,59,8
363692,0,1289,0,40,2,5,2,1,22,30,8
369846,0,1289,0,40,3,3,2,1,17,21,8
354673,0,1289,0,40,3,7,2,1,29,39,8
349819,0,1289,0,40,2,5,2,1,41,39,8
324421,0,1289,0,40,2,9,2,1,69,39,8
370345,0,1289,0,40,2,3,2,1,20,51,8
348625,0,1289,0,40,3,8,2,1,44,28,8
376786,0,1289,0,40,3,2,2,1,14,43,8
377729,0,1289,0,40,2,2,2,1,12,26,8
355147,0,1289,0,40,3,5,2,1,41,32,8
371052,0,1289,0,40,2,3,2,1,21,31,8
367600,1,1289,1263,40,3,4,2,1,22,35,8
360284,0,1289,0,40,3,6,2,1,23,30,8
381153,0,1289,0,40,3,1,2,1,9,11,8
381569,0,1289,0,40,2,1,2,1,9,23,8
381665,0,1289,0,40,3,1,2,1,9,61,8
381771,0,1289,0,40,2,1,2,1,9,48,8
382045,0,1289,0,40,3,1,2,1,9,48,8
371866,0,1289,0,40,3,3,2,1,14,136,8
376657,0,1289,0,40,3,2,2,1,11,41,8
376748,0,1289,0,40,2,2,2,1,10,112,8
370075,0,1289,0,40,3,2,2,1,24,17,8
371745,0,1289,0,40,3,2,2,1,20,55,8
354190,0,1289,0,40,3,5,2,1,44,28,8
350197,0,1289,0,40,2,6,2,1,51,78,8
360914,0,1289,0,40,3,5,2,1,34,69,8
376558,0,1289,0,40,2,2,2,1,14,46,8
378065,0,1289,0,40,3,2,2,1,13,45,8
374013,0,1289,0,40,3,3,2,1,13,49,8
343716,0,1289,0,40,2,8,2,1,56,18,8
360919,1,1289,1281,20.6762,3,5,2,1,30,24,8
380445,0,1289,0,40,2,1,2,1,8,53,8
381431,0,1289,0,40,3,1,2,1,8,10,8
381550,0,1289,0,40,3,1,2,1,8,75,8
382455,0,1289,0,40,3,1,2,1,8,33,8
374938,0,1289,0,40,2,2,2,1,8,48,8
360201,0,1289,0,40,3,6,2,1,21,97,8
376749,0,1289,0,40,3,2,2,1,9,30,8
362275,0,1289,0,40,2,4,2,1,21,25,8
339007,0,1289,0,40,2,11,2,1,46,67,8
340033,0,1289,0,40,3,9,2,1,62,27,8
341160,0,1289,0,40,2,9,2,1,37,56,8
336776,0,1289,0,40,2,9,2,1,62,73,8
330502,0,1289,0,40,2,15,2,1,73,33,8
352390,0,1289,0,40,3,6,2,1,42,36,8
347772,0,1289,0,40,3,10,2,1,37,33,8
379021,0,1289,0,40,2,2,2,1,9,11,8
339215,0,1289,0,40,2,10,2,1,54,42,8
346601,0,1289,0,40,3,10,2,1,47,38,8
379158,0,1289,0,40,2,2,2,1,9,38,8
368605,0,1289,0,40,3,3,2,1,22,39,8
373127,0,1289,0,40,3,3,2,1,14,31,8
371719,0,1289,0,40,2,4,2,1,15,37,8
372013,0,1289,0,40,2,3,2,1,11,61,8
333769,0,1289,0,40,2,12,2,1,62,43,8
345362,0,1289,0,40,2,9,2,1,40,74,8
327372,0,1289,0,40,3,9,2,1,42,32,8
338742,0,1289,0,40,3,11,2,1,55,65,8
365990,0,1289,0,40,3,4,2,1,26,48,8
370166,0,1289,0,40,3,4,2,1,17,58,8
379751,0,1289,0,40,3,1,2,1,7,27,8
382456,0,1289,0,40,3,1,2,1,7,18,8
382695,0,1289,0,40,3,1,2,1,7,30,8
383019,0,1289,0,40,3,1,2,1,7,31,8
383141,0,1289,0,40,2,1,2,1,7,38,8
383203,0,1289,0,40,3,1,2,1,7,104,8
327526,0,1289,0,40,3,9,2,1,50,49,8
330232,0,1289,0,40,3,8,2,1,47,38,8
351674,0,1289,0,40,3,7,2,1,39,14,8
358776,0,1289,0,40,2,5,2,1,32,45,8
376990,0,1289,0,40,3,2,2,1,11,75,8
340989,0,1289,0,40,2,11,2,1,44,68,8
369851,0,1289,0,40,2,3,2,1,20,25,8
330395,0,1289,0,40,2,10,2,1,71,18,8
376438,0,1289,0,40,3,2,2,1,12,49,8
345027,0,1289,0,40,3,9,2,1,48,36,8
366852,0,1289,0,40,2,5,2,1,19,42,8
357870,0,1289,0,40,3,5,2,1,34,50,8
379118,0,1289,0,40,3,2,2,1,8,57,8
365068,0,1289,0,40,3,5,2,1,19,33,8
343657,0,1289,0,40,2,9,2,1,54,29,8
349983,0,1289,0,40,3,8,2,1,28,25,8
377523,0,1289,0,40,3,2,2,1,12,81,8
378569,0,1289,0,40,2,2,2,1,9,39,8
379500,0,1289,0,40,2,2,2,1,10,44,8
334280,0,1289,0,40,2,13,2,1,63,41,8
335629,0,1289,0,40,3,13,2,1,56,30,8
380818,0,1289,0,40,2,2,2,1,8,39,8
350555,0,1289,0,40,3,10,2,1,37,34,8
363696,0,1289,0,40,3,4,2,1,31,54,8
376511,0,1289,0,40,3,2,2,1,16,38,8
355202,0,1289,0,40,3,4,2,1,26,36,8
371840,0,1289,0,40,3,5,2,1,18,37,8
377175,0,1289,0,40,3,2,2,1,12,83,8
380364,0,1289,0,40,3,2,2,1,9,71,8
370475,0,1289,0,40,2,5,2,1,17,36,8
356445,0,1289,0,40,3,8,2,1,32,44,8
325629,0,1289,0,40,3,8,2,1,54,7,8
381668,0,1289,0,40,2,1,2,1,6,37,8
382008,0,1289,0,40,3,1,2,1,6,50,8
382714,0,1289,0,40,3,1,2,1,6,26,8
383142,0,1289,0,40,3,1,2,1,6,18,8
383460,0,1289,0,40,2,1,2,1,6,38,8
383742,0,1289,0,40,3,1,2,1,6,50,8
361618,0,1289,0,40,3,4,2,1,23,21,8
326555,0,1289,0,40,3,4,2,1,44,44,8
326223,0,1289,0,40,2,8,2,1,48,46,8
370831,0,1289,0,40,2,3,2,1,14,54,8
362377,0,1289,0,40,3,3,2,1,23,27,8
378282,0,1289,0,40,3,2,2,1,9,25,8
373959,0,1289,0,40,3,3,2,1,9,46,8
362790,0,1289,0,40,3,3,2,1,27,38,8
365412,0,1289,0,40,2,3,2,1,26,32,8
378275,0,1289,0,40,3,2,2,1,9,8,8
363060,0,1289,0,40,2,5,2,1,21,41,8
379665,0,1289,0,40,2,2,2,1,7,34,8
344727,0,1289,0,40,3,8,2,1,49,30,8
330494,1,1289,1280,40,2,15,2,1,67,46,8
369304,0,1289,0,40,3,4,2,1,17,14,8
335579,0,1289,0,40,3,10,2,1,71,43,8
339261,0,1289,0,40,3,11,2,1,47,66,8
329818,0,1289,0,40,2,7,2,1,28,57,8
367145,0,1289,0,40,3,4,2,1,20,64,8
370832,0,1289,0,40,2,5,2,1,14,27,8
373460,0,1289,0,40,2,2,2,1,19,31,8
358984,0,1289,0,40,3,5,2,1,24,50,8
331463,0,1289,0,40,2,11,2,1,77,78,8
351931,0,1289,0,40,3,7,2,1,46,12,8
328370,0,1289,0,40,3,8,2,1,47,27,8
368897,0,1289,0,40,2,4,2,1,18,35,8
367788,0,1289,0,40,3,6,2,1,16,43,8
381729,0,1289,0,40,2,2,2,1,7,65,8
355934,0,1289,0,40,3,7,2,1,21,51,8
382233,0,1289,0,40,2,2,2,1,6,22,8
359870,1,1289,1287,21.8345,3,6,2,1,32,19,8
340021,0,1289,0,40,2,12,2,1,54,20,8
365165,0,1289,0,40,2,6,2,1,18,13,8
380645,0,1289,0,40,2,1,2,1,5,48,8
383231,0,1289,0,40,3,1,2,1,5,59,8
383291,0,1289,0,40,3,1,2,1,5,48,8
383647,0,1289,0,40,2,1,2,1,5,58,8
383834,0,1289,0,40,3,1,2,1,5,53,8
383862,0,1289,0,40,3,1,2,1,5,17,8
384004,0,1289,0,40,2,1,2,1,5,34,8
364869,0,1289,0,40,3,4,2,1,14,49,8
351750,0,1289,0,40,3,6,2,1,39,67,8
362208,0,1289,0,40,3,4,2,1,26,77,8
344884,0,1289,0,40,2,7,2,1,45,28,8
352638,0,1289,0,40,3,7,2,1,35,72,8
353812,0,1289,0,40,2,5,2,1,37,54,8
379770,0,1289,0,40,2,2,2,1,5,45,8
360402,0,1289,0,40,3,5,2,1,15,53,8
321411,0,1289,0,40,2,10,2,1,51,39,8
332508,0,1289,0,40,2,13,2,1,72,46,8
353081,0,1289,0,40,3,7,2,1,31,58,8
354465,0,1289,0,40,2,5,2,1,38,50,8
376883,0,1289,0,40,3,2,2,1,13,57,8
369767,0,1289,0,40,2,4,2,1,16,44,8
339228,0,1289,0,40,3,10,2,1,59,15,8
331577,0,1289,0,40,2,10,2,1,79,18,8
370184,0,1289,0,40,2,4,2,1,14,32,8
380610,0,1289,0,40,2,2,2,1,6,40,8
350288,0,1289,0,40,3,6,2,1,47,35,8
353872,0,1289,0,40,2,5,2,1,43,15,8
352892,0,1289,0,40,2,8,2,1,24,44,8
333199,0,1289,0,40,2,12,2,1,57,68,8
350640,0,1289,0,40,3,9,2,1,27,58,8
337554,0,1289,0,40,2,13,2,1,37,87,8
326433,0,1289,0,40,3,8,2,1,34,40,8
371808,0,1289,0,40,2,4,2,1,15,42,8
374544,0,1289,0,40,3,3,2,1,6,29,8
359943,0,1289,0,40,2,6,2,1,28,100,8
376113,0,1289,0,40,2,2,2,1,16,33,8
361035,0,1289,0,40,2,6,2,1,26,33,8
343466,0,1289,0,40,2,11,2,1,41,42,8
365771,0,1289,0,40,2,5,2,1,21,22,8
374127,0,1289,0,40,2,4,2,1,11,36,8
370585,0,1289,0,40,2,4,2,1,21,26,8
358267,0,1289,0,40,3,7,2,1,35,52,8
375369,0,1289,0,40,3,4,2,1,10,22,8
382267,0,1289,0,40,3,2,2,1,6,53,8
380173,1,1289,1284,39.2892,2,2,2,1,10,89,8
359985,0,1289,0,40,2,6,2,1,26,16,8
329581,0,1289,0,40,3,12,2,1,90,43,8
383669,0,1289,0,40,3,1,2,1,4,54,8
383995,0,1289,0,40,3,1,2,1,4,36,8
384019,0,1289,0,40,2,1,2,1,4,10,8
384187,0,1289,0,40,2,1,2,1,4,66,8
384835,0,1289,0,40,3,1,2,1,4,19,8
384923,0,1289,0,40,3,1,2,1,4,28,8
384969,0,1289,0,40,2,1,2,1,4,15,8
378771,0,1289,0,40,2,2,2,1,4,39,8
350195,0,1289,0,40,3,7,2,1,40,82,8
349672,0,1289,0,40,3,7,2,1,34,58,8
347518,0,1289,0,40,2,7,2,1,44,17,8
356006,0,1289,0,40,3,4,2,1,34,67,8
350351,0,1289,0,40,2,5,2,1,49,33,8
317661,0,1289,0,40,3,17,2,1,91,66,8
357548,0,1289,0,40,3,6,2,1,21,57,8
362422,0,1289,0,40,3,5,2,1,26,62,8
363137,0,1289,0,40,2,4,2,1,22,29,8
377070,1,1289,1287,39.7662,2,3,2,1,7,37,8
365733,0,1289,0,40,2,6,2,1,21,32,8
370899,0,1289,0,40,3,3,2,1,18,47,8
338298,0,1289,0,40,3,5,2,1,77,46,8
380642,0,1289,0,40,3,2,2,1,6,51,8
371621,0,1289,0,40,3,4,2,1,13,33,8
360299,0,1289,0,40,2,5,2,1,33,49,8
354173,0,1289,0,40,3,6,2,1,36,36,8
330180,1,1289,1287,36.8699,2,8,2,1,50,43,8
327803,0,1289,0,40,3,12,2,1,54,42,8
367270,0,1289,0,40,3,4,2,1,22,44,8
362620,0,1289,0,40,2,6,2,1,23,36,8
357508,0,1289,0,40,3,6,2,1,36,60,8
380142,0,1289,0,40,3,2,2,1,8,37,8
373174,0,1289,0,40,2,3,2,1,11,149,8
359012,0,1289,0,40,2,8,2,1,19,75,8
371838,0,1289,0,40,2,4,2,1,9,35,8
381758,0,1289,0,40,3,2,2,1,4,50,8
374311,0,1289,0,40,3,3,2,1,12,51,8
380431,0,1289,0,40,2,2,2,1,7,39,8
376172,0,1289,0,40,3,3,2,1,10,30,8
367302,1,1289,1284,33.954,2,3,2,1,30,17,8
379562,0,1289,0,40,2,2,2,1,11,35,8
363280,0,1289,0,40,2,5,2,1,32,46,8
362171,0,1289,0,40,2,5,2,1,21,46,8
381551,1,1289,1284,34.4284,2,2,2,1,7,102,8
373756,0,1289,0,40,3,4,2,1,14,40,8
359723,0,1289,0,40,2,7,2,1,36,40,8
381644,0,1289,0,40,3,2,2,1,4,27,8
346667,0,1289,0,40,2,9,2,1,39,47,8
383008,0,1289,0,40,3,1,2,1,3,64,8
383309,0,1289,0,40,3,1,2,1,3,28,8
384329,0,1289,0,40,2,1,2,1,3,56,8
384568,0,1289,0,40,3,1,2,1,3,26,8
384612,0,1289,0,40,2,1,2,1,3,29,8
384668,0,1289,0,40,2,1,2,1,3,39,8
384856,0,1289,0,40,3,1,2,1,3,72,8
384936,0,1289,0,40,3,1,2,1,3,47,8
385118,0,1289,0,40,3,1,2,1,3,11,8
385196,0,1289,0,40,2,1,2,1,3,39,8
385332,0,1289,0,40,3,1,2,1,3,47,8
385440,0,1289,0,40,3,1,2,1,3,37,8
385468,0,1289,0,40,2,1,2,1,3,20,8
370578,0,1289,0,40,3,1,2,1,27,41,8
337744,0,1289,0,40,3,8,2,1,72,18,8
337829,0,1289,0,40,2,9,2,1,59,38,8
367134,0,1289,0,40,2,4,2,1,30,117,8
376765,0,1289,0,40,2,1,2,1,19,77,8
355610,0,1289,0,40,3,6,2,1,38,22,8
377280,0,1289,0,40,3,1,2,1,18,44,8
368704,0,1289,0,40,3,3,2,1,23,24,8
345893,0,1289,0,40,2,5,2,1,55,16,8
332758,0,1289,0,40,3,7,2,1,91,30,8
354426,0,1289,0,40,2,4,2,1,43,48,8
352074,0,1289,0,40,2,7,2,1,42,37,8
365000,0,1289,0,40,2,4,2,1,30,27,8
336103,0,1289,0,40,3,7,2,1,76,56,8
361871,0,1289,0,40,3,3,2,1,34,17,8
337167,0,1289,0,40,2,9,2,1,65,19,8
366552,0,1289,0,40,2,3,2,1,29,47,8
327783,0,1289,0,40,2,7,2,1,62,39,8
359433,0,1289,0,40,3,6,2,1,37,51,8
328489,0,1289,0,40,3,8,2,1,48,30,8
377309,0,1289,0,40,3,1,2,1,14,41,8
378866,1,1289,1288,35.3646,2,1,2,1,14,22,8
379436,0,1289,0,40,2,1,2,1,14,46,8
337743,0,1289,0,40,2,8,2,1,70,19,8
366718,0,1289,0,40,2,4,2,1,24,24,8
351664,0,1289,0,40,2,6,2,1,45,42,8
344095,0,1289,0,40,3,7,2,1,41,49,8
372259,0,1289,0,40,2,2,2,1,22,25,8
343720,0,1289,0,40,3,8,2,1,56,103,8
342051,0,1289,0,40,3,9,2,1,51,61,8
380248,0,1289,0,40,2,1,2,1,13,21,8
370641,0,1289,0,40,3,2,2,1,23,72,8
367127,0,1289,0,40,2,4,2,1,22,35,8
349369,0,1289,0,40,2,7,2,1,38,46,8
347196,0,1289,0,40,3,6,2,1,59,34,8
360640,0,1289,0,40,2,5,2,1,39,21,8
379643,0,1289,0,40,2,1,2,1,12,88,8
367268,0,1289,0,40,2,4,2,1,31,41,8
324371,0,1289,0,40,2,9,2,1,87,18,8
350211,0,1289,0,40,2,9,2,1,29,39,8
337973,0,1289,0,40,3,10,2,1,56,39,8
349176,0,1289,0,40,2,7,2,1,38,53,8
360509,0,1289,0,40,2,7,2,1,30,29,8
375669,0,1289,0,40,3,3,2,1,14,11,8
381473,0,1289,0,40,2,1,2,1,10,102,8
375122,0,1289,0,40,2,2,2,1,13,43,8
368782,0,1289,0,40,3,4,2,1,22,45,8
282376,0,1289,0,40,3,17,2,1,123,35,8
381351,0,1289,0,40,3,1,2,1,9,27,8
381898,0,1289,0,40,3,1,2,1,9,46,8
368249,0,1289,0,40,3,3,2,1,23,31,8
377857,0,1289,0,40,3,2,2,1,10,43,8
330989,0,1289,0,40,2,12,2,1,78,96,8
356271,0,1289,0,40,3,8,2,1,32,42,8
371668,1,1289,1279,38.1477,2,3,2,1,20,75,8
368780,0,1289,0,40,3,4,2,1,24,51,8
377555,0,1289,0,40,3,2,2,1,12,12,8
382256,0,1289,0,40,2,1,2,1,8,43,8
382384,0,1289,0,40,3,1,2,1,8,49,8
382823,0,1289,0,40,2,1,2,1,8,59,8
383101,0,1289,0,40,3,1,2,1,8,25,8
362024,0,1289,0,40,3,4,2,1,33,59,8
347624,0,1289,0,40,2,6,2,1,40,60,8
350389,0,1289,0,40,2,8,2,1,41,18,8
349301,0,1289,0,40,3,6,2,1,51,66,8
336985,0,1289,0,40,3,10,2,1,76,28,8
356505,0,1289,0,40,2,5,2,1,36,19,8
342465,0,1289,0,40,3,11,2,1,49,65,8
364079,0,1289,0,40,3,5,2,1,23,15,8
373622,0,1289,0,40,3,3,2,1,13,37,8
380078,0,1289,0,40,3,2,2,1,9,73,8
380750,0,1289,0,40,3,2,2,1,8,39,8
377225,0,1289,0,40,2,3,2,1,11,30,8
361451,0,1289,0,40,3,5,2,1,31,109,8
375384,0,1289,0,40,3,3,2,1,16,17,8
383698,0,1289,0,40,3,1,2,1,7,15,8
383816,1,1289,1288,37.7783,3,1,2,1,7,21,8
359291,0,1289,0,40,2,5,2,1,29,39,8
371069,0,1289,0,40,3,3,2,1,19,30,8
377828,0,1289,0,40,3,2,2,1,9,55,8
344360,0,1289,0,40,2,8,2,1,38,20,8
364451,0,1289,0,40,3,5,2,1,23,86,8
349911,0,1289,0,40,3,9,2,1,32,72,8
345556,0,1289,0,40,2,7,2,1,48,38,8
354903,1,1289,1238,40,3,7,2,1,33,40,8
372924,0,1289,0,40,3,3,2,1,18,10,8
325040,0,1289,0,40,2,9,2,1,60,58,8
341657,0,1289,0,40,2,10,2,1,40,59,8
363220,0,1289,0,40,3,7,2,1,27,30,8
382344,0,1289,0,40,3,2,2,1,7,31,8
384266,0,1289,0,40,3,1,2,1,6,24,8
384276,1,1289,1288,31.7633,2,1,2,1,6,36,8
353534,0,1289,0,40,3,6,2,1,33,49,8
354295,0,1289,0,40,3,7,2,1,35,49,8
360258,0,1289,0,40,3,6,2,1,26,27,8
375656,0,1289,0,40,2,2,2,1,16,33,8
351992,0,1289,0,40,3,8,2,1,34,49,8
376867,0,1289,0,40,2,3,2,1,9,39,8
363709,0,1289,0,40,2,5,2,1,23,36,8
376368,0,1289,0,40,2,2,2,1,13,45,8
372829,0,1289,0,40,3,3,2,1,13,41,8
336147,0,1289,0,40,2,9,2,1,63,16,8
372847,0,1289,0,40,2,3,2,1,17,70,8
382670,0,1289,0,40,3,1,2,1,5,30,8
382896,0,1289,0,40,3,1,2,1,5,24,8
383353,0,1289,0,40,2,1,2,1,5,24,8
384495,0,1289,0,40,2,1,2,1,5,54,8
384953,0,1289,0,40,2,1,2,1,5,41,8
365799,0,1289,0,40,2,4,2,1,17,47,8
376636,0,1289,0,40,3,2,2,1,9,79,8
368452,0,1289,0,40,3,3,2,1,21,53,8
377331,0,1289,0,40,3,2,2,1,10,45,8
373773,0,1289,0,40,2,3,2,1,14,32,8
330420,0,1289,0,40,2,9,2,1,54,16,8
338523,0,1289,0,40,2,9,2,1,52,39,8
366344,0,1289,0,40,2,4,2,1,19,29,8
372404,0,1289,0,40,2,3,2,1,15,46,8
378390,0,1289,0,40,2,2,2,1,11,41,8
371305,0,1289,0,40,3,4,2,1,11,27,8
357702,0,1289,0,40,2,7,2,1,33,2,8
374279,0,1289,0,40,3,3,2,1,16,38,8
348077,0,1289,0,40,3,10,2,1,31,33,8
369191,0,1289,0,40,2,4,2,1,18,39,8
324248,0,1289,0,40,2,9,2,1,66,36,8
324192,0,1289,0,40,2,12,2,1,77,51,8
375794,0,1289,0,40,2,2,2,1,16,33,8
379806,0,1289,0,40,3,2,2,1,10,34,8
382705,0,1289,0,40,2,2,2,1,5,19,8
326084,0,1289,0,40,2,9,2,1,58,55,8
352256,0,1289,0,40,3,7,2,1,39,41,8
366913,0,1289,0,40,3,6,2,1,20,6,8
349144,0,1289,0,40,2,8,2,1,43,61,8
380808,0,1289,0,40,3,3,2,1,10,47,8
350234,0,1289,0,40,3,7,2,1,45,32,8
384273,0,1289,0,40,3,1,2,1,4,48,8
384476,0,1289,0,40,2,1,2,1,4,39,8
384704,0,1289,0,40,2,1,2,1,4,101,8
365640,0,1289,0,40,2,3,2,1,16,65,8
348543,1,1289,1277,40,2,8,2,1,29,17,8
334031,0,1289,0,40,2,8,2,1,75,59,8
319163,0,1289,0,40,3,8,2,1,61,83,8
339672,1,1289,1239,40,2,7,2,1,70,17,8
352187,0,1289,0,40,2,5,2,1,33,43,8
369114,0,1289,0,40,2,6,2,1,20,48,8
373942,0,1289,0,40,2,4,2,1,11,41,8
359395,1,1289,1243,40,2,6,2,1,28,48,8
367155,0,1289,0,40,3,3,2,1,22,32,8
367469,0,1289,0,40,2,5,2,1,17,38,8
342103,0,1289,0,40,3,11,2,1,35,58,8
323975,0,1289,0,40,2,11,2,1,74,27,8
374055,0,1289,0,40,3,2,2,1,19,28,8
334103,0,1289,0,40,3,11,2,1,66,31,8
376638,1,1289,1288,40,2,2,2,1,14,78,8
370606,0,1289,0,40,2,3,2,1,15,68,8
371506,0,1289,0,40,3,5,2,1,11,47,8
372647,0,1289,0,40,3,3,2,1,13,52,8
380706,0,1289,0,40,3,2,2,1,10,29,8
366811,0,1289,0,40,3,3,2,1,26,49,8
373166,0,1289,0,40,2,4,2,1,15,21,8
345646,0,1289,0,40,3,11,2,1,47,35,8
385906,0,1289,0,40,2,1,2,1,3,43,8
386012,0,1289,0,40,2,1,2,1,3,15,8
290308,0,1289,0,40,3,11,2,1,112,19,8
376834,0,1289,0,40,3,1,2,1,19,22,8
333477,0,1289,0,40,2,11,2,1,66,33,8
365465,0,1289,0,40,3,3,2,1,31,78,8
359590,0,1289,0,40,3,4,2,1,26,29,8
316676,0,1289,0,40,3,13,2,1,83,55,8
349378,0,1289,0,40,3,8,2,1,46,59,8
373490,0,1289,0,40,3,2,2,1,16,53,8
357220,0,1289,0,40,3,4,2,1,41,37,8
340982,1,1289,1289,39.486,2,10,2,1,46,59,8
352960,0,1289,0,40,3,7,2,1,44,53,8
382644,2,1289,0,40,2,1,2,1,9,19,8
372314,0,1289,0,40,3,4,2,1,13,57,8
333892,1,1289,1243,40,3,9,2,1,86,54,8
381508,0,1289,0,40,2,1,2,1,8,27,8
380220,0,1289,0,40,3,2,2,1,7,60,8
375468,0,1289,0,40,2,3,2,1,13,19,8
373132,0,1289,0,40,2,2,2,1,24,30,8
384705,0,1289,0,40,2,1,2,1,6,46,8
379669,0,1289,0,40,2,2,2,1,6,27,8
373887,0,1289,0,40,2,3,2,1,15,35,8
324919,0,1289,0,40,3,6,2,1,41,44,8
343104,0,1289,0,40,2,7,2,1,53,77,8
369705,0,1289,0,40,3,5,2,1,24,33,8
341225,0,1289,0,40,3,10,2,1,45,45,8
368808,0,1289,0,40,2,4,2,1,23,41,8
385990,0,1289,0,40,3,1,2,1,4,34,8
336850,0,1289,0,40,3,12,2,1,55,18,8
348512,0,1289,0,40,2,8,2,1,37,49,8
359264,0,1289,0,40,3,6,2,1,28,30,8
372168,1,1289,1289,40,3,2,2,1,24,33,8
359478,0,1289,0,40,3,6,2,1,37,27,8
381014,0,1289,0,40,3,2,2,1,10,31,8
382430,0,1289,0,40,2,0,2,1,2,46,8
382824,0,1289,0,40,2,0,2,1,2,49,8
383269,0,1289,0,40,3,0,2,1,2,52,8
383397,0,1289,0,40,3,0,2,1,2,44,8
383465,0,1289,0,40,3,0,2,1,2,49,8
383593,0,1289,0,40,2,0,2,1,2,43,8
383697,0,1289,0,40,2,0,2,1,2,30,8
383861,0,1289,0,40,2,0,2,1,2,31,8
383941,0,1289,0,40,2,0,2,1,2,50,8
384005,0,1289,0,40,3,0,2,1,2,38,8
384069,0,1289,0,40,2,0,2,1,2,76,8
384133,0,1289,0,40,2,0,2,1,2,75,8
384197,0,1289,0,40,2,0,2,1,2,42,8
384293,0,1289,0,40,2,0,2,1,2,32,8
384357,0,1289,0,40,3,0,2,1,2,100,8
384421,0,1289,0,40,2,0,2,1,2,14,8
384462,0,1289,0,40,3,0,2,1,2,55,8
384494,0,1289,0,40,3,0,2,1,2,23,8
384526,0,1289,0,40,2,0,2,1,2,47,8
384558,0,1289,0,40,3,0,2,1,2,13,8
384590,0,1289,0,40,3,0,2,1,2,27,8
384622,0,1289,0,40,3,0,2,1,2,87,8
384654,0,1289,0,40,3,0,2,1,2,38,8
384686,0,1289,0,40,3,0,2,1,2,56,8
384718,0,1289,0,40,2,0,2,1,2,93,8
384750,0,1289,0,40,2,0,2,1,2,24,8
384782,0,1289,0,40,2,0,2,1,2,61,8
384814,0,1289,0,40,3,0,2,1,2,35,8
384846,0,1289,0,40,2,0,2,1,2,54,8
384878,0,1289,0,40,3,0,2,1,2,62,8
384910,0,1289,0,40,3,0,2,1,2,18,8
384942,0,1289,0,40,2,0,2,1,2,36,8
384974,0,1289,0,40,2,0,2,1,2,94,8
385006,0,1289,0,40,3,0,2,1,2,42,8
385023,0,1289,0,40,3,0,2,1,2,16,8
385039,0,1289,0,40,3,0,2,1,2,72,8
385055,0,1289,0,40,3,0,2,1,2,48,8
385071,0,1289,0,40,2,0,2,1,2,31,8
385087,0,1289,0,40,3,0,2,1,2,25,8
385103,0,1289,0,40,2,0,2,1,2,25,8
385119,0,1289,0,40,3,0,2,1,2,19,8
385135,0,1289,0,40,2,0,2,1,2,26,8
385151,0,1289,0,40,3,0,2,1,2,36,8
385167,0,1289,0,40,2,0,2,1,2,29,8
385183,0,1289,0,40,3,0,2,1,2,32,8
385199,0,1289,0,40,3,0,2,1,2,66,8
385215,0,1289,0,40,3,0,2,1,2,56,8
385231,0,1289,0,40,3,0,2,1,2,18,8
385247,0,1289,0,40,2,0,2,1,2,14,8
385263,0,1289,0,40,3,0,2,1,2,37,8
385279,0,1289,0,40,2,0,2,1,2,32,8
385295,0,1289,0,40,2,0,2,1,2,32,8
385311,0,1289,0,40,3,0,2,1,2,68,8
385327,0,1289,0,40,2,0,2,1,2,37,8
385343,0,1289,0,40,3,0,2,1,2,41,8
385359,0,1289,0,40,2,0,2,1,2,21,8
385375,0,1289,0,40,2,0,2,1,2,28,8
385391,0,1289,0,40,2,0,2,1,2,30,8
385407,0,1289,0,40,3,0,2,1,2,24,8
385423,0,1289,0,40,3,0,2,1,2,43,8
385439,0,1289,0,40,2,0,2,1,2,30,8
385455,0,1289,0,40,2,0,2,1,2,69,8
385471,0,1289,0,40,2,0,2,1,2,101,8
385487,0,1289,0,40,2,0,2,1,2,55,8
385503,0,1289,0,40,2,0,2,1,2,83,8
385519,0,1289,0,40,2,0,2,1,2,33,8
385535,0,1289,0,40,3,0,2,1,2,29,8
385551,0,1289,0,40,3,0,2,1,2,54,8
385567,0,1289,0,40,3,0,2,1,2,22,8
385581,0,1289,0,40,3,0,2,1,2,47,8
385589,0,1289,0,40,2,0,2,1,2,56,8
385597,0,1289,0,40,3,0,2,1,2,23,8
385605,0,1289,0,40,3,0,2,1,2,59,8
385613,0,1289,0,40,3,0,2,1,2,66,8
385621,0,1289,0,40,2,0,2,1,2,67,8
385629,0,1289,0,40,2,0,2,1,2,41,8
385637,0,1289,0,40,3,0,2,1,2,48,8
385645,0,1289,0,40,2,0,2,1,2,45,8
385653,0,1289,0,40,2,0,2,1,2,53,8
385661,0,1289,0,40,2,0,2,1,2,18,8
385669,0,1289,0,40,3,0,2,1,2,25,8
385677,0,1289,0,40,3,0,2,1,2,46,8
385685,0,1289,0,40,2,0,2,1,2,48,8
385693,0,1289,0,40,2,0,2,1,2,32,8
385701,0,1289,0,40,3,0,2,1,2,35,8
385709,0,1289,0,40,3,0,2,1,2,35,8
385717,0,1289,0,40,3,0,2,1,2,27,8
385725,0,1289,0,40,2,0,2,1,2,31,8
385733,0,1289,0,40,3,0,2,1,2,35,8
385741,0,1289,0,40,2,0,2,1,2,35,8
385749,0,1289,0,40,3,0,2,1,2,20,8
385757,0,1289,0,40,2,0,2,1,2,42,8
385765,0,1289,0,40,3,0,2,1,2,42,8
385773,0,1289,0,40,3,0,2,1,2,38,8
385781,0,1289,0,40,3,0,2,1,2,79,8
385789,0,1289,0,40,3,0,2,1,2,44,8
385797,0,1289,0,40,3,0,2,1,2,13,8
385805,0,1289,0,40,2,0,2,1,2,60,8
385813,0,1289,0,40,3,0,2,1,2,82,8
385821,0,1289,0,40,3,0,2,1,2,54,8
385829,0,1289,0,40,2,0,2,1,2,45,8
385837,0,1289,0,40,2,0,2,1,2,69,8
385845,0,1289,0,40,2,0,2,1,2,57,8
385853,0,1289,0,40,3,0,2,1,2,46,8
385861,0,1289,0,40,2,0,2,1,2,57,8
385869,0,1289,0,40,3,0,2,1,2,41,8
385877,0,1289,0,40,2,0,2,1,2,37,8
385885,0,1289,0,40,2,0,2,1,2,53,8
385893,0,1289,0,40,3,0,2,1,2,28,8
385901,0,1289,0,40,3,0,2,1,2,22,8
385909,0,1289,0,40,2,0,2,1,2,20,8
385917,0,1289,0,40,3,0,2,1,2,36,8
385925,0,1289,0,40,3,0,2,1,2,20,8
385933,0,1289,0,40,2,0,2,1,2,36,8
385941,0,1289,0,40,3,0,2,1,2,26,8
385949,0,1289,0,40,2,0,2,1,2,36,8
385957,0,1289,0,40,2,0,2,1,2,90,8
385965,0,1289,0,40,2,0,2,1,2,25,8
385973,0,1289,0,40,3,0,2,1,2,52,8
385981,0,1289,0,40,3,0,2,1,2,41,8
385989,0,1289,0,40,2,0,2,1,2,56,8
385997,0,1289,0,40,3,0,2,1,2,37,8
386005,0,1289,0,40,3,0,2,1,2,35,8
386013,0,1289,0,40,3,0,2,1,2,23,8
386021,0,1289,0,40,3,0,2,1,2,70,8
386029,0,1289,0,40,3,0,2,1,2,43,8
386037,0,1289,0,40,3,0,2,1,2,30,8
386045,0,1289,0,40,3,0,2,1,2,56,8
386053,0,1289,0,40,3,0,2,1,2,14,8
386061,0,1289,0,40,2,0,2,1,2,61,8
386069,0,1289,0,40,3,0,2,1,2,36,8
386077,0,1289,0,40,2,0,2,1,2,23,8
386085,0,1289,0,40,3,0,2,1,2,86,8
386093,0,1289,0,40,2,0,2,1,2,48,8
386101,0,1289,0,40,3,0,2,1,2,67,8
386109,0,1289,0,40,2,0,2,1,2,30,8
386117,0,1289,0,40,2,0,2,1,2,40,8
386125,0,1289,0,40,3,0,2,1,2,7,8
386133,0,1289,0,40,3,0,2,1,2,36,8
386141,0,1289,0,40,3,0,2,1,2,82,8
386149,0,1289,0,40,2,0,2,1,2,35,8
386157,0,1289,0,40,2,0,2,1,2,92,8
386165,0,1289,0,40,3,0,2,1,2,35,8
386173,0,1289,0,40,3,0,2,1,2,57,8
386180,0,1289,0,40,3,0,2,1,2,32,8
386184,0,1289,0,40,2,0,2,1,2,52,8
386188,0,1289,0,40,2,0,2,1,2,63,8
386192,0,1289,0,40,2,0,2,1,2,76,8
386196,0,1289,0,40,2,0,2,1,2,52,8
386200,0,1289,0,40,3,0,2,1,2,54,8
386204,0,1289,0,40,3,0,2,1,2,35,8
386208,0,1289,0,40,3,0,2,1,2,39,8
386212,0,1289,0,40,3,0,2,1,2,64,8
386216,0,1289,0,40,2,0,2,1,2,24,8
386220,0,1289,0,40,2,0,2,1,2,47,8
386224,0,1289,0,40,2,0,2,1,2,63,8
386228,0,1289,0,40,3,0,2,1,2,38,8
386232,0,1289,0,40,2,0,2,1,2,51,8
386236,0,1289,0,40,3,0,2,1,2,18,8
386240,0,1289,0,40,2,0,2,1,2,40,8
386244,0,1289,0,40,3,0,2,1,2,25,8
386248,0,1289,0,40,2,0,2,1,2,95,8
386252,0,1289,0,40,3,0,2,1,2,36,8
386256,0,1289,0,40,2,0,2,1,2,69,8
386260,0,1289,0,40,3,0,2,1,2,38,8
386264,0,1289,0,40,2,0,2,1,2,33,8
386268,0,1289,0,40,2,0,2,1,2,38,8
386272,0,1289,0,40,2,0,2,1,2,20,8
386276,0,1289,0,40,3,0,2,1,2,17,8
386280,0,1289,0,40,2,0,2,1,2,37,8
386284,0,1289,0,40,2,0,2,1,2,58,8
386288,0,1289,0,40,3,0,2,1,2,50,8
386292,0,1289,0,40,2,0,2,1,2,26,8
386296,0,1289,0,40,3,0,2,1,2,33,8
386300,0,1289,0,40,3,0,2,1,2,49,8
386304,0,1289,0,40,3,0,2,1,2,33,8
386308,0,1289,0,40,2,0,2,1,2,13,8
386312,0,1289,0,40,2,0,2,1,2,51,8
386316,0,1289,0,40,2,0,2,1,2,38,8
386320,0,1289,0,40,2,0,2,1,2,24,8
386324,0,1289,0,40,3,0,2,1,2,75,8
386328,0,1289,0,40,3,0,2,1,2,47,8
386332,0,1289,0,40,2,0,2,1,2,48,8
386336,0,1289,0,40,3,0,2,1,2,45,8
386340,0,1289,0,40,3,0,2,1,2,60,8
386344,0,1289,0,40,2,0,2,1,2,39,8
386348,0,1289,0,40,2,0,2,1,2,46,8
386352,0,1289,0,40,2,0,2,1,2,31,8
386356,0,1289,0,40,3,0,2,1,2,28,8
386360,0,1289,0,40,3,0,2,1,2,77,8
386364,0,1289,0,40,3,0,2,1,2,21,8
386368,0,1289,0,40,2,0,2,1,2,47,8
386372,0,1289,0,40,2,0,2,1,2,23,8
386376,0,1289,0,40,2,0,2,1,2,18,8
386380,0,1289,0,40,3,0,2,1,2,24,8
386384,0,1289,0,40,2,0,2,1,2,34,8
386388,0,1289,0,40,2,0,2,1,2,23,8
386392,0,1289,0,40,3,0,2,1,2,31,8
386396,0,1289,0,40,3,0,2,1,2,59,8
386400,0,1289,0,40,2,0,2,1,2,80,8
386404,0,1289,0,40,3,0,2,1,2,48,8
386408,0,1289,0,40,3,0,2,1,2,32,8
386412,0,1289,0,40,3,0,2,1,2,34,8
386416,0,1289,0,40,3,0,2,1,2,57,8
386420,0,1289,0,40,3,0,2,1,2,66,8
386424,0,1289,0,40,2,0,2,1,2,53,8
386428,0,1289,0,40,2,0,2,1,2,48,8
386432,0,1289,0,40,2,0,2,1,2,38,8
386436,0,1289,0,40,2,0,2,1,2,27,8
386440,0,1289,0,40,3,0,2,1,2,35,8
386444,0,1289,0,40,3,0,2,1,2,36,8
386448,0,1289,0,40,3,0,2,1,2,19,8
386452,0,1289,0,40,2,0,2,1,2,54,8
386456,0,1289,0,40,2,0,2,1,2,21,8
386460,0,1289,0,40,2,0,2,1,2,37,8
386464,0,1289,0,40,3,0,2,1,2,53,8
386468,0,1289,0,40,2,0,2,1,2,53,8
386472,0,1289,0,40,3,0,2,1,2,37,8
386476,0,1289,0,40,2,0,2,1,2,84,8
386480,0,1289,0,40,3,0,2,1,2,45,8
386484,0,1289,0,40,2,0,2,1,2,34,8
386488,0,1289,0,40,2,0,2,1,2,37,8
386492,0,1289,0,40,2,0,2,1,2,64,8
386496,0,1289,0,40,2,0,2,1,2,38,8
386500,0,1289,0,40,3,0,2,1,2,50,8
386504,0,1289,0,40,3,0,2,1,2,92,8
386508,0,1289,0,40,2,0,2,1,2,36,8
386512,0,1289,0,40,3,0,2,1,2,66,8
386516,0,1289,0,40,2,0,2,1,2,44,8
386520,0,1289,0,40,2,0,2,1,2,17,8
386524,0,1289,0,40,2,0,2,1,2,32,8
386528,0,1289,0,40,3,0,2,1,2,83,8
386532,0,1289,0,40,2,0,2,1,2,25,8
386536,0,1289,0,40,3,0,2,1,2,31,8
386540,0,1289,0,40,2,0,2,1,2,20,8
386544,0,1289,0,40,2,0,2,1,2,52,8
386548,0,1289,0,40,2,0,2,1,2,63,8
386552,0,1289,0,40,2,0,2,1,2,30,8
386556,0,1289,0,40,3,0,2,1,2,71,8
386560,0,1289,0,40,3,0,2,1,2,51,8
386564,0,1289,0,40,2,0,2,1,2,40,8
386568,0,1289,0,40,3,0,2,1,2,36,8
386572,0,1289,0,40,3,0,2,1,2,30,8
386576,0,1289,0,40,3,0,2,1,2,73,8
386580,0,1289,0,40,3,0,2,1,2,28,8
386584,0,1289,0,40,2,0,2,1,2,94,8
386588,0,1289,0,40,3,0,2,1,2,79,8
386592,0,1289,0,40,2,0,2,1,2,21,8
386596,0,1289,0,40,3,0,2,1,2,58,8
386600,0,1289,0,40,2,0,2,1,2,26,8
386604,0,1289,0,40,2,0,2,1,2,18,8
386608,0,1289,0,40,2,0,2,1,2,38,8
386612,0,1289,0,40,2,0,2,1,2,37,8
386616,0,1289,0,40,3,0,2,1,2,27,8
386620,0,1289,0,40,3,0,2,1,2,84,8
386624,0,1289,0,40,2,0,2,1,2,75,8
386628,0,1289,0,40,2,0,2,1,2,17,8
386632,0,1289,0,40,2,0,2,1,2,41,8
386636,0,1289,0,40,3,0,2,1,2,40,8
386640,0,1289,0,40,3,0,2,1,2,32,8
386644,0,1289,0,40,3,0,2,1,2,54,8
386648,0,1289,0,40,2,0,2,1,2,40,8
386652,0,1289,0,40,2,0,2,1,2,59,8
386656,0,1289,0,40,2,0,2,1,2,33,8
386660,0,1289,0,40,2,0,2,1,2,79,8
386664,0,1289,0,40,3,0,2,1,2,32,8
386668,0,1289,0,40,3,0,2,1,2,67,8
386672,0,1289,0,40,3,0,2,1,2,77,8
386676,0,1289,0,40,2,0,2,1,2,29,8
386680,0,1289,0,40,2,0,2,1,2,46,8
386684,0,1289,0,40,3,0,2,1,2,53,8
386688,0,1289,0,40,2,0,2,1,2,33,8
386692,0,1289,0,40,3,0,2,1,2,42,8
386696,0,1289,0,40,3,0,2,1,2,52,8
386700,0,1289,0,40,2,0,2,1,2,29,8
386704,0,1289,0,40,2,0,2,1,2,26,8
386708,0,1289,0,40,3,0,2,1,2,65,8
386712,0,1289,0,40,2,0,2,1,2,55,8
386716,0,1289,0,40,2,0,2,1,2,26,8
386720,0,1289,0,40,2,0,2,1,2,35,8
386724,0,1289,0,40,3,0,2,1,2,51,8
386728,0,1289,0,40,2,0,2,1,2,35,8
386732,0,1289,0,40,2,0,2,1,2,86,8
386736,0,1289,0,40,3,0,2,1,2,35,8
386740,0,1289,0,40,3,0,2,1,2,61,8
386744,0,1289,0,40,3,0,2,1,2,42,8
386748,0,1289,0,40,2,0,2,1,2,29,8
386752,0,1289,0,40,2,0,2,1,2,43,8
386756,0,1289,0,40,3,0,2,1,2,39,8
386760,0,1289,0,40,2,0,2,1,2,36,8
386764,0,1289,0,40,2,0,2,1,2,37,8
386768,0,1289,0,40,3,0,2,1,2,47,8
386772,0,1289,0,40,2,0,2,1,2,16,8
386776,0,1289,0,40,2,0,2,1,2,25,8
386780,0,1289,0,40,3,0,2,1,2,89,8
386784,0,1289,0,40,2,0,2,1,2,79,8
386788,0,1289,0,40,2,0,2,1,2,62,8
386790,0,1289,0,40,3,0,2,1,2,31,8
386792,0,1289,0,40,2,0,2,1,2,70,8
386794,0,1289,0,40,2,0,2,1,2,19,8
386796,0,1289,0,40,3,0,2,1,2,55,8
386798,0,1289,0,40,2,0,2,1,2,64,8
386800,0,1289,0,40,3,0,2,1,2,39,8
386802,0,1289,0,40,2,0,2,1,2,73,8
386804,0,1289,0,40,3,0,2,1,2,43,8
386806,0,1289,0,40,2,0,2,1,2,41,8
386808,0,1289,0,40,2,0,2,1,2,52,8
386810,0,1289,0,40,3,0,2,1,2,37,8
386812,0,1289,0,40,2,0,2,1,2,31,8
386814,0,1289,0,40,3,0,2,1,2,80,8
386816,0,1289,0,40,2,0,2,1,2,70,8
386818,0,1289,0,40,2,0,2,1,2,10,8
386820,0,1289,0,40,3,0,2,1,2,47,8
386822,0,1289,0,40,3,0,2,1,2,53,8
386824,0,1289,0,40,3,0,2,1,2,22,8
386826,0,1289,0,40,3,0,2,1,2,40,8
386828,0,1289,0,40,2,0,2,1,2,39,8
386830,0,1289,0,40,2,0,2,1,2,48,8
386832,0,1289,0,40,3,0,2,1,2,44,8
386834,0,1289,0,40,2,0,2,1,2,93,8
386836,0,1289,0,40,3,0,2,1,2,61,8
386838,0,1289,0,40,3,0,2,1,2,29,8
386840,0,1289,0,40,3,0,2,1,2,53,8
386842,0,1289,0,40,3,0,2,1,2,37,8
386844,0,1289,0,40,2,0,2,1,2,52,8
386846,0,1289,0,40,3,0,2,1,2,60,8
386848,0,1289,0,40,2,0,2,1,2,44,8
386850,0,1289,0,40,3,0,2,1,2,39,8
386852,0,1289,0,40,2,0,2,1,2,42,8
386854,0,1289,0,40,3,0,2,1,2,39,8
386856,0,1289,0,40,3,0,2,1,2,109,8
386858,0,1289,0,40,2,0,2,1,2,33,8
386860,0,1289,0,40,2,0,2,1,2,27,8
386862,0,1289,0,40,3,0,2,1,2,72,8
386864,0,1289,0,40,2,0,2,1,2,10,8
386866,0,1289,0,40,2,0,2,1,2,42,8
386868,0,1289,0,40,2,0,2,1,2,41,8
386870,0,1289,0,40,3,0,2,1,2,27,8
386872,0,1289,0,40,3,0,2,1,2,31,8
386874,0,1289,0,40,3,0,2,1,2,61,8
386876,0,1289,0,40,2,0,2,1,2,55,8
386878,0,1289,0,40,2,0,2,1,2,29,8
386880,0,1289,0,40,2,0,2,1,2,33,8
386882,0,1289,0,40,3,0,2,1,2,42,8
386884,0,1289,0,40,2,0,2,1,2,32,8
386886,0,1289,0,40,3,0,2,1,2,81,8
386888,0,1289,0,40,2,0,2,1,2,129,8
386890,0,1289,0,40,2,0,2,1,2,37,8
386892,0,1289,0,40,3,0,2,1,2,69,8
386894,0,1289,0,40,3,0,2,1,2,57,8
386896,0,1289,0,40,2,0,2,1,2,64,8
386898,0,1289,0,40,2,0,2,1,2,20,8
386900,0,1289,0,40,2,0,2,1,2,23,8
386902,0,1289,0,40,3,0,2,1,2,14,8
386904,0,1289,0,40,3,0,2,1,2,36,8
386906,0,1289,0,40,2,0,2,1,2,65,8
386908,0,1289,0,40,2,0,2,1,2,49,8
386910,0,1289,0,40,3,0,2,1,2,31,8
386912,0,1289,0,40,2,0,2,1,2,68,8
386914,0,1289,0,40,3,0,2,1,2,44,8
386916,0,1289,0,40,2,0,2,1,2,38,8
386918,0,1289,0,40,2,0,2,1,2,70,8
386920,0,1289,0,40,3,0,2,1,2,31,8
386922,0,1289,0,40,3,0,2,1,2,6,8
386924,0,1289,0,40,3,0,2,1,2,72,8
386926,0,1289,0,40,2,0,2,1,2,35,8
386928,0,1289,0,40,3,0,2,1,2,29,8
386930,0,1289,0,40,2,0,2,1,2,61,8
386932,0,1289,0,40,3,0,2,1,2,33,8
386934,0,1289,0,40,2,0,2,1,2,31,8
386936,0,1289,0,40,3,0,2,1,2,29,8
386938,0,1289,0,40,2,0,2,1,2,33,8
386940,0,1289,0,40,3,0,2,1,2,62,8
386942,0,1289,0,40,2,0,2,1,2,56,8
386944,0,1289,0,40,3,0,2,1,2,31,8
386946,0,1289,0,40,3,0,2,1,2,37,8
386948,0,1289,0,40,3,0,2,1,2,46,8
386950,0,1289,0,40,3,0,2,1,2,51,8
386952,0,1289,0,40,3,0,2,1,2,43,8
386954,0,1289,0,40,3,0,2,1,2,30,8
386956,0,1289,0,40,2,0,2,1,2,23,8
386958,0,1289,0,40,3,0,2,1,2,43,8
386960,0,1289,0,40,3,0,2,1,2,12,8
386962,0,1289,0,40,3,0,2,1,2,20,8
386964,0,1289,0,40,2,0,2,1,2,47,8
386966,0,1289,0,40,2,0,2,1,2,23,8
386968,0,1289,0,40,3,0,2,1,2,67,8
386970,0,1289,0,40,2,0,2,1,2,76,8
386972,0,1289,0,40,3,0,2,1,2,57,8
386974,0,1289,0,40,2,0,2,1,2,8,8
386976,0,1289,0,40,3,0,2,1,2,35,8
386978,0,1289,0,40,3,0,2,1,2,25,8
386980,0,1289,0,40,3,0,2,1,2,118,8
386982,0,1289,0,40,3,0,2,1,2,93,8
386984,0,1289,0,40,3,0,2,1,2,21,8
386986,0,1289,0,40,2,0,2,1,2,65,8
386988,0,1289,0,40,2,0,2,1,2,45,8
386990,0,1289,0,40,3,0,2,1,2,19,8
386992,0,1289,0,40,3,0,2,1,2,74,8
386994,0,1289,0,40,3,0,2,1,2,98,8
386996,0,1289,0,40,3,0,2,1,2,64,8
386998,0,1289,0,40,3,0,2,1,2,57,8
387000,0,1289,0,40,2,0,2,1,2,67,8
387002,0,1289,0,40,2,0,2,1,2,34,8
387004,0,1289,0,40,3,0,2,1,2,26,8
387006,0,1289,0,40,3,0,2,1,2,45,8
387008,0,1289,0,40,3,0,2,1,2,21,8
387010,0,1289,0,40,3,0,2,1,2,46,8
387012,0,1289,0,40,3,0,2,1,2,43,8
387014,0,1289,0,40,2,0,2,1,2,73,8
387016,0,1289,0,40,2,0,2,1,2,32,8
387018,0,1289,0,40,2,0,2,1,2,12,8
387020,0,1289,0,40,3,0,2,1,2,44,8
387022,0,1289,0,40,3,0,2,1,2,43,8
387024,0,1289,0,40,2,0,2,1,2,28,8
387026,0,1289,0,40,2,0,2,1,2,27,8
387028,0,1289,0,40,2,0,2,1,2,78,8
387030,0,1289,0,40,3,0,2,1,2,36,8
387032,0,1289,0,40,2,0,2,1,2,46,8
387034,0,1289,0,40,3,0,2,1,2,46,8
387036,0,1289,0,40,2,0,2,1,2,40,8
387038,0,1289,0,40,3,0,2,1,2,19,8
387040,0,1289,0,40,3,0,2,1,2,51,8
387042,0,1289,0,40,2,0,2,1,2,84,8
387044,0,1289,0,40,3,0,2,1,2,54,8
387046,0,1289,0,40,3,0,2,1,2,62,8
387048,0,1289,0,40,2,0,2,1,2,17,8
387050,0,1289,0,40,2,0,2,1,2,58,8
387052,0,1289,0,40,3,0,2,1,2,32,8
387054,0,1289,0,40,3,0,2,1,2,77,8
387056,0,1289,0,40,2,0,2,1,2,77,8
387058,0,1289,0,40,3,0,2,1,2,16,8
387060,0,1289,0,40,2,0,2,1,2,27,8
387062,0,1289,0,40,3,0,2,1,2,26,8
387064,0,1289,0,40,3,0,2,1,2,14,8
387066,0,1289,0,40,2,0,2,1,2,22,8
387068,0,1289,0,40,2,0,2,1,2,37,8
387070,0,1289,0,40,3,0,2,1,2,56,8
387072,0,1289,0,40,3,0,2,1,2,47,8
387074,0,1289,0,40,2,0,2,1,2,29,8
387076,0,1289,0,40,3,0,2,1,2,32,8
387078,0,1289,0,40,2,0,2,1,2,24,8
387080,0,1289,0,40,3,0,2,1,2,20,8
387082,0,1289,0,40,2,0,2,1,2,50,8
387084,0,1289,0,40,2,0,2,1,2,32,8
387086,0,1289,0,40,3,0,2,1,2,78,8
387088,0,1289,0,40,3,0,2,1,2,35,8
387090,0,1289,0,40,2,0,2,1,2,47,8
387092,0,1289,0,40,2,0,2,1,2,28,8
387094,0,1289,0,40,3,0,2,1,2,13,8
387096,0,1289,0,40,3,0,2,1,2,25,8
387098,0,1289,0,40,2,0,2,1,2,15,8
387100,0,1289,0,40,3,0,2,1,2,59,8
387102,0,1289,0,40,3,0,2,1,2,33,8
387104,0,1289,0,40,3,0,2,1,2,27,8
387106,0,1289,0,40,2,0,2,1,2,44,8
387108,0,1289,0,40,3,0,2,1,2,56,8
387110,0,1289,0,40,2,0,2,1,2,72,8
387112,0,1289,0,40,2,0,2,1,2,48,8
387114,0,1289,0,40,2,0,2,1,2,85,8
387116,0,1289,0,40,2,0,2,1,2,41,8
387118,0,1289,0,40,2,0,2,1,2,37,8
387120,0,1289,0,40,2,0,2,1,2,67,8
387122,0,1289,0,40,2,0,2,1,2,16,8
387124,0,1289,0,40,3,0,2,1,2,71,8
387126,0,1289,0,40,3,0,2,1,2,38,8
387128,0,1289,0,40,3,0,2,1,2,54,8
387130,0,1289,0,40,3,0,2,1,2,35,8
387132,0,1289,0,40,2,0,2,1,2,48,8
387134,0,1289,0,40,2,0,2,1,2,78,8
387136,0,1289,0,40,2,0,2,1,2,41,8
387138,0,1289,0,40,2,0,2,1,2,35,8
387140,0,1289,0,40,2,0,2,1,2,35,8
387142,0,1289,0,40,3,0,2,1,2,69,8
387144,0,1289,0,40,2,0,2,1,2,23,8
387146,0,1289,0,40,2,0,2,1,2,24,8
387148,0,1289,0,40,2,0,2,1,2,66,8
387150,0,1289,0,40,2,0,2,1,2,56,8
387152,0,1289,0,40,2,0,2,1,2,53,8
387154,0,1289,0,40,3,0,2,1,2,91,8
387156,0,1289,0,40,2,0,2,1,2,31,8
387158,0,1289,0,40,2,0,2,1,2,27,8
387160,0,1289,0,40,2,0,2,1,2,16,8
387162,0,1289,0,40,3,0,2,1,2,73,8
387164,0,1289,0,40,3,0,2,1,2,33,8
387166,0,1289,0,40,2,0,2,1,2,50,8
387168,0,1289,0,40,2,0,2,1,2,30,8
387170,0,1289,0,40,3,0,2,1,2,31,8
387172,0,1289,0,40,2,0,2,1,2,29,8
387174,0,1289,0,40,2,0,2,1,2,22,8
387176,0,1289,0,40,2,0,2,1,2,32,8
387178,0,1289,0,40,3,0,2,1,2,42,8
387180,0,1289,0,40,3,0,2,1,2,49,8
387182,0,1289,0,40,2,0,2,1,2,60,8
387184,0,1289,0,40,2,0,2,1,2,96,8
387186,0,1289,0,40,2,0,2,1,2,59,8
387188,0,1289,0,40,2,0,2,1,2,36,8
387190,0,1289,0,40,3,0,2,1,2,63,8
387192,0,1289,0,40,3,0,2,1,2,21,8
387194,0,1289,0,40,2,0,2,1,2,43,8
387196,0,1289,0,40,2,0,2,1,2,8,8
387198,0,1289,0,40,2,0,2,1,2,44,8
387200,0,1289,0,40,3,0,2,1,2,65,8
387202,0,1289,0,40,2,0,2,1,2,43,8
387204,0,1289,0,40,2,0,2,1,2,45,8
387206,0,1289,0,40,3,0,2,1,2,48,8
387208,0,1289,0,40,2,0,2,1,2,40,8
387210,0,1289,0,40,2,0,2,1,2,38,8
387212,0,1289,0,40,2,0,2,1,2,38,8
387214,0,1289,0,40,2,0,2,1,2,30,8
387216,0,1289,0,40,3,0,2,1,2,21,8
387218,0,1289,0,40,3,0,2,1,2,27,8
387220,0,1289,0,40,3,0,2,1,2,38,8
387222,0,1289,0,40,3,0,2,1,2,51,8
387224,0,1289,0,40,2,0,2,1,2,41,8
387226,0,1289,0,40,2,0,2,1,2,32,8
387228,0,1289,0,40,2,0,2,1,2,77,8
387230,0,1289,0,40,3,0,2,1,2,49,8
387232,0,1289,0,40,2,0,2,1,2,47,8
387234,0,1289,0,40,2,0,2,1,2,21,8
387236,0,1289,0,40,3,0,2,1,2,39,8
387238,0,1289,0,40,3,0,2,1,2,30,8
387240,0,1289,0,40,3,0,2,1,2,36,8
387242,0,1289,0,40,2,0,2,1,2,97,8
387244,0,1289,0,40,3,0,2,1,2,96,8
387246,0,1289,0,40,2,0,2,1,2,39,8
387248,0,1289,0,40,2,0,2,1,2,40,8
387250,0,1289,0,40,2,0,2,1,2,48,8
387252,0,1289,0,40,2,0,2,1,2,30,8
387254,0,1289,0,40,3,0,2,1,2,37,8
387256,0,1289,0,40,2,0,2,1,2,47,8
387258,0,1289,0,40,3,0,2,1,2,24,8
387260,0,1289,0,40,2,0,2,1,2,45,8
387262,0,1289,0,40,3,0,2,1,2,51,8
387264,0,1289,0,40,3,0,2,1,2,42,8
387266,0,1289,0,40,3,0,2,1,2,20,8
387268,0,1289,0,40,3,0,2,1,2,58,8
387270,0,1289,0,40,2,0,2,1,2,48,8
387272,0,1289,0,40,2,0,2,1,2,45,8
387274,0,1289,0,40,3,0,2,1,2,53,8
387276,0,1289,0,40,3,0,2,1,2,52,8
387278,0,1289,0,40,3,0,2,1,2,40,8
387280,0,1289,0,40,3,0,2,1,2,64,8
387282,0,1289,0,40,2,0,2,1,2,46,8
387284,0,1289,0,40,3,0,2,1,2,42,8
387286,0,1289,0,40,3,0,2,1,2,30,8
387288,0,1289,0,40,3,0,2,1,2,49,8
387290,0,1289,0,40,2,0,2,1,2,24,8
387292,0,1289,0,40,3,0,2,1,2,32,8
387294,0,1289,0,40,3,0,2,1,2,76,8
387296,0,1289,0,40,3,0,2,1,2,28,8
387298,0,1289,0,40,2,0,2,1,2,47,8
387300,0,1289,0,40,3,0,2,1,2,18,8
387302,0,1289,0,40,2,0,2,1,2,25,8
387304,0,1289,0,40,2,0,2,1,2,49,8
387306,0,1289,0,40,3,0,2,1,2,27,8
387308,0,1289,0,40,2,0,2,1,2,41,8
